1 1.19763e-11 1.70464e-10 -5.55111e-17 1.19763e-11 1 3.5625e-10 0 1.70464e-10 3.5625e-10 1 2.22045e-16 
0.999998 -0.00210725 -0.000515154 -0.0333187 0.00210803 0.999997 0.0015215 -0.0326765 0.000511946 -0.00152258 0.999999 2.62655 
0.999995 -0.00322221 -5.13137e-05 -0.0570212 0.00322223 0.999995 0.000453957 -0.0693231 4.98506e-05 -0.00045412 1 5.26627 
0.999989 -0.0047463 3.18012e-05 -0.0631218 0.0047462 0.999986 0.00249899 -0.107579 -4.36616e-05 -0.00249881 0.999997 7.91601 
0.999993 -0.00348275 -0.00103797 -0.0566823 0.00348406 0.999993 0.00126027 -0.155471 0.00103357 -0.00126388 0.999999 10.5762 
0.999996 0.00183575 -0.00230536 -0.0713201 -0.00184037 0.999996 -0.00200573 -0.189382 0.00230167 0.00200997 0.999995 13.2411 
0.999989 0.00419077 -0.00200286 -0.116293 -0.00419322 0.99999 -0.00121935 -0.237164 0.00199774 0.00122774 0.999997 15.9251 
0.999999 -0.00108146 -0.0011042 -0.124202 0.00108442 0.999996 0.00268226 -0.271997 0.0011013 -0.00268346 0.999996 18.6322 
0.999989 -0.00441513 -0.00140593 -0.130346 0.00441269 0.999989 -0.00172853 -0.30702 0.00141355 0.00172231 0.999998 21.336 
0.999996 0.00264656 0.000999741 -0.171659 -0.00264523 0.999996 -0.00132666 -0.353117 -0.00100325 0.00132401 0.999999 24.0676 
0.999995 0.00239017 0.00188849 -0.13674 -0.00239806 0.999988 0.00418796 -0.401227 -0.00187845 -0.00419247 0.999989 26.8257 
0.999997 0.000569954 0.00226581 -0.134355 -0.000574264 0.999998 0.00190204 -0.415935 -0.00226472 -0.00190333 0.999996 28.2002 
0.999998 -0.000506252 0.0021259 -0.138527 0.00050729 1 -0.000487824 -0.433499 -0.00212565 0.000488901 0.999998 29.5753 
0.999983 0.00313601 0.00488306 -0.2246 -0.00311877 0.999989 -0.00353283 -0.480914 -0.00489409 0.00351754 0.999982 32.3444 
0.999969 0.00584871 0.00527777 -0.22745 -0.00582033 0.999969 -0.00537686 -0.528719 -0.00530905 0.00534598 0.999972 35.1228 
0.999963 0.00690995 0.00517398 -0.260529 -0.00689638 0.999973 -0.00263612 -0.568462 -0.00519206 0.00260034 0.999983 37.9232 
0.999901 0.0128178 0.00587319 -0.260623 -0.0127999 0.999913 -0.00307096 -0.614465 -0.00591205 0.00299548 0.999978 40.7195 
0.999871 0.0153732 0.00456206 -0.25293 -0.015361 0.999878 -0.00269273 -0.663562 -0.0046029 0.00262231 0.999986 43.5214 
0.999913 0.0127685 0.00332918 -0.27336 -0.0127575 0.999913 -0.00330504 -0.711128 -0.00337109 0.00326228 0.999989 46.3383 
0.999923 0.0124146 0.000750912 -0.242143 -0.0124133 0.999922 -0.0016707 -0.774052 -0.000771594 0.00166124 0.999998 49.1732 
0.999934 0.011436 -0.0013605 -0.289784 -0.0114381 0.999933 -0.00158368 -0.794896 0.0013423 0.00159914 0.999998 52.0245 
0.999955 0.00887761 -0.00320058 -0.341359 -0.00887681 0.999961 0.000266473 -0.838944 0.00320282 -0.00023805 0.999995 54.8804 
0.999978 0.00535558 -0.00396514 -0.365989 -0.00535648 0.999986 -0.000217991 -0.882323 0.00396392 0.000239225 0.999992 57.738 
0.999976 0.00553494 -0.00412372 -0.346696 -0.00553422 0.999985 0.000186976 -0.920284 0.00412469 -0.00016415 0.999991 59.1663 
0.999993 0.00161755 -0.00338981 -0.395226 -0.00161195 0.999997 0.00165404 -0.966201 0.00339248 -0.00164857 0.999993 62.0218 
0.999992 -0.00297629 -0.00280083 -0.421061 0.00297764 0.999995 0.000479007 -1.00394 0.00279939 -0.000487343 0.999996 64.8628 
0.999999 -0.00108994 -0.00119685 -0.450494 0.0010896 0.999999 -0.000279524 -1.03747 0.00119716 0.00027822 0.999999 67.6901 
0.999991 0.00429689 0.000125573 -0.514408 -0.00429718 0.999988 0.0023439 -1.07582 -0.0001155 -0.00234441 0.999997 70.5098 
0.99992 0.0125442 0.00132362 -0.531933 -0.0125473 0.999918 0.00238238 -1.12153 -0.00129362 -0.00239879 0.999996 73.3216 
0.999815 0.0189827 0.00315086 -0.556458 -0.0189869 0.999819 0.0013037 -1.16513 -0.00312554 -0.00136329 0.999994 76.1264 
0.999871 0.0154834 0.00431379 -0.643869 -0.0154895 0.999879 0.00139644 -1.18918 -0.00429164 -0.00146308 0.99999 78.8999 
0.999904 0.0131815 0.0042402 -0.656332 -0.0131838 0.999913 0.00050975 -1.23523 -0.00423311 -0.000565603 0.999991 81.6868 
0.999907 0.0132735 0.00300051 -0.638785 -0.0132746 0.999912 0.000337079 -1.29484 -0.00299577 -0.000376879 0.999995 84.4595 
0.999899 0.0141386 0.00108512 -0.621393 -0.0141402 0.999899 0.00145295 -1.35026 -0.00106447 -0.00146815 0.999998 87.2277 
0.999954 0.00953473 -0.000409374 -0.660486 -0.00953344 0.99995 0.00304778 -1.39479 0.000438414 -0.00304374 0.999995 89.9801 
0.999976 0.00681146 -0.00158374 -0.662924 -0.00680725 0.999973 0.00265006 -1.44164 0.00160174 -0.00263921 0.999995 92.7199 
0.999981 0.00543449 -0.00306953 -0.647196 -0.00543044 0.999984 0.00132867 -1.48187 0.00307671 -0.00131198 0.999994 95.439 
0.999975 0.00625189 -0.00342053 -0.652709 -0.00625232 0.99998 -0.000114045 -1.53192 0.00341975 0.000135428 0.999994 98.1428 
0.999962 0.00810961 -0.00310316 -0.6846 -0.00810569 0.999966 0.00127585 -1.57883 0.0031134 -0.00125065 0.999994 100.841 
0.999936 0.0112085 -0.00148158 -0.724577 -0.0112067 0.999936 0.00120697 -1.62779 0.00149502 -0.00119029 0.999998 103.523 
0.999956 0.00936201 -0.000368094 -0.803903 -0.00936274 0.999954 -0.00203144 -1.67073 0.000349059 0.00203479 0.999998 106.2 
0.999969 0.00781852 0.00122014 -0.819966 -0.00781947 0.999969 0.000776095 -1.71014 -0.00121403 -0.000785612 0.999999 108.887 
0.999987 0.00393656 0.00309471 -0.873074 -0.00393649 0.999992 -2.68789e-05 -1.75076 -0.00309479 1.46963e-05 0.999995 111.561 
0.99995 0.00837245 0.00543915 -0.889321 -0.0083488 0.999956 -0.00435645 -1.8213 -0.00547538 0.00431083 0.999976 114.215 
0.999934 0.00963182 0.00629054 -0.830669 -0.00961482 0.99995 -0.00272684 -1.8635 -0.00631649 0.00266617 0.999976 116.867 
0.999951 0.00728279 0.00665914 -0.766617 -0.00728206 0.999973 -0.00013279 -1.91649 -0.00665993 8.42916e-05 0.999978 119.53 
0.999918 0.00881583 0.00925483 -0.789182 -0.00880418 0.99996 -0.00129856 -1.96699 -0.00926591 0.00121697 0.999956 122.229 
0.99987 0.011369 0.0114432 -0.781838 -0.01134 0.999932 -0.00260159 -2.02712 -0.011472 0.00247148 0.999931 124.94 
0.999852 0.0116277 0.0127009 -0.726872 -0.0115748 0.999924 -0.00422841 -2.07306 -0.0127491 0.00408077 0.99991 127.645 
0.99988 0.00819603 0.0131706 -0.665635 -0.00816551 0.999964 -0.00236944 -2.1269 -0.0131896 0.00226161 0.99991 130.34 
0.9999 0.00517388 0.013126 -0.624099 -0.00515007 0.999985 -0.00184718 -2.17387 -0.0131353 0.0017794 0.999912 133.04 
0.999885 0.00519305 0.0142165 -0.661234 -0.00517365 0.999986 -0.0014011 -2.2262 -0.0142236 0.00132739 0.999898 135.735 
0.999889 0.00418214 0.014318 -0.708529 -0.00418013 0.999991 -0.000170521 -2.28203 -0.0143186 0.000110651 0.999897 138.426 
0.999909 0.00420864 0.0127896 -0.672971 -0.00420701 0.999991 -0.000154136 -2.33041 -0.0127901 0.000100316 0.999918 141.128 
0.999927 0.00482069 0.0111034 -0.654502 -0.00480868 0.999988 -0.00110758 -2.38378 -0.0111086 0.00105411 0.999938 143.829 
0.999957 -0.00439138 0.00812443 -0.623519 0.0044251 0.999982 -0.00413708 -2.42719 -0.00810612 0.00417285 0.999958 146.521 
0.999837 -0.0171467 0.0056881 -0.570647 0.0171482 0.999853 -0.000214906 -2.48122 -0.00568358 0.000312411 0.999984 149.225 
0.999833 -0.0174742 0.00526935 -0.5395 0.0175096 0.999824 -0.00675205 -2.54426 -0.00515043 0.00684319 0.999963 151.913 
0.999849 -0.0154085 0.00798201 -0.577017 0.015479 0.999841 -0.00883922 -2.61343 -0.00784455 0.00896144 0.999929 154.609 
0.999683 -0.023394 0.00931475 -0.553776 0.023417 0.999723 -0.00237545 -2.68108 -0.0092566 0.00259282 0.999954 157.31 
0.999592 -0.0269572 0.00943953 -0.471797 0.0269709 0.999635 -0.00132738 -2.74205 -0.0094003 0.00158143 0.999955 160.001 
0.999703 -0.0217214 0.0110637 -0.445186 0.0217379 0.999763 -0.00137127 -2.7934 -0.0110313 0.00161136 0.999938 162.698 
0.999774 -0.0176294 0.0119199 -0.433758 0.017673 0.999837 -0.00355944 -2.818 -0.0118552 0.0037693 0.999923 164.049 
0.999784 -0.0119672 0.0169756 -0.518964 0.0120128 0.999925 -0.00258556 -2.87755 -0.0169434 0.00278892 0.999853 166.748 
0.999846 -0.00711965 0.0160414 -0.474001 0.00721585 0.999956 -0.0059473 -2.91931 -0.0159983 0.00606213 0.999854 169.468 
0.999903 -0.00165096 0.0138365 -0.425666 0.00179508 0.999944 -0.0104095 -2.95403 -0.0138185 0.0104333 0.99985 172.18 
0.999879 0.00544578 0.0146032 -0.437113 -0.00534075 0.99996 -0.00722146 -3.0314 -0.014642 0.00714259 0.999867 174.918 
0.99992 -0.000221764 0.0126152 -0.399111 0.000283137 0.999988 -0.00486336 -3.03607 -0.012614 0.00486655 0.999909 177.665 
0.999968 -0.00161825 0.00789442 -0.296417 0.00168972 0.999958 -0.0090545 -3.12489 -0.00787944 0.00906754 0.999928 180.387 
0.999972 0.00523197 0.00543755 -0.251001 -0.00515597 0.99989 -0.0138979 -3.19997 -0.00550966 0.0138695 0.999889 183.149 
0.999959 0.00795867 0.00431879 -0.250982 -0.00791556 0.99992 -0.00990885 -3.25143 -0.0043973 0.00987426 0.999942 185.931 
0.999967 0.00753254 0.00293494 -0.19413 -0.00751068 0.999945 -0.00738724 -3.31221 -0.00299043 0.00736495 0.999968 188.724 
0.999992 0.00234333 0.00328415 -0.236526 -0.00232277 0.999978 -0.00624887 -3.36725 -0.00329872 0.00624119 0.999975 191.537 
0.999985 -0.00352321 0.0041669 -0.241568 0.00354493 0.99998 -0.00521531 -3.42039 -0.00414845 0.00523 0.999978 194.36 
0.999931 -0.00979382 0.00641401 -0.305215 0.00981967 0.999944 -0.00401186 -3.47418 -0.00637436 0.00407457 0.999971 197.203 
0.999969 0.000222083 0.00784095 -0.304912 -0.000118479 0.999913 -0.0132112 -3.5476 -0.0078432 0.0132099 0.999882 200.051 
0.999804 0.017352 0.00957224 -0.268908 -0.0172565 0.999801 -0.00996678 -3.61945 -0.00974328 0.00979964 0.999905 202.922 
0.999804 0.0171032 0.0099489 -0.245215 -0.0170293 0.999827 -0.00746614 -3.67511 -0.0100749 0.00729525 0.999923 205.8 
0.999891 0.0126564 0.00754587 -0.225164 -0.0125937 0.999886 -0.00829969 -3.75233 -0.00765006 0.00820376 0.999937 208.694 
0.999861 0.0151061 0.00702337 -0.19596 -0.0150454 0.99985 -0.00861432 -3.82408 -0.00715244 0.00850746 0.999938 211.614 
0.999832 0.0166682 0.0075608 -0.235408 -0.0166027 0.999825 -0.00864445 -3.88601 -0.00770357 0.00851748 0.999934 214.54 
0.999842 0.016237 0.0071766 -0.226089 -0.0161648 0.999819 -0.0100125 -3.96704 -0.00733787 0.00989488 0.999924 217.487 
0.999838 0.0164873 0.00718593 -0.254013 -0.0164145 0.999815 -0.0100708 -4.05722 -0.00735064 0.00995118 0.999923 220.447 
0.999824 0.0175878 0.00656465 -0.257006 -0.0175183 0.999792 -0.0104891 -4.13933 -0.00674777 0.0103723 0.999923 223.417 
0.999849 0.0161727 0.00630684 -0.311344 -0.0161064 0.999816 -0.0104217 -4.2142 -0.00647423 0.0103185 0.999926 226.397 
0.999894 0.0130683 0.0064697 -0.334267 -0.0129975 0.999856 -0.010875 -4.27781 -0.00661089 0.0107898 0.99992 229.387 
0.999931 0.00968709 0.00669304 -0.332235 -0.00962083 0.999905 -0.0098635 -4.34936 -0.00678795 0.00979843 0.999929 232.381 
0.999937 0.00867838 0.00717975 -0.380465 -0.00860485 0.999911 -0.0102089 -4.40334 -0.00726771 0.0101465 0.999922 235.374 
0.999916 0.0104193 0.00772876 -0.387859 -0.0103384 0.999892 -0.0104302 -4.48393 -0.00783661 0.0103495 0.999916 238.384 
0.999899 0.0107101 0.00935524 -0.39594 -0.0106363 0.999912 -0.00789641 -4.5544 -0.00943899 0.0077961 0.999925 241.407 
0.999889 0.0124106 0.00818469 -0.325681 -0.0123182 0.999861 -0.0112386 -4.63637 -0.00832303 0.0111365 0.999903 244.431 
0.999871 0.0140306 0.00778485 -0.275876 -0.0139534 0.999854 -0.00988493 -4.71781 -0.0079224 0.00977504 0.999921 247.478 
0.99987 0.01451 0.00707467 -0.277185 -0.0144417 0.999849 -0.00961436 -4.788 -0.00721311 0.00951093 0.999929 250.522 
0.999891 0.0132415 0.00655471 -0.322421 -0.013178 0.999867 -0.00963606 -4.8391 -0.00668143 0.00954863 0.999932 253.573 
0.999914 0.0114563 0.0063661 -0.330663 -0.0113959 0.99989 -0.00945135 -4.90895 -0.00647369 0.009378 0.999935 256.637 
0.999955 0.00687088 0.00654393 -0.339527 -0.00681917 0.999946 -0.00789196 -4.98701 -0.0065978 0.00784698 0.999947 259.718 
0.999981 0.000306317 0.00608857 -0.399151 -0.000249858 0.999957 -0.00927159 -5.04985 -0.00609115 0.0092699 0.999938 262.774 
0.999967 -0.00313044 0.00745696 -0.423252 0.00317345 0.999978 -0.0057633 -5.12216 -0.00743876 0.00578678 0.999956 265.852 
0.999959 -0.00168163 0.00886349 -0.417981 0.00174869 0.99997 -0.00756313 -5.20676 -0.0088505 0.00757832 0.999932 268.937 
0.999937 0.00260682 0.0109508 -0.391988 -0.00252086 0.999966 -0.00785606 -5.27744 -0.0109709 0.00782796 0.999909 272.021 
0.999905 0.00563906 0.01258 -0.374526 -0.00553168 0.999948 -0.00855464 -5.35198 -0.0126275 0.00848424 0.999884 275.112 
0.999857 0.00829202 0.0147189 -0.374724 -0.00815273 0.999922 -0.00949828 -5.43203 -0.0147965 0.00937692 0.999847 278.177 
0.999828 0.00680303 0.0172365 -0.383497 -0.00663687 0.999931 -0.00967925 -5.50575 -0.0173012 0.00956319 0.999805 281.264 
0.999765 0.00832713 0.0199969 -0.318959 -0.00816747 0.999934 -0.00805254 -5.60279 -0.0200626 0.00788733 0.999768 284.368 
0.999788 0.00662613 0.0195129 -0.261316 -0.00637996 0.9999 -0.012651 -5.68899 -0.0195947 0.0125238 0.99973 287.459 
0.999836 0.00498048 0.0174167 -0.194819 -0.00475978 0.999908 -0.0126902 -5.77601 -0.0174783 0.0126053 0.999768 290.572 
0.999867 0.00547033 0.0153556 -0.151361 -0.00525873 0.999891 -0.0137864 -5.84464 -0.0154294 0.0137038 0.999787 293.695 
0.999887 0.0050663 0.0141505 -0.126601 -0.00487833 0.9999 -0.0132863 -5.932 -0.0142164 0.0132158 0.999812 296.838 
0.999899 0.0064231 0.0127105 -0.117997 -0.00628721 0.999923 -0.0107023 -6.01717 -0.0127782 0.0106213 0.999862 300 
0.999861 0.00818506 0.014543 -0.0955375 -0.00802843 0.999909 -0.0107957 -6.1034 -0.01463 0.0106774 0.999836 303.174 
0.999876 0.00483118 0.0149812 -0.0536991 -0.00465159 0.999917 -0.0119995 -6.18552 -0.0150379 0.0119283 0.999816 306.369 
0.99987 0.00374762 0.0156936 -0.0162959 -0.00351129 0.99988 -0.0150595 -6.28049 -0.0157481 0.0150024 0.999763 309.58 
0.999925 0.00499061 0.01116 -0.0164155 -0.00481613 0.999867 -0.0156074 -6.36097 -0.0112364 0.0155524 0.999816 312.807 
0.999929 0.00460337 0.010955 0.0300005 -0.00450467 0.999949 -0.00901716 -6.4671 -0.0109959 0.00896717 0.999899 316.057 
0.999929 0.00308531 0.0115056 0.061875 -0.00297198 0.999947 -0.00985402 -6.53742 -0.0115354 0.00981913 0.999885 319.315 
0.999939 0.000675009 0.0110101 0.119206 -0.000569507 0.999954 -0.00958259 -6.62792 -0.0110161 0.00957573 0.999893 322.564 
0.999928 0.00221005 0.0117844 0.152493 -0.0020891 0.999945 -0.0102657 -6.73169 -0.0118064 0.0102403 0.999878 325.816 
0.999878 0.00400383 0.015105 0.112413 -0.00387836 0.999958 -0.0083267 -6.85513 -0.0151377 0.0082671 0.999851 329.074 
0.999838 0.00507072 0.0172805 0.0644385 -0.00493524 0.999957 -0.00787374 -6.89113 -0.0173197 0.00778718 0.99982 330.699 
0.999849 0.0055779 0.0164669 0.139171 -0.00543771 0.999949 -0.00854557 -6.99964 -0.0165137 0.00845473 0.999828 333.934 
0.999835 0.00756301 0.0165265 0.133237 -0.00739265 0.999919 -0.0103452 -7.05315 -0.0166034 0.0102213 0.99981 335.547 
0.999803 0.0103662 0.016932 0.108115 -0.0101431 0.999861 -0.0132095 -7.10168 -0.0170666 0.0130352 0.999769 337.153 
0.999772 0.0126585 0.0172232 0.0839725 -0.0124304 0.999834 -0.0132881 -7.13749 -0.0173885 0.013071 0.999763 338.76 
0.999802 0.0128855 0.0151846 0.140319 -0.0127407 0.999873 -0.00958827 -7.19221 -0.0153062 0.0093929 0.999839 340.366 
0.999801 0.0143122 0.0138646 0.166264 -0.0142115 0.999872 -0.00733461 -7.21782 -0.0139679 0.00713612 0.999877 341.983 
0.999823 0.0142569 0.0122898 0.182136 -0.0141537 0.999864 -0.0084407 -7.2676 -0.0124085 0.00826526 0.999889 343.59 
0.999867 0.0126402 0.0103382 0.198267 -0.0125368 0.999871 -0.0100065 -7.3028 -0.0104634 0.00987555 0.999896 345.19 
0.999898 0.0112948 0.00869578 0.186564 -0.011217 0.999897 -0.00894247 -7.33653 -0.00879589 0.00884402 0.999922 346.791 
0.999936 0.00867637 0.00723679 0.161527 -0.00860364 0.999913 -0.0100214 -7.3846 -0.00732311 0.00995849 0.999924 349.981 
0.999939 0.00951307 0.00566687 0.216837 -0.00944859 0.999892 -0.0112978 -7.46854 -0.00577373 0.0112436 0.99992 353.17 
0.999932 0.0105993 0.00488459 0.284992 -0.0105384 0.999869 -0.0123202 -7.56725 -0.00501453 0.0122679 0.999912 356.354 
0.99994 0.0100234 0.00431804 0.2888 -0.00996602 0.999864 -0.0131088 -7.65557 -0.00444885 0.013065 0.999905 359.534 
0.999934 0.0100749 0.00543396 0.28557 -0.00999347 0.99984 -0.0148088 -7.76835 -0.00558229 0.0147536 0.999876 362.719 
0.999945 0.00853115 0.00609211 0.267914 -0.00845105 0.999879 -0.0130548 -7.81623 -0.00620275 0.0130026 0.999896 364.316 
0.999965 0.00610819 0.00573914 0.260612 -0.00603259 0.999896 -0.0130988 -7.93076 -0.00581856 0.0130637 0.999898 367.499 
0.999913 0.0110612 0.00717727 0.268882 -0.0109706 0.999861 -0.0125533 -8.0426 -0.00731513 0.0124734 0.999895 370.701 
0.999895 0.0128528 0.00668432 0.302198 -0.012774 0.99985 -0.0116882 -8.08886 -0.00683354 0.0116016 0.999909 372.341 
0.999891 0.0131549 0.00665207 0.322407 -0.0130763 0.999846 -0.0117287 -8.1459 -0.00680534 0.0116404 0.999909 373.95 
0.999898 0.0127799 0.00640396 0.332906 -0.0126967 0.999837 -0.0128716 -8.17948 -0.00656741 0.0127889 0.999897 375.505 
0.999907 0.0122507 0.00592871 0.354434 -0.0121718 0.999839 -0.0131737 -8.22121 -0.00608915 0.0131003 0.999896 377.11 
0.999894 0.013024 0.0065332 0.343728 -0.0129339 0.999823 -0.0136593 -8.2572 -0.00670995 0.0135734 0.999885 378.715 
0.999864 0.0150773 0.00672615 0.33449 -0.0149809 0.999787 -0.0141636 -8.2888 -0.00693827 0.0140609 0.999877 380.327 
0.999831 0.0165608 0.00794756 0.283457 -0.0164506 0.99977 -0.01374 -8.32704 -0.00817328 0.013607 0.999874 381.936 
0.999812 0.0176756 0.00795945 0.300219 -0.0175573 0.999738 -0.0147042 -8.37314 -0.00821727 0.0145617 0.99986 383.557 
0.999795 0.0187444 0.00766502 0.310065 -0.0186254 0.999709 -0.0153079 -8.42323 -0.00794973 0.015162 0.999853 385.167 
0.999747 0.0210789 0.00783081 0.31582 -0.0209546 0.999658 -0.0156227 -8.47341 -0.00815745 0.0154547 0.999847 386.783 
0.999706 0.0229271 0.00787655 0.333662 -0.0228148 0.999641 -0.0140558 -8.59013 -0.00819598 0.0138719 0.99987 390.021 
0.999699 0.0229878 0.00859301 0.293396 -0.0228615 0.999633 -0.0145183 -8.67148 -0.00892361 0.0143175 0.999858 393.281 
