1 1.19763e-11 1.70464e-10 -5.55111e-17 1.19763e-11 1 3.5625e-10 0 1.70464e-10 3.5625e-10 1 2.22045e-16 
0.999999 -0.00164635 -0.00055382 0.000444833 0.00164737 0.999997 0.00185972 -0.0420332 0.000550757 -0.00186063 0.999998 2.6253 
0.999993 -0.00363535 -0.0006434 0.00277789 0.00363587 0.999993 0.000814119 -0.0848376 0.000640437 -0.000816452 1 5.26102 
0.999985 -0.00550405 -0.000416986 0.00757102 0.00550516 0.999981 0.00269445 -0.116587 0.000402148 -0.00269671 0.999996 7.90878 
0.999989 -0.00463087 -0.000860471 0.00772834 0.00463247 0.999988 0.0018671 -0.149765 0.000851814 -0.00187107 0.999998 10.5696 
0.999999 0.00154359 -0.000621867 0.00341939 -0.00154466 0.999997 -0.00172497 -0.176748 0.000619203 0.00172593 0.999998 13.2421 
0.999987 0.00518981 -0.000386943 -0.00585176 -0.00519015 0.999986 -0.000872886 -0.21776 0.000382408 0.000874883 1 15.9307 
1 -0.000899386 0.00025249 0.000482789 0.000898369 0.999992 0.00399822 -0.253748 -0.000256084 -0.00399799 0.999992 18.6347 
0.999987 -0.00511926 -0.000232036 0.00413469 0.00511913 0.999987 -0.000553928 -0.293109 0.000234869 0.000552734 1 21.3413 
0.999999 0.000142485 0.00124543 -0.00736932 -0.000141531 1 -0.000766073 -0.346812 -0.00124553 0.000765897 0.999999 24.0721 
0.999997 -0.00105089 0.00236924 -0.00506118 0.00103793 0.999985 0.00546529 -0.38714 -0.00237494 -0.00546281 0.999982 26.8203 
0.99998 -0.00593323 0.00198489 0.00528159 0.00593062 0.999981 0.00131719 -0.432898 -0.00199267 -0.00130539 0.999997 29.5701 
0.999991 -0.00286426 0.00317328 0.00682708 0.00286867 0.999995 -0.00138571 -0.485013 -0.00316929 0.0013948 0.999994 32.3353 
0.999993 -0.00102145 0.00349843 0.0101734 0.00103531 0.999992 -0.00396309 -0.543116 -0.00349435 0.00396669 0.999986 35.1108 
0.999996 -0.000188957 0.00298614 0.0151148 0.000189138 1 -6.04535e-05 -0.599901 -0.00298613 6.10187e-05 0.999996 37.9059 
0.999982 0.00505155 0.00310141 0.0194295 -0.00504983 0.999987 -0.000561303 -0.643712 -0.00310421 0.000545632 0.999995 40.7044 
0.999961 0.00830831 0.00284362 0.0213443 -0.008309 0.999965 0.000228539 -0.694132 -0.00284162 -0.000252157 0.999996 43.5186 
0.999978 0.00642624 0.00172093 0.0308604 -0.00642486 0.999979 -0.000807473 -0.739025 -0.00172609 0.000796399 0.999998 46.3413 
0.999982 0.00601056 -0.000241195 0.0335922 -0.00601037 0.999982 0.000792652 -0.783986 0.000245955 -0.000791187 1 49.1796 
0.999975 0.00663825 -0.00247948 0.0289579 -0.0066366 0.999978 0.000673997 -0.826541 0.0024839 -0.000657523 0.999997 52.0283 
0.999975 0.00549709 -0.00438741 0.0208294 -0.00548431 0.999981 0.00292109 -0.866832 0.00440338 -0.00289696 0.999986 54.8846 
0.999982 0.00171938 -0.00565444 0.0132291 -0.00170585 0.999996 0.00239685 -0.907244 0.00565854 -0.00238716 0.999981 57.7455 
0.999986 -0.000836491 -0.00530079 0.00652425 0.000854902 0.999994 0.00347204 -0.944604 0.00529785 -0.00347652 0.99998 60.6032 
0.999983 -0.00379255 -0.00448879 -0.00130824 0.00380903 0.999986 0.00366913 -0.98781 0.00447481 -0.00368616 0.999983 63.452 
0.999981 -0.00522046 -0.00335959 -0.00595393 0.00522805 0.999984 0.00225172 -1.0297 0.00334779 -0.00226924 0.999992 66.2894 
0.999998 -0.000648136 -0.00206877 -0.0193644 0.000655685 0.999993 0.00365043 -1.07607 0.00206639 -0.00365178 0.999991 69.1159 
0.999978 0.00665993 -0.000528741 -0.0351344 -0.00665692 0.999963 0.00551082 -1.11823 0.000565424 -0.00550718 0.999985 71.9398 
0.999899 0.0142169 0.000850324 -0.0467759 -0.0142207 0.999888 0.00462105 -1.15331 -0.000784532 -0.00463267 0.999989 74.7425 
0.99986 0.0166377 0.00188362 -0.0545851 -0.0166459 0.999851 0.00447234 -1.19794 -0.00180893 -0.00450307 0.999988 77.5408 
0.999897 0.0142363 0.00195937 -0.0495425 -0.0142434 0.999892 0.0036846 -1.23666 -0.0019067 -0.00371213 0.999991 80.3255 
0.999907 0.0135342 0.00144846 -0.0483881 -0.0135396 0.999901 0.00383319 -1.27868 -0.00139644 -0.00385245 0.999992 83.0972 
0.99991 0.0134348 0.000187047 -0.06072 -0.0134354 0.999903 0.0036812 -1.32024 -0.000137573 -0.00368338 0.999993 85.8656 
0.999938 0.0109306 -0.00187798 -0.0843762 -0.0109202 0.999925 0.00545859 -1.36298 0.0019375 -0.00543774 0.999983 88.6291 
0.99997 0.00680326 -0.00371164 -0.111047 -0.00677963 0.999957 0.00634212 -1.39978 0.00375462 -0.00631677 0.999973 91.3752 
0.999981 0.00428222 -0.00446849 -0.14546 -0.00425922 0.999978 0.00514399 -1.43596 0.00449042 -0.00512486 0.999977 94.1034 
0.999979 0.00473858 -0.00448741 -0.191341 -0.00472032 0.999981 0.00407044 -1.47621 0.00450661 -0.00404917 0.999982 96.8138 
0.999968 0.00706084 -0.00387695 -0.234406 -0.00704719 0.999969 0.00352491 -1.51768 0.00390172 -0.00349747 0.999986 99.5151 
0.999955 0.00883381 -0.0034583 -0.269402 -0.00881134 0.99994 0.00645962 -1.55602 0.00351515 -0.00642886 0.999973 102.205 
0.999961 0.00817387 -0.0033382 -0.305326 -0.00816552 0.999964 0.0025071 -1.59605 0.00335858 -0.00247974 0.999991 104.885 
0.99998 0.00550493 -0.00323905 -0.334309 -0.00549641 0.999981 0.00263482 -1.63843 0.00325349 -0.00261696 0.999991 107.565 
0.999997 0.00156146 -0.00170952 -0.373776 -0.0015522 0.999984 0.00540652 -1.68674 0.00171793 -0.00540385 0.999984 110.245 
0.999997 0.0025812 -0.000333754 -0.413713 -0.00258068 0.999995 0.00155683 -1.734 0.000337771 -0.00155596 0.999999 112.905 
0.999969 0.0075702 0.00216128 -0.42959 -0.00756832 0.999971 -0.000875418 -1.775 -0.00216785 0.000859034 0.999997 115.56 
0.999948 0.00907989 0.00466731 -0.433415 -0.00909732 0.999952 0.00372716 -1.81179 -0.00463325 -0.00376942 0.999982 118.227 
0.999942 0.00858716 0.00646894 -0.433415 -0.00861102 0.999956 0.00366898 -1.84632 -0.00643715 -0.00372447 0.999972 120.904 
0.999884 0.0123802 0.00884972 -0.456074 -0.0124054 0.999919 0.0027973 -1.91003 -0.00881437 -0.00290676 0.999957 123.624 
0.999838 0.014232 0.0110509 -0.464133 -0.0142455 0.999898 0.00113985 -1.96629 -0.0110336 -0.00129708 0.999938 126.337 
0.999836 0.0128646 0.01273 -0.471809 -0.0128866 0.999916 0.00164965 -2.03834 -0.0127076 -0.00181343 0.999918 129.05 
0.999844 0.0108917 0.0138962 -0.470125 -0.0109377 0.999935 0.00323538 -2.09949 -0.0138601 -0.00338687 0.999898 131.756 
0.999883 0.00714277 0.0135483 -0.465103 -0.00719965 0.999965 0.00415406 -2.16293 -0.0135182 -0.00425112 0.9999 134.461 
0.999923 0.00404864 0.0117494 -0.464495 -0.00409264 0.999985 0.00372265 -2.22631 -0.0117341 -0.00377045 0.999924 137.161 
0.999953 0.00122806 0.00965658 -0.464181 -0.00127689 0.999986 0.00505251 -2.28175 -0.00965025 -0.0050646 0.999941 139.863 
0.999975 0.000229275 0.00710214 -0.470457 -0.000261274 0.99999 0.004505 -2.34189 -0.00710104 -0.00450674 0.999965 142.562 
0.999986 -0.00177425 0.00507486 -0.478901 0.00176294 0.999996 0.00223254 -2.39502 -0.0050788 -0.00222356 0.999985 145.258 
0.999897 -0.0140957 0.00280284 -0.484415 0.0140855 0.999894 0.00360825 -2.46297 -0.00285341 -0.0035684 0.99999 147.954 
0.999686 -0.0250495 0.000133244 -0.488799 0.0250491 0.999684 0.00211337 -2.51862 -0.00018614 -0.00210937 0.999998 150.648 
0.999766 -0.0215875 0.00124882 -0.51399 0.0215919 0.99976 -0.00364513 -2.58179 -0.00116983 0.00367124 0.999993 153.337 
0.999707 -0.0240594 0.00260929 -0.518837 0.0240607 0.99971 -0.000479524 -2.64145 -0.002597 0.000542165 0.999996 156.033 
0.999428 -0.033667 0.00307072 -0.499605 0.0336562 0.999427 0.00349431 -2.68915 -0.0031866 -0.00338896 0.999989 158.732 
0.999418 -0.0339111 0.00382191 -0.484876 0.0338948 0.999416 0.0042487 -2.73678 -0.00396376 -0.00411668 0.999984 161.429 
0.99963 -0.0265435 0.00599233 -0.47678 0.0265348 0.999647 0.00151879 -2.78725 -0.00603052 -0.00135922 0.999981 164.13 
0.999739 -0.021701 0.00714542 -0.459926 0.021687 0.999763 0.00202297 -2.83556 -0.00718763 -0.00186748 0.999972 166.839 
0.999815 -0.018133 0.00643441 -0.442444 0.0181372 0.999835 -0.000594343 -2.88656 -0.00642257 0.000710936 0.999979 169.56 
0.999936 -0.00973329 0.00574025 -0.411154 0.00976101 0.999941 -0.00482071 -2.93273 -0.00569299 0.00487643 0.999972 172.284 
0.999977 -0.00182811 0.00656723 -0.37793 0.00183804 0.999997 -0.00150577 -2.98645 -0.00656446 0.00151781 0.999977 175.029 
0.999973 -0.00433959 0.00590949 -0.340531 0.00432893 0.999989 0.00181691 -3.01391 -0.00591731 -0.00179128 0.999981 177.785 
0.999971 -0.0073093 0.00217015 -0.313655 0.00731459 0.99997 -0.00243795 -3.04112 -0.00215226 0.00245375 0.999995 180.542 
0.999999 -0.00147201 7.62514e-05 -0.314056 0.00147256 0.999968 -0.00786872 -3.08816 -6.46658e-05 0.00786882 0.999969 183.31 
0.999991 0.00430353 0.000233426 -0.31413 -0.00430271 0.999985 -0.00340559 -3.13755 -0.000248078 0.00340455 0.999994 186.099 
0.99999 0.00444872 0.000733086 -0.308933 -0.00444842 0.99999 -0.000417191 -3.19394 -0.000734935 0.000413926 1 188.9 
1 0.000366725 0.000663303 -0.303004 -0.000367256 1 0.000800394 -3.25053 -0.000663009 -0.000800637 1 191.713 
0.999985 -0.00529432 0.00136956 -0.297934 0.00529189 0.999984 0.00177274 -3.31413 -0.00137892 -0.00176546 0.999997 194.54 
0.999916 -0.0128049 0.00199736 -0.295505 0.0127976 0.999911 0.00361732 -3.38456 -0.0020435 -0.00359146 0.999992 197.381 
0.999987 -0.00440476 0.00270578 -0.315003 0.00442152 0.999971 -0.00622074 -3.47136 -0.0026783 0.00623262 0.999977 200.224 
0.999899 0.0131913 0.00530312 -0.348581 -0.013178 0.99991 -0.0025273 -3.55558 -0.00533598 0.00245716 0.999983 203.095 
0.999905 0.0126263 0.00555651 -0.348136 -0.0126255 0.99992 -0.000175237 -3.60408 -0.00555828 0.000105067 0.999985 205.97 
0.99997 0.00705671 0.00326536 -0.342198 -0.00705616 0.999975 -0.000179166 -3.65089 -0.00326654 0.00015612 0.999995 208.868 
0.999957 0.00886597 0.00263987 -0.347951 -0.00886357 0.99996 -0.000918018 -3.70894 -0.0026479 0.000894581 0.999996 211.785 
0.999952 0.0095282 0.00228764 -0.357581 -0.00952806 0.999955 -7.33861e-05 -3.77806 -0.00228823 5.15866e-05 0.999997 214.714 
0.999964 0.00835921 0.00168768 -0.355981 -0.00835657 0.999964 -0.00156736 -3.83709 -0.00170072 0.0015532 0.999997 217.661 
0.999961 0.00874363 0.000893922 -0.366905 -0.00874205 0.99996 -0.00176665 -3.89969 -0.000909333 0.00175877 0.999998 220.619 
0.999951 0.0098927 0.000348035 -0.375507 -0.009892 0.999949 -0.00197663 -3.9617 -0.000367571 0.00197309 0.999998 223.589 
0.99995 0.0100381 -0.000260453 -0.378771 -0.0100387 0.999947 -0.00226492 -4.01707 0.000237704 0.00226742 0.999997 226.569 
0.999969 0.00784032 -0.000257686 -0.378661 -0.00784101 0.999965 -0.0027648 -4.07508 0.000236001 0.00276674 0.999996 229.551 
0.999987 0.00512032 0.000112845 -0.37457 -0.00512013 0.999985 -0.00166632 -4.12499 -0.000121375 0.00166572 0.999999 232.542 
0.999986 0.00533798 2.02216e-05 -0.376469 -0.00533794 0.999985 -0.00138978 -4.18633 -2.76396e-05 0.00138966 0.999999 235.539 
0.999973 0.00730076 0.000768028 -0.381494 -0.00729934 0.999972 -0.00183317 -4.25331 -0.000781389 0.00182751 0.999998 238.55 
0.999971 0.00734518 0.00193496 -0.382092 -0.00734708 0.999973 0.000972528 -4.3151 -0.00192776 -0.000986715 0.999998 241.571 
0.999967 0.00756499 0.0029504 -0.379639 -0.00755914 0.999969 -0.00198958 -4.37765 -0.00296536 0.00196721 0.999994 244.602 
0.999962 0.00810169 0.00332684 -0.372157 -0.00809975 0.999967 -0.000596884 -4.43202 -0.00333157 0.000569915 0.999994 247.648 
0.99996 0.00850582 0.00279812 -0.365894 -0.00850719 0.999964 0.000474575 -4.48706 -0.00279398 -0.000498359 0.999996 250.696 
0.999935 0.0109512 0.00304427 -0.35989 -0.0109531 0.99994 0.000596336 -4.53575 -0.00303755 -0.000629641 0.999995 253.757 
0.999946 0.0099729 0.0029445 -0.351899 -0.00997571 0.99995 0.000940638 -4.58494 -0.00293497 -0.00096996 0.999995 256.823 
0.99998 0.00564903 0.00291162 -0.340799 -0.00565737 0.99998 0.00286567 -4.6376 -0.00289537 -0.00288208 0.999992 259.9 
0.999993 0.00288747 0.00230749 -0.329134 -0.00288904 0.999996 0.000676581 -4.68655 -0.00230553 -0.000683242 0.999997 262.973 
0.999995 -0.000123414 0.00332916 -0.324905 0.000106729 0.999987 0.0050115 -4.74817 -0.00332974 -0.00501111 0.999982 266.057 
0.999989 -0.00290869 0.00375088 -0.317394 0.00289943 0.999993 0.00247246 -4.82468 -0.00375804 -0.00246155 0.99999 269.138 
0.999985 -0.000466132 0.0054798 -0.315594 0.000450953 0.999996 0.00277095 -4.90659 -0.00548107 -0.00276844 0.999981 272.219 
0.99997 0.00242459 0.00740264 -0.311231 -0.00244139 0.999994 0.0022617 -4.98763 -0.00739712 -0.0022797 0.99997 275.307 
0.999953 0.00354024 0.00902962 -0.306203 -0.00355206 0.999993 0.00129333 -5.08275 -0.00902498 -0.00132534 0.999958 278.395 
0.999939 0.00241208 0.0107745 -0.289754 -0.00242297 0.999996 0.00099742 -5.17204 -0.0107721 -0.00102346 0.999942 281.496 
0.99993 6.99498e-05 0.0118644 -0.259923 -0.000102408 0.999996 0.0027352 -5.24169 -0.0118642 -0.00273623 0.999926 284.601 
0.999932 -0.0014923 0.0115724 -0.230158 0.00151767 0.999996 -0.00218383 -5.31624 -0.0115691 0.00220125 0.999931 287.7 
0.999946 -0.00278339 0.0100214 -0.204525 0.00280163 0.999994 -0.00180698 -5.39048 -0.0100163 0.00183496 0.999948 290.81 
0.999961 -0.00241203 0.00844723 -0.182827 0.00243485 0.999993 -0.00269109 -5.46258 -0.00844069 0.00271155 0.999961 293.932 
0.999972 -0.00281961 0.00688721 -0.168171 0.00283259 0.999994 -0.00187537 -5.54265 -0.00688188 0.00189483 0.999974 297.072 
0.999984 -0.00188475 0.00529149 -0.14983 0.00188231 0.999998 0.000466143 -5.60566 -0.00529236 -0.000456174 0.999986 300.237 
0.999976 -0.000781736 0.00689487 -0.136231 0.000778236 1 0.000510269 -5.67404 -0.00689526 -0.00050489 0.999976 303.413 
0.999965 -0.00378431 0.00745307 -0.111308 0.00379043 0.999992 -0.000807868 -5.74056 -0.00744995 0.000836091 0.999972 306.609 
0.999954 -0.00568733 0.00776349 -0.0964999 0.00571638 0.999977 -0.00372565 -5.82111 -0.00774212 0.00376985 0.999963 309.819 
0.999985 -0.00422132 0.00349667 -0.0965843 0.0042361 0.999982 -0.00423198 -5.90777 -0.00347874 0.00424673 0.999985 313.045 
0.999987 -0.00371696 0.00358398 -0.107981 0.00370907 0.999991 0.00220663 -5.99069 -0.00359215 -0.00219331 0.999991 316.295 
0.999973 -0.00619482 0.00407238 -0.105842 0.00618777 0.999979 0.00174123 -6.06836 -0.00408309 -0.00171598 0.99999 319.553 
0.999966 -0.00684118 0.00460929 -0.100918 0.0068311 0.999974 0.00219832 -6.1434 -0.00462421 -0.00216676 0.999987 322.814 
0.999969 -0.00553186 0.00558256 -0.0964844 0.00552415 0.999984 0.00139507 -6.22409 -0.00559018 -0.00136418 0.999984 326.068 
0.999958 -0.00586721 0.00709604 -0.0849696 0.00585006 0.99998 0.00243587 -6.30543 -0.00711019 -0.00239425 0.999972 329.324 
0.999944 -0.00798854 0.0069226 -0.0642123 0.00797425 0.999966 0.00208908 -6.37224 -0.00693905 -0.00203376 0.999974 332.569 
0.999965 -0.00478743 0.00683332 -0.0543496 0.00478185 0.999988 0.000833257 -6.45078 -0.00683722 -0.000800552 0.999976 335.802 
0.999984 -0.00199418 0.00523412 -0.0454804 0.00200654 0.999995 -0.00235718 -6.53219 -0.00522939 0.00236765 0.999984 339.021 
0.999995 -0.000282664 0.00329943 -0.039303 0.000268431 0.999991 0.00431359 -6.60181 -0.00330061 -0.00431268 0.999985 342.246 
1 -0.000444111 0.000271657 -0.0351466 0.000443834 0.999999 0.00101749 -6.65278 -0.000272108 -0.00101737 1 345.452 
0.999992 -0.00306261 -0.00262549 -0.0370718 0.00307165 0.999989 0.00344606 -6.70815 0.00261491 -0.00345409 0.999991 348.655 
0.999987 -0.00400627 -0.00327367 -0.0526102 0.00401149 0.999991 0.00158878 -6.77306 0.00326727 -0.00160189 0.999993 351.848 
0.999984 -0.00456592 -0.00326332 -0.0750661 0.00457074 0.999988 0.00147062 -6.84356 0.00325656 -0.00148551 0.999994 355.038 
0.99998 -0.00540174 -0.003418 -0.0972999 0.00540248 0.999985 0.000206237 -6.92176 0.00341684 -0.000224698 0.999994 358.222 
0.99998 -0.00546874 -0.00326977 -0.122301 0.00546734 0.999985 -0.000439521 -6.99594 0.00327213 0.000421635 0.999995 361.404 
0.99996 -0.00834387 -0.00308417 -0.141995 0.00834334 0.999965 -0.0001831 -7.07272 0.00308559 0.000157361 0.999995 364.587 
0.999939 -0.0105576 -0.0031631 -0.166861 0.0105585 0.999944 0.000269207 -7.14688 0.00316009 -0.000302587 0.999995 367.781 
0.99997 -0.00743495 -0.00230747 -0.202919 0.00743648 0.999972 0.000654648 -7.22508 0.00230254 -0.000671787 0.999997 370.975 
0.999983 -0.00569843 -0.00143532 -0.237813 0.00569945 0.999984 0.000704659 -7.30681 0.00143128 -0.000712826 0.999999 374.225 
0.999983 -0.00571795 -0.000917867 -0.262588 0.00571764 0.999984 -0.000336816 -7.37934 0.000919778 0.000331563 1 377.387 
0.999991 -0.00418331 -0.000381357 -0.278359 0.0041832 0.999991 -0.000270587 -7.44841 0.000382486 0.00026899 1 380.607 
0.999999 -0.0017385 0.000211452 -0.296087 0.00173854 0.999999 -0.000162598 -7.52208 -0.000211169 0.000162966 1 383.841 
1 -0.000127952 0.000807379 -0.311017 0.000128479 1 -0.000652509 -7.59675 -0.000807295 0.000652613 1 387.068 
0.999996 0.00224124 0.00145239 -0.320658 -0.00224267 0.999997 0.000982551 -7.66443 -0.00145019 -0.000985804 0.999999 390.306 
0.999993 0.00292545 0.00209174 -0.32379 -0.00292642 0.999996 0.00045846 -7.73169 -0.00209039 -0.000464577 0.999998 393.558 
