1 1.19763e-11 1.70464e-10 0 1.19763e-11 1 3.5625e-10 -1.11022e-16 1.70464e-10 3.5625e-10 1 2.22045e-16 
0.999944 0.0105049 -0.000921675 -0.162623 -0.0105092 0.999933 -0.00479874 0.0320455 0.000871203 0.00480816 0.999988 2.36644 
0.999984 0.00563923 0.000353198 -0.0697475 -0.00563759 0.999974 -0.00450263 -0.0583449 -0.00037858 0.00450056 0.99999 4.70637 
0.999951 0.00866032 0.00475654 -0.0634492 -0.00862961 0.999942 -0.0064396 -0.139894 -0.00481203 0.00639824 0.999968 8.29207 
0.999973 0.00593203 0.00433432 0.0186736 -0.00591283 0.999973 -0.00443018 -0.202125 -0.00436048 0.00440443 0.999981 10.6787 
0.999979 0.00649621 -0.000845491 0.0636268 -0.00650062 0.999965 -0.00532519 -0.24809 0.000810868 0.00533057 0.999985 13.0601 
0.999945 0.0104462 -0.000735213 0.0119279 -0.0104505 0.999926 -0.00618055 -0.298579 0.000670596 0.00618789 0.999981 15.4402 
0.99996 0.00868177 -0.00224165 -0.0513436 -0.00869338 0.999949 -0.00522386 -0.347636 0.00219618 0.00524313 0.999984 17.8698 
0.999966 0.00544229 -0.00619924 -0.0610083 -0.00547377 0.999972 -0.00507276 -0.453174 0.00617146 0.00510652 0.999968 20.3502 
0.999946 0.00658265 -0.00802688 -0.0430571 -0.00662774 0.999962 -0.00560491 -0.486353 0.00798969 0.0056578 0.999952 22.7121 
0.999929 0.0067036 -0.00981682 -0.0673319 -0.00676646 0.999957 -0.00638446 -0.539275 0.0097736 0.00645043 0.999931 25.1049 
0.999906 0.00622965 -0.012186 -0.0356746 -0.00627912 0.999972 -0.00402528 -0.578498 0.0121606 0.00410142 0.999918 27.4826 
0.999867 0.00512887 -0.0154631 -0.119569 -0.00522324 0.999968 -0.0060686 -0.669521 0.0154315 0.00614857 0.999862 32.2574 
0.999838 0.00479306 -0.0173758 -0.121715 -0.00487978 0.999976 -0.00495186 -0.734179 0.0173516 0.00503585 0.999837 34.646 
0.999843 0.00534167 -0.016891 -0.250233 -0.00543081 0.999972 -0.00523604 -0.77536 0.0168625 0.00532695 0.999844 38.2582 
0.999836 0.00708578 -0.016657 -0.319008 -0.00714587 0.999968 -0.0035503 -0.856382 0.0166314 0.00366875 0.999855 41.8504 
0.999823 0.00972967 -0.0161147 -0.325223 -0.00975877 0.999951 -0.00172775 -0.90796 0.0160971 0.00188471 0.999869 44.2098 
0.999887 0.00947296 -0.0116472 -0.475327 -0.00938644 0.999928 0.00746015 -0.967343 0.011717 -0.00734998 0.999904 47.8526 
0.999955 0.00547428 -0.00771531 -0.572646 -0.00542389 0.999964 0.00653679 -1.0106 0.00775081 -0.00649465 0.999949 50.2887 
0.999958 0.006884 -0.00604906 -0.609766 -0.00685958 0.999968 0.00404848 -1.04547 0.00607673 -0.00400681 0.999974 52.6993 
0.999956 0.00726739 -0.00591314 -0.628571 -0.00725446 0.999971 0.00220555 -1.08077 0.005929 -0.00216256 0.99998 55.1047 
0.999932 0.00535705 -0.0103562 -0.674107 -0.00530939 0.999975 0.00462481 -1.1425 0.0103808 -0.00456951 0.999936 57.5209 
0.999906 0.00519223 -0.0127072 -0.671417 -0.00514224 0.999979 0.00396292 -1.16113 0.0127275 -0.00389721 0.999911 59.9112 
0.999903 0.00354587 -0.0134529 -0.729952 -0.00349969 0.999988 0.00345486 -1.20799 0.013465 -0.00340744 0.999904 62.335 
0.999906 0.00457124 -0.0129016 -0.761699 -0.0045285 0.999984 0.00334005 -1.22705 0.0129167 -0.00328131 0.999911 64.7258 
0.999905 0.00601339 -0.0123763 -0.839095 -0.00597904 0.999978 0.00281028 -1.25828 0.0123929 -0.00273601 0.999919 67.1503 
0.99986 0.00970379 -0.0136356 -0.859465 -0.00967308 0.999951 0.00231621 -1.30516 0.0136574 -0.00218399 0.999904 69.546 
0.999861 0.00883384 -0.0141094 -0.840498 -0.0087922 0.999957 0.00301046 -1.34108 0.0141353 -0.00288599 0.999896 71.734 
0.999866 0.011802 -0.0113144 -0.86097 -0.0117496 0.99992 0.00468681 -1.38393 0.0113688 -0.00455325 0.999925 74.0889 
0.999947 0.00752228 -0.00696781 -0.878228 -0.00753778 0.999969 -0.002201 -1.43376 0.00695104 0.00225341 0.999973 76.449 
0.999986 0.00475473 -0.00225576 -0.84882 -0.00475397 0.999989 0.0003416 -1.44475 0.00225736 -0.000330872 0.999997 78.7304 
0.999991 0.00236738 0.0036263 -0.840802 -0.00236794 0.999997 0.000151537 -1.49351 -0.00362593 -0.000160123 0.999993 81.0083 
0.999952 -0.00253741 0.00948455 -0.801604 0.00259648 0.999977 -0.00622139 -1.53742 -0.00946855 0.00624572 0.999936 83.3059 
0.999857 -0.00148719 0.0168629 -0.790358 0.00157816 0.999984 -0.0053828 -1.59533 -0.0168547 0.00540864 0.999843 85.6242 
0.999692 0.00252393 0.0246864 -0.753364 -0.00234972 0.999972 -0.00708347 -1.65949 -0.0247036 0.00702328 0.99967 87.9231 
0.999506 0.00265334 0.0313071 -0.7358 -0.00235428 0.999951 -0.00958546 -1.73169 -0.031331 0.00950702 0.999464 90.2189 
0.9994 0.00388922 0.0344162 -0.671147 -0.0036036 0.999959 -0.00835717 -1.76 -0.0344472 0.00822814 0.999373 91.3684 
0.999234 -0.000418331 0.0391359 -0.595384 0.000606612 0.999988 -0.00479921 -1.83737 -0.0391334 0.00481927 0.999222 93.6766 
0.999015 -0.00424703 0.0441663 -0.558614 0.00451951 0.999971 -0.00607149 -1.89575 -0.0441392 0.00626512 0.999006 95.9889 
0.998732 -0.00502002 0.0500964 -0.384482 0.00569255 0.999895 -0.0132912 -1.99133 -0.0500244 0.0135595 0.998656 99.4772 
0.998831 -0.00567362 0.0480059 -0.196905 0.00613609 0.999936 -0.00949186 -2.08495 -0.047949 0.00977534 0.998802 103.028 
0.99921 -0.00605079 0.0392788 0.0632794 0.00638917 0.999944 -0.00849495 -2.13858 -0.0392251 0.0087392 0.999192 106.574 
0.999619 -0.00536337 0.0270876 0.170341 0.00557129 0.999956 -0.00760597 -2.23322 -0.0270456 0.00775398 0.999604 110.171 
0.999792 -0.00746386 0.0189858 0.114366 0.00758129 0.999953 -0.00612052 -2.29149 -0.0189392 0.00626318 0.999801 112.593 
0.99994 -0.0063129 0.00894605 0.158592 0.00636694 0.999962 -0.00602521 -2.35041 -0.00890767 0.00608181 0.999942 115.033 
0.999983 -0.00576233 -0.00112408 0.142785 0.00575446 0.99996 -0.00688511 -2.41439 0.00116371 0.00687853 0.999976 117.478 
0.999971 -0.00238958 -0.00716317 0.156347 0.00233778 0.999971 -0.00723077 -2.4603 0.00718024 0.00721382 0.999948 119.927 
0.999944 0.0011256 -0.0105088 0.0923982 -0.00119324 0.999979 -0.00643246 -2.55036 0.0105014 0.00644464 0.999924 123.642 
0.999858 0.0108268 -0.0129515 0.134556 -0.0108457 0.99994 -0.0013906 -2.5941 0.0129357 0.00153087 0.999915 127.37 
0.99986 0.00852309 -0.014385 0.0974823 -0.00856452 0.999959 -0.00282092 -2.64299 0.0143604 0.00294373 0.999893 131.118 
0.999883 0.00366636 -0.014843 0.0283988 -0.00364287 0.999992 0.00160893 -2.70432 0.0148488 -0.00155467 0.999889 134.899 
0.999897 -0.00227405 -0.0142046 -0.021783 0.00224755 0.999996 -0.0018813 -2.7602 0.0142088 0.00184918 0.999897 138.697 
0.999914 0.00291935 -0.0127861 -0.0413236 -0.00291835 0.999996 9.66463e-05 -2.79281 0.0127863 -5.93237e-05 0.999918 141.236 
0.99993 0.00409393 -0.011097 -0.133812 -0.00411332 0.99999 -0.00172448 -2.88375 0.0110898 0.00177 0.999937 145.052 
0.999938 0.00307725 -0.0106905 -0.105129 -0.00320137 0.999927 -0.0116126 -2.97349 0.0106539 0.0116461 0.999875 148.843 
0.999937 0.00277992 -0.0109007 -0.0898037 -0.00291548 0.999918 -0.0124397 -3.01589 0.0108652 0.0124707 0.999863 150.108 
0.999926 0.00537717 -0.0109527 -0.103798 -0.00550286 0.999919 -0.0114785 -3.09084 0.0108901 0.0115379 0.999874 152.628 
0.999906 0.00689805 -0.0118707 -0.128242 -0.00701468 0.999927 -0.00981216 -3.16647 0.0118022 0.0098945 0.999881 155.155 
0.999866 0.0102734 -0.012713 -0.145691 -0.0104047 0.999893 -0.0103013 -3.22156 0.0126058 0.0104322 0.999866 157.657 
0.999837 0.0105595 -0.01466 -0.232843 -0.0107023 0.999896 -0.00969586 -3.31791 0.014556 0.00985117 0.999846 161.487 
0.999781 0.0117927 -0.0173086 -0.263352 -0.0120014 0.999856 -0.012002 -3.41027 0.0171646 0.0122071 0.999778 165.225 
0.999738 0.0130354 -0.0188275 -0.323053 -0.0132419 0.999853 -0.0108821 -3.53148 0.0186829 0.0111286 0.999764 169.015 
0.999717 0.0142937 -0.0189898 -0.39849 -0.0144939 0.99984 -0.0104473 -3.59624 0.0188374 0.0107196 0.999765 171.541 
0.999636 0.0176542 -0.0203901 -0.511362 -0.0178873 0.999776 -0.011307 -3.71105 0.0201859 0.0116676 0.999728 175.3 
0.999589 0.0182134 -0.0221405 -0.566225 -0.0184809 0.999758 -0.0119343 -3.78859 0.0219178 0.0123385 0.999684 177.83 
0.99964 0.0145263 -0.0225742 -0.604368 -0.0148341 0.999798 -0.0135252 -3.85599 0.0223732 0.0138552 0.999654 180.349 
0.999626 0.0127788 -0.0241609 -0.659213 -0.0129147 0.999902 -0.00547684 -3.93181 0.0240885 0.00578683 0.999693 182.862 
0.99962 0.0185212 -0.0204184 -0.895433 -0.0187065 0.999785 -0.00892121 -4.02862 0.0202487 0.00929978 0.999752 185.309 
0.999616 0.0204704 -0.0186797 -0.968368 -0.0206767 0.999727 -0.010921 -4.09162 0.018451 0.0113031 0.999766 187.804 
0.999773 0.0197443 -0.00806404 -1.53987 -0.0198103 0.99977 -0.00818605 -4.14227 0.00790056 0.00834394 0.999934 190.215 
0.999729 0.022437 -0.00614501 -1.52096 -0.0224873 0.999713 -0.00824464 -4.20224 0.00595826 0.00838059 0.999947 192.656 
0.99976 0.0216577 -0.00318336 -1.5694 -0.0216906 0.999707 -0.0107138 -4.30053 0.00295039 0.0107803 0.999938 195.094 
0.999781 0.0208648 -0.00170802 -1.53589 -0.0208818 0.999725 -0.0106349 -4.37221 0.00148566 0.0106683 0.999942 197.531 
0.999811 0.0192754 -0.0026086 -1.37755 -0.0192962 0.99978 -0.00819496 -4.45255 0.00245006 0.00824374 0.999963 199.929 
0.999837 0.0177004 -0.00342292 -1.22031 -0.0177272 0.999811 -0.00794917 -4.54658 0.00328157 0.00800855 0.999963 203.511 
0.999669 0.0257261 0.000228933 -1.28073 -0.0257235 0.999638 -0.00786948 -4.65222 -0.000431301 0.00786099 0.999969 206.856 
0.999711 0.0221378 0.00939073 -1.5914 -0.0220799 0.999737 -0.00622843 -4.75571 -0.00952614 0.00601929 0.999937 210.078 
0.999622 0.0260155 0.00892889 -1.53413 -0.0259334 0.999621 -0.00919248 -4.79225 -0.00916466 0.00895744 0.999918 212.243 
0.999595 0.0272174 0.00834885 -1.59817 -0.0271472 0.999596 -0.0084146 -4.92242 -0.0085745 0.00818454 0.99993 214.217 
0.999556 0.0288624 0.00737733 -1.66463 -0.0288162 0.999565 -0.00629752 -5.00794 -0.00755588 0.00608214 0.999953 216.282 
0.999505 0.0314364 0.00138728 -1.75194 -0.0314286 0.999492 -0.00529919 -5.07976 -0.00155316 0.00525296 0.999985 218.22 
0.999107 0.0415893 0.00750277 -1.95462 -0.0415344 0.99911 -0.00733399 -5.11584 -0.00780111 0.00701582 0.999945 220.135 
0.999211 0.0396811 -0.00164669 -1.87564 -0.0396915 0.999189 -0.00683653 -5.1776 0.00137408 0.0068965 0.999975 221.978 
0.999275 0.0369716 -0.00909296 -1.85444 -0.0370436 0.999283 -0.00788976 -5.23307 0.00879473 0.00822088 0.999928 223.731 
0.999145 0.036707 -0.0190308 -1.82883 -0.0368724 0.999285 -0.00841212 -5.28384 0.0187084 0.00910664 0.999784 225.402 
0.998792 0.0426211 -0.0244506 -1.89074 -0.0428081 0.999058 -0.00717465 -5.33368 0.0241218 0.00821267 0.999675 227.013 
0.998772 0.0456484 -0.0192292 -1.99929 -0.0457728 0.998933 -0.00608265 -5.37348 0.018931 0.00695536 0.999797 228.546 
0.998694 0.048036 -0.017423 -2.05837 -0.0481877 0.998803 -0.00839664 -5.41918 0.0169988 0.00922524 0.999813 230.019 
0.998674 0.0508872 -0.00782877 -2.21905 -0.0509914 0.998605 -0.0137323 -5.46906 0.00711905 0.0141132 0.999875 231.425 
0.998503 0.0546928 0.000308323 -2.31011 -0.0546826 0.998399 -0.0144554 -5.52142 -0.00109843 0.0144169 0.999895 232.858 
0.99832 0.0573575 0.00826267 -2.38137 -0.0572247 0.998241 -0.0155037 -5.55927 -0.00913739 0.0150048 0.999846 234.232 
0.99793 0.0617507 0.0179725 -2.46427 -0.0614485 0.997967 -0.0169057 -5.59244 -0.0189799 0.0157664 0.999696 235.624 
0.998495 0.0527856 0.0149022 -2.32086 -0.0525572 0.9985 -0.0153265 -5.66559 -0.0156889 0.0145202 0.999771 236.95 
0.998668 0.0491309 0.0157563 -2.21451 -0.048925 0.998715 -0.0131947 -5.74717 -0.0163843 0.0124062 0.999789 238.304 
0.998403 0.0509445 0.0244173 -2.17206 -0.0505943 0.99861 -0.0147529 -5.8202 -0.025135 0.013494 0.999593 240.366 
0.998338 0.0496733 0.0292093 -2.11087 -0.0493043 0.998696 -0.0132228 -5.88734 -0.029828 0.0117606 0.999486 242.47 
0.998121 0.051246 0.0335898 -2.066 -0.0506941 0.998568 -0.017081 -5.92728 -0.034417 0.0153461 0.99929 243.878 
0.998124 0.0503942 0.0347713 -2.02502 -0.0497457 0.998576 -0.0192714 -5.97154 -0.035693 0.0175056 0.999209 245.314 
0.99806 0.0512094 0.0354082 -1.9961 -0.0505253 0.998523 -0.0199513 -6.02489 -0.0363776 0.0181236 0.999174 246.788 
0.998128 0.0543525 0.0280377 -1.51661 -0.0538526 0.998381 -0.0182896 -6.29537 -0.0289864 0.0167455 0.99944 249.51 
0.998532 0.0480741 0.024943 -1.31604 -0.0475713 0.99866 -0.020376 -6.40585 -0.0258891 0.0191596 0.999481 251.398 
0.998418 0.0500257 0.0256788 -1.27838 -0.0496083 0.99863 -0.0166442 -6.42836 -0.0264763 0.015344 0.999532 252.144 
0.997968 0.0540843 0.0336787 -1.20868 -0.0537727 0.998502 -0.0100911 -6.47641 -0.034174 0.00825956 0.999382 254.417 
0.997535 0.0576189 0.0400482 -1.04452 -0.0568213 0.998168 -0.0207777 -6.52825 -0.041172 0.0184509 0.998982 256.738 
0.997653 0.0523632 0.0441234 -0.739161 -0.0517325 0.998544 -0.015317 -6.61731 -0.0448612 0.0129984 0.998909 259.006 
0.997334 0.0623026 0.0379997 -0.37982 -0.0616855 0.997947 -0.0172044 -6.65779 -0.0389936 0.0148145 0.99913 260.631 
0.996422 0.0712012 0.0455339 -0.343666 -0.0702887 0.997298 -0.0213388 -6.64232 -0.0469302 0.0180619 0.998735 262.133 
0.9962 0.0703853 0.0513028 -0.300805 -0.0695431 0.997416 -0.018022 -6.73498 -0.0524387 0.0143857 0.998521 263.953 
0.995969 0.070434 0.0555406 -0.221211 -0.0694738 0.997402 -0.0190349 -6.79422 -0.0567371 0.0150996 0.998275 265.653 
0.995858 0.0648988 0.0636823 -0.097867 -0.0638013 0.997779 -0.0191205 -6.87333 -0.0647818 0.0149783 0.997787 268.169 
0.99585 0.0629282 0.06575 0.0369477 -0.0618406 0.997916 -0.0184486 -6.94262 -0.0667738 0.014306 0.997666 269.85 
0.996172 0.0632934 0.0602933 0.131459 -0.0623204 0.997896 -0.0178853 -7.03358 -0.0612985 0.0140593 0.99802 271.697 
0.996431 0.0632896 0.0558615 0.214906 -0.0623081 0.997873 -0.0191431 -7.0915 -0.0569543 0.0155942 0.998255 273.403 
0.996635 0.0635902 0.0517182 0.301771 -0.062637 0.997839 -0.019848 -7.16262 -0.0528685 0.0165418 0.998464 275.108 
0.996793 0.0633698 0.0488683 0.337598 -0.0625025 0.997862 -0.0190777 -7.23597 -0.0499728 0.0159622 0.998623 276.821 
0.997175 0.0618651 0.0426097 0.39499 -0.0612934 0.998013 -0.0145958 -7.30336 -0.043428 0.0119429 0.998985 278.498 
0.997721 0.0596324 0.0315782 0.464981 -0.0593191 0.998181 -0.0107663 -7.36342 -0.0321628 0.0088686 0.999443 280.169 
0.998083 0.0579839 0.0216457 0.512307 -0.057803 0.998288 -0.00889007 -7.41578 -0.0221242 0.00762184 0.999726 281.803 
0.998367 0.0558574 0.0119905 0.547749 -0.0557607 0.99841 -0.00825677 -7.46618 -0.0124326 0.00757469 0.999894 283.379 
0.99842 0.0559346 0.00538609 0.537845 -0.0558881 0.998401 -0.00842994 -7.5122 -0.005849 0.0081156 0.99995 284.855 
0.998765 0.0495288 -0.0039348 0.57846 -0.0495626 0.99873 -0.0090227 -7.55285 0.00348292 0.00920658 0.999952 286.28 
0.998388 0.055833 -0.0102341 0.441469 -0.0559698 0.99834 -0.013603 -7.57779 0.00945763 0.0141538 0.999855 287.488 
0.998139 0.0539891 -0.0283593 0.357305 -0.0544411 0.998398 -0.0154152 -7.61481 0.0274816 0.0169304 0.999479 288.766 
0.996417 0.0638961 -0.0554151 0.306556 -0.0647337 0.997812 -0.0134516 -7.64434 0.0544344 0.0169906 0.998373 289.966 
0.99012 0.067555 -0.122876 0.0655671 -0.0691034 0.997574 -0.0083786 -7.69519 0.122012 0.016787 0.992387 291.718 
0.974356 0.0701638 -0.213794 -0.307446 -0.0715885 0.997434 0.00108085 -7.7346 0.213321 0.0142521 0.976878 293.334 
0.952207 0.0634148 -0.298799 -1.36021 -0.061029 0.997986 0.0173189 -7.72376 0.299295 0.00174426 0.954159 294.53 
0.905387 0.0633088 -0.419842 -2.02598 -0.0562841 0.99799 0.0291125 -7.7017 0.420841 -0.00272764 0.90713 295.858 
0.833691 0.06192 -0.548749 -2.85304 -0.0475133 0.998052 0.0404338 -7.67371 0.550184 -0.00763641 0.835009 297.028 
0.733139 0.0621262 -0.677235 -3.79598 -0.0377301 0.998001 0.0507071 -7.63305 0.679031 -0.0116233 0.734018 298.023 
0.646016 0.0619919 -0.760802 -4.53632 -0.0236267 0.997843 0.0612445 -7.59638 0.762958 -0.0215896 0.646088 298.586 
0.489432 0.0752183 -0.868792 -5.70089 -0.0212103 0.997005 0.0743699 -7.5267 0.871784 -0.0179716 0.489561 299.185 
0.377128 0.0808887 -0.922622 -6.49754 -0.0156303 0.996593 0.0809849 -7.48906 0.926029 -0.0161208 0.377107 299.425 
0.200805 0.0912842 -0.975369 -7.7313 -0.000883052 0.995666 0.093002 -7.40337 0.979631 -0.0178139 0.200015 299.595 
-0.0604601 0.115063 -0.991517 -9.51482 0.0200093 0.993274 0.114047 -7.2582 0.99797 -0.0129442 -0.0623558 299.469 
-0.256704 0.131625 -0.957485 -10.9017 0.0408671 0.991275 0.125314 -7.11584 0.965626 -0.00696109 -0.259844 299.046 
-0.4337 0.13434 -0.890986 -12.2893 0.059419 0.990935 0.120487 -6.94833 0.899096 -0.0006862 -0.437751 298.32 
-0.573665 0.136638 -0.807613 -13.71 0.074166 0.990603 0.114916 -6.76633 0.815725 0.00602614 -0.578408 297.261 
-0.648758 0.146299 -0.7468 -14.6524 0.0911478 0.98922 0.114608 -6.63411 0.755517 0.00628375 -0.655099 296.419 
-0.734503 0.155982 -0.660436 -15.8066 0.113002 0.98775 0.107612 -6.44449 0.669131 0.0044109 -0.743131 295.734 
-0.774052 0.156556 -0.613461 -16.3723 0.122263 0.987669 0.0977859 -6.36758 0.621205 0.000687846 -0.783648 295.361 
-0.82854 0.146936 -0.540306 -17.1869 0.123162 0.989146 0.0801335 -6.23236 0.546216 -0.000151321 -0.837644 294.208 
-0.87006 0.14741 -0.470389 -17.7594 0.129126 0.989075 0.0711163 -6.21018 0.475733 0.00113618 -0.879589 293.02 
-0.906987 0.142851 -0.396193 -18.4396 0.129033 0.989733 0.0614678 -6.12533 0.400906 0.00462849 -0.916107 291.48 
-0.934807 0.152014 -0.320978 -18.935 0.141622 0.988357 0.0556268 -6.06593 0.325696 0.00654285 -0.945452 289.782 
-0.95685 0.15508 -0.245739 -19.4163 0.146885 0.987815 0.0514523 -6.00674 0.250724 0.0131368 -0.967969 287.908 
-0.977425 0.153313 -0.14538 -19.8257 0.14976 0.988098 0.0351442 -5.94202 0.149037 0.0125788 -0.988752 284.902 
-0.986932 0.151638 -0.0545071 -20.1005 0.150479 0.988302 0.024791 -5.86091 0.0576288 0.0162649 -0.998206 281.638 
-0.988434 0.150239 0.0206321 -20.1186 0.150628 0.988412 0.0188064 -5.8071 -0.0175675 0.0216967 -0.99961 278.217 
-0.988026 0.137895 0.069203 -19.9308 0.138884 0.990262 0.00965812 -5.7845 -0.0671973 0.0191536 -0.997556 274.621 
-0.988194 0.12998 0.0811022 -19.7303 0.131335 0.991271 0.0115713 -5.78182 -0.0788902 0.0220862 -0.996639 272.156 
-0.988501 0.128509 0.0796948 -19.5016 0.129658 0.991514 0.0093966 -5.77924 -0.077811 0.0196216 -0.996775 269.655 
-0.988894 0.127488 0.0763876 -19.3348 0.128731 0.991612 0.0115433 -5.77234 -0.0742753 0.0212486 -0.997011 267.068 
-0.990189 0.122696 0.0668694 -19.1259 0.123972 0.992168 0.0152562 -5.77715 -0.0644739 0.0233964 -0.997645 264.539 
-0.991 0.12164 0.0558729 -18.9392 0.122923 0.992212 0.0201191 -5.76032 -0.0529904 0.0268061 -0.998235 261.875 
-0.99172 0.119675 0.0465743 -18.8358 0.12072 0.992479 0.0203069 -5.75083 -0.0437938 0.0257612 -0.998708 259.215 
-0.992871 0.113934 0.0350079 -18.747 0.11466 0.993214 0.0194711 -5.69744 -0.0325519 0.0233464 -0.999197 256.614 
-0.994786 0.0917435 0.0445315 -19.4938 0.0929765 0.995317 0.026452 -5.67896 -0.0418961 0.0304545 -0.998658 254.541 
-0.995181 0.0910482 0.0364086 -19.4086 0.0920367 0.995404 0.0264598 -5.65978 -0.0338322 0.0296832 -0.998987 251.866 
-0.995464 0.0900836 0.0306046 -19.3211 0.0908008 0.995606 0.0229105 -5.63189 -0.0284063 0.0255855 -0.999269 249.169 
-0.995635 0.0895948 0.0261609 -19.2521 0.0901946 0.995665 0.0227223 -5.5915 -0.0240117 0.0249826 -0.999399 246.445 
-0.9957 0.0896629 0.0232843 -19.1843 0.0902403 0.995605 0.0250581 -5.55972 -0.0209352 0.0270516 -0.999415 243.711 
-0.995283 0.0945736 0.0216069 -19.0248 0.0951087 0.995147 0.0252501 -5.57092 -0.0191141 0.027186 -0.999448 240.936 
-0.995023 0.0971232 0.0222592 -18.9005 0.0976145 0.994977 0.0221644 -5.54814 -0.0199947 0.0242269 -0.999507 238.245 
-0.994816 0.098755 0.0242443 -18.8195 0.0993723 0.994717 0.0257355 -5.53547 -0.0215747 0.0280113 -0.999375 235.478 
-0.995191 0.0944899 0.0258176 -18.75 0.0951806 0.995094 0.0269777 -5.48431 -0.0231418 0.0293053 -0.999303 232.681 
-0.995201 0.0938857 0.0275823 -18.6556 0.0945948 0.995186 0.0256389 -5.4459 -0.0250424 0.028125 -0.999291 229.901 
-0.994852 0.097418 0.0279285 -18.5451 0.0980596 0.994924 0.0226006 -5.42038 -0.025585 0.0252229 -0.999354 227.085 
-0.994606 0.0998008 0.0282576 -18.433 0.100491 0.994645 0.0241507 -5.4067 -0.025696 0.02686 -0.999309 224.237 
-0.994719 0.0986066 0.0284837 -18.3286 0.0993522 0.994711 0.0260689 -5.39363 -0.0257624 0.0287612 -0.999254 221.39 
-0.995112 0.0948101 0.027621 -18.2548 0.0954968 0.995123 0.0247003 -5.36263 -0.0251445 0.0272173 -0.999313 218.536 
-0.99462 0.0994707 0.0289322 -18.159 0.100257 0.994591 0.0271459 -5.34117 -0.0260755 0.0299006 -0.999213 215.655 
-0.994267 0.102731 0.0296505 -18.0597 0.103454 0.994346 0.0239625 -5.33635 -0.0270211 0.0268926 -0.999273 212.816 
-0.994511 0.100449 0.0292873 -17.9753 0.101166 0.994578 0.0240996 -5.30791 -0.0267077 0.0269302 -0.99928 209.915 
-0.994553 0.0999945 0.029421 -17.8653 0.100728 0.994609 0.0246128 -5.28785 -0.0268013 0.0274422 -0.999264 207.013 
-0.994848 0.0971159 0.0290816 -17.7845 0.0978908 0.994844 0.0265232 -5.25487 -0.0263558 0.0292334 -0.999225 204.086 
-0.994746 0.0981688 0.0290333 -17.6936 0.0989152 0.994769 0.0254946 -5.23452 -0.0263787 0.0282325 -0.999253 201.164 
-0.994723 0.0987496 0.0278314 -17.5828 0.0995667 0.994588 0.0296843 -5.21475 -0.0247495 0.0322987 -0.999172 198.261 
-0.995422 0.0920312 0.0257862 -17.5592 0.0927731 0.995258 0.0292248 -5.14408 -0.0229744 0.0314833 -0.99924 195.36 
-0.995339 0.0932734 0.0245141 -17.4833 0.0939724 0.995149 0.0291046 -5.10695 -0.0216805 0.0312726 -0.999276 192.468 
-0.995114 0.0957512 0.0240606 -17.4333 0.0964059 0.994956 0.0277071 -5.06949 -0.0212862 0.0298913 -0.999326 189.68 
-0.995287 0.094193 0.0230707 -17.4161 0.0948133 0.995116 0.0274569 -5.04036 -0.0203718 0.0295149 -0.999357 186.815 
-0.995622 0.0909374 0.0216317 -17.3669 0.0915635 0.995348 0.0299698 -5.01606 -0.0188057 0.0318193 -0.999317 183.935 
-0.996011 0.0873131 0.0183893 -17.3361 0.0878289 0.995701 0.0294106 -4.99798 -0.0157423 0.0309084 -0.999398 181.09 
-0.995953 0.0886963 0.0144926 -17.2986 0.0890987 0.995571 0.0299969 -4.95963 -0.0117678 0.0311668 -0.999445 178.263 
-0.995995 0.0888134 0.0102825 -17.2864 0.0890925 0.995543 0.0309429 -4.9221 -0.00748852 0.031735 -0.999468 175.444 
-0.995627 0.0931709 0.00676185 -17.2511 0.0933428 0.995102 0.0325418 -4.92636 -0.00369678 0.0330306 -0.999448 173.691 
-0.995647 0.0931692 0.00255261 -17.2386 0.0932013 0.995025 0.0351873 -4.9023 0.000738462 0.035272 -0.999377 170.985 
-0.995257 0.0972798 -0.0009814 -17.193 0.0971737 0.994551 0.0377475 -4.86011 0.00464812 0.037473 -0.999287 167.134 
-0.995399 0.0957336 0.00393615 -17.6487 0.0958118 0.994837 0.0334697 -4.75719 -0.000711652 0.0336928 -0.999432 163.637 
-0.995339 0.09635 0.00406933 -17.5959 0.0964327 0.994764 0.0338527 -4.79652 -0.000786321 0.0340873 -0.999419 161.296 
-0.995542 0.0942133 0.00443832 -17.5538 0.0943132 0.994856 0.0369614 -4.82452 -0.000933238 0.0372152 -0.999307 159.073 
-0.995886 0.0900605 0.0100277 -18.0016 0.090352 0.995332 0.0339247 -4.62467 -0.00692566 0.0346911 -0.999374 157.031 
-0.996139 0.0871682 0.0104245 -17.9796 0.0874674 0.995624 0.0328894 -4.69837 -0.00751194 0.0336742 -0.999405 154.058 
-0.9959 0.0892346 0.0148615 -18.1486 0.0896923 0.9954 0.0336687 -4.63313 -0.0117888 0.0348636 -0.999323 151.375 
-0.995975 0.0884944 0.0142297 -17.9837 0.0889314 0.995466 0.0337542 -4.65201 -0.0111781 0.0348838 -0.999329 149.649 
-0.995721 0.0911506 0.0151766 -17.9738 0.0915626 0.995373 0.0291213 -4.65449 -0.012452 0.0303863 -0.999461 146.398 
-0.995814 0.0902138 0.0147228 -18.0538 0.0905742 0.99555 0.0259909 -4.61463 -0.0123125 0.0272156 -0.999554 143.382 
-0.995474 0.0943191 0.0116138 -17.8527 0.0945925 0.995181 0.0258118 -4.61892 -0.00912332 0.0267936 -0.999599 141.217 
-0.994951 0.0997992 0.0106263 -17.7794 0.100011 0.99475 0.0216855 -4.67349 -0.00840632 0.0226388 -0.999708 139.205 
-0.99548 0.0947546 0.0063748 -17.6257 0.0948471 0.995359 0.0162505 -4.68018 -0.00480541 0.0167817 -0.999848 137.139 
-0.995029 0.0992741 0.00786183 -17.7189 0.0994132 0.994847 0.0198982 -4.66485 -0.00584594 0.0205808 -0.999771 135.756 
-0.995708 0.0919125 0.0108661 -17.8702 0.0920872 0.995608 0.016855 -4.66507 -0.00926923 0.0177833 -0.999799 134.422 
-0.995431 0.0946734 0.0123887 -17.9119 0.0947313 0.995494 0.00416953 -4.65548 -0.0119381 0.00532408 -0.999915 133.064 
-0.996102 0.0872426 0.0129914 -17.8215 0.0873005 0.996174 0.00395599 -4.66944 -0.0125966 0.00507472 -0.999908 131.662 
-0.996472 0.082461 0.0156048 -17.7816 0.0826265 0.996528 0.0102762 -4.68421 -0.0147032 0.0115293 -0.999825 130.208 
-0.996371 0.0826009 0.0205171 -17.7252 0.0828229 0.996512 0.0102154 -4.70362 -0.0196017 0.0118776 -0.999737 128.715 
-0.99663 0.0777732 0.0260679 -17.6431 0.0780085 0.99692 0.00813419 -4.691 -0.025355 0.0101403 -0.999627 127.175 
-0.996697 0.0747508 0.0317501 -17.5362 0.0752813 0.997036 0.0158516 -4.69633 -0.030471 0.0181895 -0.99937 125.561 
-0.99627 0.0768856 0.0391725 -17.4594 0.0776516 0.99681 0.0184201 -4.6947 -0.0376313 0.0213932 -0.999063 123.879 
-0.995611 0.0807077 0.0473711 -17.3743 0.0814686 0.996573 0.0143546 -4.69603 -0.0460502 0.0181508 -0.998774 122.136 
-0.994369 0.0900293 0.055893 -17.2241 0.0909516 0.995754 0.014178 -4.72469 -0.0543793 0.0191817 -0.998336 120.436 
-0.993567 0.0927481 0.0649821 -17.1141 0.0940678 0.995411 0.0175457 -4.71326 -0.0630565 0.0235456 -0.997732 118.55 
-0.992659 0.0964547 0.0729756 -16.965 0.0977454 0.995108 0.0143189 -4.69793 -0.0712375 0.0213469 -0.997231 116.596 
-0.992498 0.0922008 0.0802855 -16.8608 0.0932947 0.995589 0.00997459 -4.70154 -0.0790116 0.01739 -0.996722 114.701 
-0.991959 0.0939314 0.084819 -16.6558 0.0950502 0.99543 0.00924084 -4.70258 -0.0835633 0.0172286 -0.996354 112.617 
-0.992189 0.0921822 0.0840472 -16.3917 0.0928776 0.995668 0.00439334 -4.73489 -0.0832781 0.0121651 -0.996452 110.617 
-0.992082 0.0941764 0.0830882 -16.2013 0.094965 0.995465 0.00558198 -4.75556 -0.0821857 0.0134283 -0.996527 108.408 
-0.99155 0.09896 0.0838763 -15.9729 0.100438 0.994851 0.0135795 -4.74334 -0.0821006 0.0218891 -0.996384 106.298 
-0.991391 0.100903 0.0834382 -15.7603 0.102138 0.994713 0.0106619 -4.75251 -0.0819213 0.0190924 -0.996456 104.013 
-0.991734 0.0984649 0.0822687 -15.5568 0.099613 0.994976 0.00995953 -4.74492 -0.0808748 0.0180722 -0.99656 101.581 
-0.991266 0.0994684 0.0865846 -15.4999 0.100946 0.994809 0.0128481 -4.74405 -0.0848571 0.0214763 -0.996162 99.1045 
-0.992056 0.0939549 0.0836523 -15.3331 0.095382 0.995353 0.0132207 -4.70779 -0.0820214 0.0210946 -0.996407 96.5454 
-0.992855 0.089825 0.0785458 -15.1432 0.0910825 0.995764 0.0125688 -4.71303 -0.0770841 0.0196332 -0.996831 93.9388 
-0.993365 0.0893056 0.0724618 -14.994 0.0896689 0.99597 0.00176927 -4.71276 -0.0720118 0.0082551 -0.99737 91.3361 
-0.99379 0.0881529 0.0678968 -14.8674 0.0894899 0.995844 0.0169014 -4.70019 -0.0661248 0.0228725 -0.997549 89.0221 
-0.994527 0.0853848 0.0602121 -14.5739 0.0863999 0.996156 0.0144563 -4.66531 -0.0587463 0.0195795 -0.998081 84.8282 
-0.99461 0.0874002 0.055783 -14.3995 0.088355 0.995978 0.0148819 -4.64058 -0.0542579 0.0197304 -0.998332 81.9268 
-0.994735 0.0884309 0.051783 -14.1942 0.0895492 0.995788 0.0196837 -4.66819 -0.0498242 0.0242172 -0.998464 79.1008 
-0.994821 0.0878797 0.0510801 -14.0664 0.089368 0.995616 0.027617 -4.67532 -0.0484292 0.0320389 -0.998313 76.3532 
-0.994161 0.0955653 0.0501153 -13.8927 0.0970082 0.994912 0.0271917 -4.64908 -0.0472618 0.0318945 -0.998373 72.0621 
-0.993686 0.100014 0.0508425 -13.7222 0.101603 0.994382 0.0296839 -4.66867 -0.0475881 0.0346623 -0.998265 69.1767 
-0.993545 0.101654 0.0503558 -13.5605 0.103052 0.994337 0.0259741 -4.65713 -0.0474303 0.0309957 -0.998394 66.3617 
-0.993774 0.100017 0.0490804 -13.4255 0.101611 0.994337 0.0311266 -4.60429 -0.0456893 0.0359199 -0.99831 63.4514 
-0.993832 0.09927 0.0494402 -13.2919 0.100952 0.994352 0.0327608 -4.55041 -0.0459088 0.0375498 -0.99824 60.5144 
-0.993806 0.098809 0.0508597 -13.1487 0.100213 0.994631 0.0258337 -4.49957 -0.048034 0.0307705 -0.998372 57.6325 
-0.993756 0.0981117 0.05313 -13.0157 0.0996565 0.994649 0.027246 -4.48814 -0.0501726 0.0323706 -0.998216 54.7377 
-0.993455 0.100168 0.0548926 -12.8555 0.102108 0.994201 0.0337394 -4.44838 -0.0511947 0.0391236 -0.997922 51.8496 
-0.993896 0.0962063 0.0539928 -12.7544 0.0980983 0.994611 0.033553 -4.43934 -0.0504738 0.0386447 -0.997977 50.3972 
-0.993668 0.0987143 0.0536549 -12.6204 0.100258 0.994599 0.0268714 -4.39705 -0.0507125 0.0320806 -0.998198 47.6426 
-0.993523 0.100531 0.0529634 -12.4636 0.102248 0.994283 0.0307707 -4.3768 -0.0495672 0.0359868 -0.998122 44.8201 
0.967108 -0.247028 -0.0606518 -12.3917 0.252188 0.962302 0.101861 -7.84377 0.0332028 -0.113807 0.992948 43.4784 
0.967625 -0.245246 -0.0596276 -12.5205 0.250289 0.96283 0.101555 -7.57046 0.0325053 -0.113191 0.993041 46.2285 
0.966532 -0.249737 -0.0587097 -12.7195 0.254643 0.961724 0.101216 -7.37255 0.0311852 -0.112778 0.993131 48.9947 
0.966002 -0.251725 -0.0589379 -12.9076 0.256717 0.960932 0.103471 -7.17856 0.030589 -0.115083 0.992885 51.804 
0.965915 -0.25213 -0.0586373 -13.0855 0.257044 0.960988 0.102127 -6.95382 0.0306004 -0.113718 0.993042 54.5904 
0.966165 -0.250726 -0.0605149 -13.2155 0.255838 0.961382 0.101446 -6.70841 0.0327428 -0.113496 0.992999 57.3618 
0.966096 -0.25107 -0.0601806 -13.4067 0.256226 0.961004 0.104014 -6.50147 0.0317189 -0.115908 0.992753 60.0939 
0.966073 -0.251159 -0.0601829 -13.5741 0.256372 0.960768 0.105819 -6.32016 0.0312445 -0.117658 0.992563 62.8434 
0.964817 -0.255536 -0.06188 -13.7814 0.260693 0.960346 0.0988719 -6.12877 0.0341609 -0.111525 0.993174 65.4162 
0.96662 -0.248559 -0.0621621 -13.9538 0.253815 0.96208 0.0998946 -5.9616 0.0349752 -0.112338 0.993054 68.1111 
0.965294 -0.253344 -0.0634428 -14.1319 0.258938 0.960055 0.10604 -5.74588 0.034044 -0.118788 0.992336 70.7187 
0.959077 -0.274158 -0.0707796 -14.2279 0.28061 0.953695 0.108276 -5.50856 0.0378176 -0.123706 0.991598 73.0486 
0.956304 -0.28369 -0.0707274 -14.5406 0.289967 0.951239 0.105183 -5.32813 0.0374393 -0.121095 0.991935 75.6285 
0.956493 -0.283156 -0.0703103 -14.7489 0.289291 0.951714 0.102716 -5.14447 0.0378305 -0.118588 0.992223 78.301 
0.957848 -0.278798 -0.0692719 -14.8753 0.284846 0.953016 0.103067 -4.86261 0.0372822 -0.118455 0.992259 81.0473 
0.960499 -0.270128 -0.0668798 -15.1699 0.275895 0.955766 0.101946 -4.53827 0.036383 -0.116371 0.992539 85.1632 
0.962178 -0.265115 -0.0626676 -15.4852 0.270458 0.957194 0.103116 -4.41843 0.0326473 -0.116165 0.992693 87.8902 
0.964658 -0.25614 -0.0618643 -15.6397 0.261515 0.959416 0.105507 -4.175 0.0323289 -0.117957 0.992492 90.6906 
0.965245 -0.254155 -0.0608839 -15.8115 0.259308 0.960402 0.101917 -3.96956 0.0325703 -0.114163 0.992928 93.4709 
0.961748 -0.2663 -0.0642269 -16.0967 0.271687 0.957246 0.0993312 -3.81814 0.035029 -0.112981 0.992979 95.7728 
0.962158 -0.265033 -0.0633239 -16.2633 0.270176 0.958099 0.0951364 -3.57434 0.0354563 -0.108645 0.993448 98.5954 
0.961226 -0.268034 -0.0648205 -16.4105 0.273418 0.95693 0.0976087 -3.34938 0.0358663 -0.111547 0.993112 101.442 
0.960935 -0.268843 -0.0657858 -16.5379 0.274295 0.956779 0.0966229 -3.05429 0.0369661 -0.110893 0.993145 104.314 
0.961353 -0.2673 -0.065964 -16.7311 0.272757 0.957276 0.0960564 -2.85864 0.0374699 -0.110336 0.993188 107.143 
0.961287 -0.267124 -0.0676142 -16.8862 0.272898 0.956887 0.0994709 -2.5948 0.0381281 -0.114072 0.992741 110.019 
0.960571 -0.269548 -0.0681759 -17.1965 0.27534 0.956279 0.0985777 -2.40836 0.0386237 -0.113462 0.992791 112.834 
0.960536 -0.269596 -0.0684692 -17.4032 0.27547 0.956114 0.0998107 -2.19659 0.0385557 -0.114733 0.992648 115.667 
0.9604 -0.269784 -0.069633 -17.5488 0.275902 0.955693 0.102608 -2.07882 0.0388656 -0.117757 0.992282 118.192 
0.958124 -0.277546 -0.070481 -17.6785 0.283576 0.953842 0.0988472 -1.8017 0.0397931 -0.114695 0.992603 120.979 
0.956809 -0.281956 -0.0708293 -17.82 0.287811 0.953062 0.0940052 -1.57877 0.0409994 -0.110331 0.993049 123.593 
0.952721 -0.293352 -0.0791709 -18.1022 0.300208 0.949002 0.0962864 -1.399 0.0468875 -0.115502 0.9922 126.29 
0.951202 -0.297944 -0.080276 -18.3397 0.304881 0.947574 0.0956604 -1.21903 0.047566 -0.115467 0.992172 129.032 
0.951209 -0.298165 -0.0793651 -18.7001 0.304929 0.9477 0.09425 -0.985733 0.0471123 -0.113852 0.99238 130.725 
0.950013 -0.302076 -0.0789002 -18.9442 0.308814 0.946351 0.0951519 -0.793728 0.0459241 -0.114761 0.992331 133.417 
0.94717 -0.310998 -0.0784097 -19.2119 0.317633 0.943454 0.0948848 -0.657362 0.044467 -0.114778 0.992395 136.081 
0.947683 -0.31 -0.0761411 -19.4429 0.316427 0.943743 0.0960367 -0.37354 0.0420863 -0.115105 0.992461 138.769 
0.949784 -0.304167 -0.073439 -19.6535 0.310379 0.94557 0.0977899 -0.147665 0.0396972 -0.115673 0.992494 141.558 
0.947848 -0.30998 -0.0741317 -19.8681 0.316261 0.943582 0.0981453 0.0349158 0.0395262 -0.116472 0.992407 144.222 
0.945209 -0.317467 -0.0761229 -20.0228 0.323774 0.941458 0.0939506 0.248847 0.0418403 -0.11345 0.992662 146.694 
0.941736 -0.326755 -0.0797804 -20.0774 0.333427 0.938123 0.0935521 0.534754 0.0442752 -0.114702 0.992413 149.211 
0.941968 -0.325499 -0.0821398 -20.2974 0.332604 0.938075 0.0969012 0.734506 0.0455121 -0.118598 0.991899 151.96 
0.940588 -0.329215 -0.0831401 -20.5393 0.336214 0.937236 0.0924575 0.91674 0.0474835 -0.114917 0.99224 154.651 
0.938676 -0.334299 -0.0844437 -20.7831 0.341404 0.935414 0.0918933 1.05126 0.04827 -0.115087 0.992182 157.071 
0.937489 -0.337322 -0.0856084 -21.1962 0.34488 0.933442 0.098712 1.19147 0.0466128 -0.122066 0.991427 159.652 
0.935574 -0.342503 -0.0859798 -21.4402 0.350023 0.931662 0.0974127 1.35705 0.04674 -0.121232 0.991523 162.211 
0.937614 -0.337667 -0.082834 -21.5802 0.344721 0.933878 0.0950724 1.62815 0.0452541 -0.117696 0.992018 164.893 
0.937643 -0.338157 -0.0804743 -22.0553 0.345081 0.933383 0.0985709 1.73173 0.0417809 -0.120194 0.991871 167.484 
0.937777 -0.338211 -0.0786604 -22.21 0.344821 0.933722 0.0962358 2.00554 0.0408989 -0.117371 0.992246 170.121 
0.936606 -0.341628 -0.0778418 -22.5535 0.348248 0.932126 0.0993213 2.13017 0.0386274 -0.120133 0.992006 172.585 
0.937318 -0.340306 -0.0750075 -22.775 0.346607 0.932698 0.0996942 2.32949 0.0360328 -0.119443 0.992187 175.203 
0.936475 -0.342956 -0.0734605 -23.0156 0.349078 0.931715 0.100261 2.47045 0.0340592 -0.119535 0.992246 177.465 
0.936523 -0.343028 -0.0724951 -23.1684 0.349034 0.931731 0.10026 2.68999 0.033154 -0.119199 0.992317 180.048 
0.935893 -0.3451 -0.0707879 -23.365 0.350815 0.931317 0.0978641 2.85987 0.0321531 -0.116424 0.992679 182.596 
0.935867 -0.345 -0.071602 -23.4747 0.350913 0.930947 0.100982 3.10146 0.0318189 -0.119632 0.992308 185.151 
0.93559 -0.345396 -0.0732968 -23.4983 0.351434 0.930991 0.0987428 3.31657 0.0341333 -0.118142 0.99241 187.609 
0.938963 -0.335975 -0.0739564 -23.5594 0.342296 0.933905 0.103227 3.54526 0.0343865 -0.122241 0.991905 190.475 
0.938015 -0.338336 -0.0752069 -23.9115 0.344831 0.932868 0.104157 3.71406 0.0349179 -0.123635 0.991713 194.831 
0.940066 -0.332986 -0.0734587 -23.9592 0.339253 0.935044 0.10296 3.95189 0.0344028 -0.12171 0.991969 197.259 
0.942244 -0.327364 -0.0707742 -24.0936 0.333437 0.936779 0.106137 4.17586 0.0315542 -0.123606 0.99183 199.728 
0.941636 -0.330436 -0.0642922 -24.8805 0.335689 0.936002 0.105896 4.37308 0.0251857 -0.121298 0.992297 203.194 
0.94226 -0.328155 -0.0667805 -24.8055 0.333821 0.936267 0.109394 4.5439 0.0266262 -0.12537 0.991753 205.51 
0.940054 -0.334253 -0.0676325 -25.1258 0.340049 0.933743 0.11176 4.72566 0.0257952 -0.128059 0.991431 208.698 
0.939816 -0.335049 -0.0669951 -25.301 0.340836 0.933078 0.114871 4.89265 0.0240241 -0.130792 0.991119 210.774 
0.939432 -0.336741 -0.0638129 -25.5165 0.34211 0.932555 0.115335 5.0462 0.0206709 -0.130181 0.991275 212.704 
0.93953 -0.336799 -0.0620519 -25.5846 0.341966 0.932424 0.116811 5.24716 0.018517 -0.130967 0.991214 214.602 
0.937351 -0.342247 -0.0651207 -25.6809 0.347732 0.930557 0.114657 5.43794 0.0213577 -0.130118 0.991268 216.296 
0.929519 -0.355219 -0.0990673 -25.9367 0.364522 0.925705 0.100964 5.61242 0.0558428 -0.12996 0.989945 218.66 
0.914428 -0.350614 -0.202214 -26.3723 0.370967 0.92583 0.0722684 5.72948 0.161878 -0.141099 0.976671 221.403 
0.868984 -0.35058 -0.349228 -27.4023 0.376001 0.926604 0.00541124 5.62514 0.321699 -0.136012 0.937022 223.619 
0.72964 -0.343973 -0.591023 -28.797 0.358706 0.928349 -0.0974594 5.35888 0.582199 -0.140893 0.800746 225.98 
0.486772 -0.326993 -0.810017 -30.8256 0.297898 0.933846 -0.197962 4.78676 0.821163 -0.144941 0.551981 227.537 
0.309742 -0.317964 -0.89608 -32.1656 0.24102 0.937903 -0.249492 4.36978 0.919766 -0.138695 0.367143 228.024 
0.12042 -0.319066 -0.940051 -33.5225 0.18531 0.937522 -0.294469 3.91703 0.975274 -0.138741 0.172023 228.158 
-0.0843495 -0.296821 -0.951201 -34.9102 0.117797 0.944938 -0.305312 3.41652 0.989449 -0.137801 -0.0447406 228.183 
-0.279307 -0.267248 -0.922261 -36.2798 0.0476473 0.955446 -0.291294 2.90811 0.959019 -0.125304 -0.25413 227.695 
-0.481162 -0.25575 -0.838496 -37.6609 -0.0205133 0.95952 -0.280893 2.42505 0.876392 -0.117955 -0.466931 227.137 
-0.695803 -0.245714 -0.674895 -39.247 -0.0992587 0.963541 -0.24847 1.79424 0.711341 -0.105897 -0.694824 225.547 
-0.84347 -0.248954 -0.476004 -40.4478 -0.16098 0.962543 -0.218164 1.29143 0.512487 -0.107388 -0.851953 223.438 
-0.934171 -0.252389 -0.25224 -41.2076 -0.216638 0.962865 -0.161115 0.866541 0.283536 -0.0958645 -0.954158 220.952 
-0.956724 -0.266165 -0.11762 -41.5078 -0.251069 0.959366 -0.128765 0.513646 0.147114 -0.093662 -0.984675 218.812 
-0.964127 -0.260596 -0.050489 -41.6135 -0.254226 0.961237 -0.106736 0.270035 0.076347 -0.0900718 -0.993005 217.187 
-0.96173 -0.272676 0.0268804 -41.6886 -0.273982 0.95809 -0.083645 -0.0847309 -0.0029459 -0.0878086 -0.996133 214.646 
-0.95934 -0.277105 0.0536673 -41.667 -0.2807 0.956577 -0.0785318 -0.281726 -0.0295754 -0.0904031 -0.995466 212.903 
-0.957232 -0.282154 0.0639926 -41.8132 -0.286506 0.955218 -0.0739754 -0.537299 -0.0402544 -0.0891459 -0.995205 211.106 
-0.957275 -0.281578 0.0658727 -41.6966 -0.285974 0.955601 -0.0710347 -0.709469 -0.0429462 -0.0868376 -0.995296 209.231 
-0.957623 -0.279401 0.069949 -41.5356 -0.284121 0.956211 -0.0702522 -0.890778 -0.0472575 -0.0871491 -0.995074 207.159 
-0.956113 -0.283437 0.0742377 -41.3622 -0.288232 0.955384 -0.0645355 -1.1002 -0.0526337 -0.0831009 -0.99515 204.035 
-0.955303 -0.284471 0.0804511 -41.2929 -0.289843 0.954834 -0.0654434 -1.39704 -0.0582007 -0.0858365 -0.994608 201.027 
-0.954056 -0.288279 0.0816879 -41.1431 -0.293851 0.953496 -0.0670545 -1.70992 -0.0585587 -0.0879778 -0.9944 197.712 
-0.952569 -0.293306 0.081143 -41.0953 -0.298878 0.951871 -0.0679287 -2.11121 -0.0573138 -0.0889586 -0.994385 194.158 
-0.950477 -0.300623 0.0788589 -40.7219 -0.306363 0.948957 -0.0749782 -2.66222 -0.0522936 -0.0954245 -0.994062 187.689 
-0.948641 -0.305275 0.0829882 -40.2257 -0.311592 0.946984 -0.0783024 -2.91454 -0.0546847 -0.100139 -0.99347 183.471 
-0.94485 -0.313382 0.0951287 -39.5627 -0.320461 0.944582 -0.0712016 -3.37938 -0.0675435 -0.09776 -0.992915 177.478 
-0.947548 -0.30374 0.0994692 -39.3631 -0.311283 0.947611 -0.071661 -3.82453 -0.0724918 -0.0988654 -0.992457 173.372 
-0.946827 -0.306565 0.0976587 -39.1502 -0.313551 0.947246 -0.0664197 -4.10759 -0.0721448 -0.0935089 -0.993001 170.577 
-0.948597 -0.30209 0.0943661 -38.8932 -0.308208 0.949514 -0.058567 -4.34015 -0.0719095 -0.0846409 -0.993813 167.639 
-0.933331 -0.347348 0.0907839 -38.3086 -0.352588 0.934468 -0.0495181 -4.43412 -0.0676346 -0.0782261 -0.994639 162.359 
-0.934223 -0.344629 0.091967 -37.9342 -0.350211 0.935159 -0.0532012 -4.63961 -0.067669 -0.0819096 -0.99434 159.368 
-0.935864 -0.340642 0.0901189 -37.6237 -0.345932 0.936864 -0.0511515 -4.84139 -0.0670048 -0.0790458 -0.994617 156.431 
-0.936016 -0.340368 0.0895791 -37.3619 -0.34579 0.936769 -0.0537935 -5.03312 -0.0656053 -0.0813271 -0.994526 153.549 
