1 1.19763e-11 1.70464e-10 5.55111e-17 1.19763e-11 1 3.5625e-10 0 1.70464e-10 3.5625e-10 1 2.22045e-16 
0.999823 -0.0134713 0.013135 -0.0209973 0.0135089 0.999905 -0.0027725 -0.0346282 -0.0130964 0.00294944 0.99991 1.3764 
0.999896 -0.00631452 -0.0129711 -0.278628 0.00618414 0.99993 -0.0100677 -0.0215583 0.0130338 0.00998649 0.999865 2.22909 
0.998482 -0.0054341 -0.0548028 -0.354236 0.00484257 0.999929 -0.0109209 -0.0660063 0.0548582 0.0106389 0.998437 2.9161 
0.9921 -0.00562259 -0.12532 -0.645083 0.00469394 0.999959 -0.00770431 -0.106218 0.125358 0.00705521 0.992086 4.50042 
0.986965 -0.0129123 -0.160417 -0.902746 0.011418 0.999882 -0.0102334 -0.121117 0.16053 0.00826834 0.986996 5.79012 
0.982472 -0.0164591 -0.18568 -1.21611 0.0137313 0.999778 -0.0159675 -0.138522 0.185901 0.013138 0.982481 7.06097 
0.978922 -0.0278097 -0.202331 -1.407 0.0244177 0.999517 -0.0192415 -0.160008 0.202768 0.0138954 0.979128 8.06751 
0.975463 -0.0225312 -0.219009 -1.69285 0.0172747 0.999516 -0.0258869 -0.194848 0.219486 0.0214684 0.975379 9.10686 
0.967829 -0.0264878 -0.250209 -2.48016 0.0187427 0.99927 -0.0332868 -0.314457 0.250908 0.0275263 0.96762 11.5027 
0.961945 -0.0297529 -0.271619 -3.02575 0.0168427 0.99862 -0.0497391 -0.411232 0.272724 0.0432714 0.961119 13.2219 
0.958741 -0.0315637 -0.282522 -3.32876 0.0128248 0.997607 -0.0679331 -0.461626 0.28399 0.061507 0.956852 14.4325 
0.955044 -0.0337903 -0.294534 -3.69808 0.0089697 0.996322 -0.0852181 -0.536797 0.29633 0.0787451 0.951834 15.6622 
0.952304 -0.0304758 -0.303627 -4.1425 0.000750621 0.995231 -0.0975395 -0.674345 0.305151 0.0926593 0.947785 17.0138 
0.948958 -0.0265622 -0.314282 -4.58622 -0.00741355 0.994294 -0.10642 -0.816481 0.315315 0.103318 0.943346 18.3566 
0.94229 -0.0263199 -0.333761 -5.24567 -0.0096005 0.994371 -0.105519 -1.06576 0.33466 0.102634 0.936733 20.3843 
0.937575 -0.0226651 -0.347044 -5.82093 -0.0131845 0.99484 -0.100591 -1.25103 0.347534 0.0988872 0.932439 21.8842 
0.927086 -0.0135702 -0.374603 -6.68554 -0.020372 0.996044 -0.0864999 -1.50237 0.374295 0.0878243 0.923141 24.1519 
0.916725 -0.013732 -0.399283 -7.89985 -0.0207984 0.996414 -0.08202 -1.77287 0.398977 0.0834942 0.913152 26.5534 
0.90532 -0.0159589 -0.424429 -8.9899 -0.0169208 0.997145 -0.0735862 -1.98954 0.424392 0.0738008 0.902466 28.903 
0.89584 -0.0111277 -0.444238 -10.1671 -0.0176685 0.998004 -0.0606287 -2.26189 0.444026 0.0621626 0.893855 30.9758 
0.887287 -0.0130473 -0.461034 -11.5395 -0.0145151 0.998315 -0.0561875 -2.45555 0.46099 0.0565464 0.885602 33.4452 
0.881575 -0.0142096 -0.47183 -12.9374 -0.0146179 0.998246 -0.0573754 -2.65577 0.471818 0.0574779 0.879821 36.0177 
0.881715 -0.0120105 -0.47163 -13.999 -0.0152391 0.998429 -0.0539154 -2.80905 0.471537 0.0547252 0.880147 37.8043 
0.881166 -0.0142519 -0.472592 -15.0165 -0.0133516 0.998397 -0.0550032 -2.93022 0.472618 0.0547768 0.879563 39.6266 
0.87793 -0.0190504 -0.478409 -16.0213 -0.00741416 0.998547 -0.0533683 -3.04999 0.478731 0.0504007 0.876514 41.504 
0.87276 -0.0176359 -0.487831 -17.0243 -0.00566006 0.998914 -0.0462387 -3.19517 0.488117 0.0431165 0.871713 43.3826 
0.864386 -0.02227 -0.502336 -18.1705 -0.000931442 0.998946 -0.0458889 -3.32307 0.502828 0.0401336 0.863454 45.1962 
0.852602 -0.0240464 -0.522008 -19.2531 -0.00158357 0.998817 -0.0485971 -3.46937 0.522559 0.0422606 0.851555 47.045 
0.841306 -0.0184341 -0.540245 -20.3952 -0.00394371 0.999182 -0.0402353 -3.56061 0.540545 0.0359807 0.840545 48.8458 
0.831767 -0.0233251 -0.554635 -22.2384 -0.00743492 0.998559 -0.0531442 -3.73497 0.555075 0.0483272 0.830395 51.4442 
0.822559 -0.0198344 -0.568334 -24.0615 -0.00769582 0.998912 -0.0459995 -3.90968 0.568628 0.0422111 0.821511 54.057 
0.817134 -0.0168877 -0.5762 -25.3166 -0.0101756 0.998992 -0.0437096 -4.02863 0.576358 0.0415798 0.816139 55.7955 
0.808611 -0.0176167 -0.58808 -27.3768 -0.0127421 0.998793 -0.0474406 -4.26356 0.588205 0.0458544 0.807411 58.397 
0.800384 -0.0175122 -0.599232 -28.7247 -0.0123926 0.998876 -0.0457442 -4.3745 0.59936 0.044039 0.799267 60.0718 
0.789424 -0.0217704 -0.613462 -30.0551 -0.009787 0.998797 -0.0480393 -4.49473 0.61377 0.0439273 0.788262 61.7788 
0.771482 -0.0278342 -0.635642 -32.0947 -0.0064861 0.998647 -0.0516021 -4.67544 0.636218 0.0439329 0.770257 64.3438 
0.751753 -0.0261118 -0.658928 -34.061 -0.00994421 0.998653 -0.0509195 -4.89102 0.65937 0.0448313 0.75048 66.6927 
0.741849 -0.0245042 -0.670119 -35.6572 -0.0157669 0.998418 -0.0539636 -5.10127 0.670382 0.0505986 0.740289 68.4733 
0.727618 -0.0197689 -0.685697 -38.0638 -0.0221672 0.998385 -0.0523061 -5.35296 0.685624 0.0532589 0.726005 70.9285 
0.711622 -0.0273067 -0.702031 -40.4011 -0.0191259 0.998121 -0.0582109 -5.5427 0.702302 0.0548512 0.709763 73.4253 
0.703929 -0.0246418 -0.709843 -42.0678 -0.0218627 0.998173 -0.0563316 -5.69064 0.709934 0.0551725 0.702104 75.047 
0.690198 -0.027192 -0.72311 -43.599 -0.0206817 0.998144 -0.0572749 -5.83738 0.723325 0.0544861 0.688354 76.6178 
0.682346 -0.0313879 -0.730355 -45.3387 -0.0143552 0.99831 -0.0563152 -5.978 0.730889 0.0489108 0.680742 78.0262 
0.67177 -0.038641 -0.739751 -47.0179 -0.00670547 0.99828 -0.0582346 -6.1071 0.740729 0.0440807 0.670356 79.6323 
0.662832 -0.047932 -0.747232 -48.8103 0.0011934 0.998015 -0.0629601 -6.27963 0.748767 0.0408402 0.661574 81.2055 
0.641069 -0.0541999 -0.765567 -51.7271 0.0103874 0.998025 -0.0619591 -6.58607 0.767413 0.0317678 0.640365 83.5814 
0.604931 -0.0546634 -0.7944 -55.5358 0.00774152 0.997997 -0.062778 -6.92384 0.79624 0.0318265 0.604142 86.6056 
0.57079 -0.0553526 -0.819228 -58.3696 0.00856978 0.998072 -0.0614656 -7.21064 0.821051 0.0280634 0.570164 89.0584 
0.531739 -0.057733 -0.844938 -62.5512 0.00347344 0.997814 -0.0659928 -7.58032 0.846901 0.0321561 0.530777 91.7294 
0.497848 -0.0538438 -0.865591 -66.9009 0.00358532 0.99819 -0.06003 -8.00717 0.867257 0.0267824 0.49714 94.2684 
0.472165 -0.0657725 -0.879053 -71.3581 0.0101488 0.997552 -0.0691876 -8.41763 0.881452 0.0237466 0.471677 96.6928 
0.456172 -0.0580994 -0.887993 -74.6126 0.0109511 0.998157 -0.0596815 -8.78116 0.889824 0.0175005 0.455968 98.675 
0.446333 -0.0537186 -0.893253 -77.8675 0.0104912 0.998442 -0.0548024 -9.07052 0.894806 0.0150887 0.446201 100.459 
0.441772 -0.052554 -0.895587 -81.2271 0.0148671 0.998574 -0.0512638 -9.36369 0.897004 0.00933213 0.441923 102.037 
0.434358 -0.0514057 -0.899272 -85.4577 0.0183292 0.998668 -0.0482343 -9.6597 0.900554 0.00446803 0.434722 104.176 
0.441334 -0.0536066 -0.89574 -89.6592 0.0153652 0.998519 -0.052187 -9.98902 0.897211 0.00926875 0.441504 106.142 
0.453439 -0.053528 -0.889679 -92.6122 0.0106362 0.998449 -0.0546513 -10.1718 0.891224 0.0153182 0.453305 107.836 
0.46907 -0.0516338 -0.88165 -95.4721 0.0105803 0.998546 -0.0528508 -10.4188 0.883098 0.0154626 0.468935 109.551 
0.48619 -0.0529863 -0.872245 -98.1386 0.00227656 0.998233 -0.0593707 -10.651 0.87385 0.0268797 0.485452 111.448 
0.516587 -0.0433339 -0.855137 -100.8 -0.0126375 0.998224 -0.0582191 -10.8638 0.856141 0.0408821 0.515122 113.338 
0.546656 -0.0520329 -0.835739 -103.285 -0.00927495 0.99763 -0.0681789 -11.0264 0.837306 0.0450218 0.544877 115.063 
-0.993752 -0.111604 0.00110397 -171.024 -0.0355095 0.306778 -0.951119 -133.4 0.10581 -0.945215 -0.308824 118.673 
-0.993036 -0.114762 -0.0266376 -170.979 -0.0103364 0.310097 -0.950649 -135.357 0.117358 -0.943753 -0.309124 118.043 
-0.991301 -0.121148 -0.0514335 -171.043 0.0117636 0.307669 -0.951421 -137.246 0.131088 -0.943749 -0.303567 117.472 
-0.989914 -0.119052 -0.0767971 -171.146 0.0364489 0.30981 -0.9501 -139.123 0.136904 -0.943316 -0.302346 116.909 
-0.988038 -0.117229 -0.100189 -171.291 0.059096 0.312257 -0.948158 -140.979 0.142436 -0.942737 -0.301595 116.348 
-0.985404 -0.120749 -0.119997 -171.53 0.0768878 0.313209 -0.946567 -142.801 0.151881 -0.941976 -0.299353 115.839 
-0.982116 -0.124796 -0.140974 -171.769 0.0948904 0.318619 -0.943121 -144.569 0.162615 -0.939632 -0.301078 115.32 
-0.978601 -0.128397 -0.16079 -172.083 0.112524 0.320294 -0.940612 -146.275 0.172272 -0.938577 -0.298992 114.83 
-0.981577 -0.177932 -0.0696176 -179.357 0.000960822 0.359761 -0.933044 275.71 0.191065 -0.915921 -0.352962 259.278 
-0.975116 -0.179843 -0.129639 -179.674 0.0577219 0.358634 -0.931692 272.532 0.214051 -0.91599 -0.339329 258.181 
-0.967226 -0.178922 -0.180167 -180.036 0.104812 0.36495 -0.925108 270.216 0.231274 -0.913673 -0.334237 257.388 
-0.951751 -0.178755 -0.249431 -180.896 0.169403 0.371697 -0.912767 266.357 0.255874 -0.910982 -0.323482 256.099 
-0.932188 -0.182166 -0.312794 -182.282 0.228895 0.372773 -0.899248 261.683 0.280414 -0.909866 -0.305798 254.55 
-0.915614 -0.183803 -0.357587 -184.122 0.266286 0.389133 -0.881854 256.824 0.301236 -0.902658 -0.307352 252.862 
-0.900062 -0.176224 -0.398539 -185.971 0.308923 0.386997 -0.868792 252.609 0.307335 -0.905085 -0.293882 251.437 
-0.883002 -0.173955 -0.435943 -187.001 0.346167 0.385882 -0.855139 250.401 0.316979 -0.905999 -0.280518 250.816 
-0.850181 -0.182995 -0.493666 -188.241 0.395888 0.395934 -0.828558 247.886 0.347081 -0.89986 -0.26417 250.009 
-0.814963 -0.180368 -0.550729 -189.954 0.449231 0.403726 -0.796992 245.216 0.366095 -0.896924 -0.247995 249.211 
-0.775262 -0.180789 -0.605215 -191.985 0.498389 0.413556 -0.761958 242.65 0.388044 -0.892349 -0.230511 248.555 
-0.734877 -0.179785 -0.653937 -194.11 0.547019 0.412855 -0.728231 240.053 0.400906 -0.892876 -0.205052 247.816 
-0.692316 -0.180144 -0.698746 -196.497 0.589056 0.418214 -0.691455 237.465 0.416787 -0.890306 -0.183422 247.145 
-0.632466 -0.18522 -0.752117 -200.141 0.640649 0.420688 -0.642332 234.161 0.43538 -0.888096 -0.14741 246.393 
-0.588342 -0.190247 -0.785913 -203.082 0.675808 0.417988 -0.607099 231.721 0.444001 -0.888309 -0.117349 245.922 
-0.527086 -0.210554 -0.823315 -207.254 0.717011 0.409848 -0.563844 228.577 0.456153 -0.88752 -0.0650556 245.36 
-0.480427 -0.209689 -0.851599 -210.339 0.750098 0.404922 -0.522869 226.162 0.454471 -0.889982 -0.0372483 244.989 
-0.419047 -0.218304 -0.88133 -215.236 0.782279 0.405934 -0.472501 223.467 0.460911 -0.887446 0.000669399 245.067 
-0.351119 -0.2296 -0.907744 -220.328 0.814724 0.402869 -0.417038 220.79 0.461454 -0.885991 0.0456058 245.26 
-0.258498 -0.24205 -0.935195 -225.664 0.84702 0.408685 -0.339903 218.492 0.464474 -0.879993 0.0993767 245.776 
-0.17772 -0.248513 -0.952185 -229.896 0.869567 0.413347 -0.27018 217.143 0.460727 -0.876005 0.142639 246.382 
-0.0990104 -0.257497 -0.961193 -234.204 0.888404 0.412255 -0.201953 216.048 0.448258 -0.873923 0.187944 247.19 
-0.0296008 -0.26252 -0.964472 -238.578 0.902413 0.407928 -0.13873 215.156 0.429855 -0.874459 0.224827 248.126 
0.0329174 -0.268341 -0.962761 -242.985 0.911696 0.402783 -0.0810925 214.465 0.409545 -0.875076 0.257904 249.166 
0.073557 -0.274127 -0.958876 -245.915 0.914188 0.402781 -0.0450197 214.207 0.398559 -0.873282 0.280231 250.002 
0.113505 -0.273178 -0.955244 -248.855 0.913464 0.406844 -0.00780769 214.133 0.390768 -0.871695 0.295717 250.955 
0.15792 -0.268356 -0.950287 -251.776 0.909219 0.414934 0.0339205 214.141 0.385204 -0.869376 0.309521 251.909 
0.199615 -0.267709 -0.942595 -254.624 0.904186 0.421044 0.0718995 214.284 0.377626 -0.866634 0.326105 252.949 
0.242401 -0.266548 -0.932842 -257.386 0.897359 0.427073 0.11115 214.529 0.368765 -0.864037 0.342712 253.99 
0.28699 -0.260132 -0.921937 -260.127 0.889771 0.428937 0.15595 214.908 0.354886 -0.865069 0.354558 255.07 
0.33027 -0.255602 -0.90862 -262.729 0.880842 0.429374 0.199386 215.394 0.339174 -0.866202 0.366954 256.161 
0.373346 -0.253107 -0.892496 -265.258 0.869612 0.430546 0.241672 215.955 0.323092 -0.866352 0.380848 257.263 
0.433908 -0.252471 -0.86486 -268.885 0.851127 0.429686 0.301584 217.003 0.295477 -0.866965 0.401329 258.929 
0.488247 -0.261839 -0.832499 -272.294 0.829078 0.437004 0.348793 218.211 0.272478 -0.860504 0.430451 260.614 
0.540742 -0.263823 -0.798746 -275.463 0.801184 0.450872 0.393471 219.561 0.256325 -0.852709 0.455176 262.366 
0.589989 -0.254258 -0.766333 -278.413 0.771024 0.459138 0.441264 221.072 0.239658 -0.851202 0.466925 264.15 
0.634964 -0.25134 -0.730513 -281.213 0.740441 0.467744 0.482662 222.71 0.220381 -0.847374 0.483104 265.901 
0.672078 -0.245726 -0.69852 -283.794 0.713901 0.465495 0.523125 224.438 0.196612 -0.850255 0.488273 267.722 
0.697941 -0.240777 -0.674466 -286.227 0.693526 0.462116 0.552694 226.311 0.178606 -0.853508 0.489515 269.493 
0.713023 -0.243458 -0.657515 -288.455 0.679931 0.469005 0.563673 228.106 0.171148 -0.848977 0.499946 271.196 
0.721853 -0.244279 -0.6475 -290.557 0.671751 0.472258 0.570722 229.927 0.166372 -0.846936 0.504995 272.876 
0.724744 -0.234903 -0.64774 -291.911 0.668772 0.466041 0.579267 231.169 0.165802 -0.85301 0.494857 273.961 
0.723724 -0.238275 -0.647648 -293.926 0.669031 0.472341 0.57384 232.926 0.169179 -0.848598 0.501258 275.549 
0.721504 -0.237117 -0.650544 -295.262 0.670008 0.476142 0.569542 234.066 0.174703 -0.846796 0.502409 276.604 
0.716392 -0.236212 -0.656496 -296.586 0.673474 0.479911 0.562244 235.186 0.182251 -0.84492 0.502887 277.64 
0.706479 -0.237381 -0.666737 -297.939 0.682867 0.476165 0.55404 236.331 0.185958 -0.84671 0.4985 278.687 
0.696857 -0.240052 -0.675844 -299.323 0.691696 0.474051 0.544824 237.432 0.189598 -0.847143 0.496389 279.737 
0.688239 -0.238304 -0.685229 -300.672 0.698099 0.474592 0.536115 238.455 0.197446 -0.847333 0.492993 280.731 
0.671627 -0.239103 -0.701246 -302.737 0.71175 0.471059 0.521071 240.047 0.205738 -0.849078 0.486557 282.219 
0.662124 -0.242463 -0.709087 -304.117 0.719033 0.472151 0.509966 241 0.211148 -0.847517 0.486961 283.185 
0.653119 -0.242564 -0.717355 -305.51 0.724751 0.474793 0.499308 241.951 0.219481 -0.846011 0.485895 284.149 
0.64337 -0.240496 -0.726799 -306.913 0.73142 0.473432 0.490803 242.885 0.226054 -0.847363 0.480495 285.108 
0.631913 -0.240562 -0.736761 -308.299 0.739989 0.46991 0.48125 243.824 0.230441 -0.849303 0.474955 286.071 
0.618791 -0.245834 -0.746099 -309.672 0.750335 0.466168 0.468706 244.729 0.232583 -0.849855 0.472918 286.998 
0.598189 -0.25105 -0.761015 -311.848 0.763545 0.466823 0.446179 246.012 0.243246 -0.847969 0.470936 288.391 
0.589225 -0.247117 -0.769251 -313.316 0.76786 0.467516 0.437972 246.799 0.251407 -0.848741 0.465224 289.287 
0.58499 -0.2474 -0.772386 -314.796 0.769627 0.469763 0.432431 247.586 0.255855 -0.847417 0.465213 290.185 
0.579262 -0.249907 -0.775888 -316.271 0.773555 0.468676 0.426563 248.398 0.257039 -0.847283 0.464803 291.088 
0.571704 -0.254137 -0.780108 -317.755 0.779586 0.464631 0.419958 249.237 0.255735 -0.848253 0.463753 292.017 
0.566172 -0.253269 -0.784413 -319.287 0.782776 0.463386 0.415374 250.037 0.258284 -0.849193 0.460609 292.942 
0.56161 -0.250409 -0.7886 -320.982 0.785526 0.46074 0.413119 250.838 0.259891 -0.851478 0.455459 293.918 
0.551321 -0.256239 -0.793969 -322.569 0.792697 0.457634 0.402745 251.598 0.260148 -0.851418 0.455423 294.835 
0.539769 -0.256578 -0.801759 -324.16 0.799437 0.454608 0.392724 252.353 0.263722 -0.852936 0.450501 295.756 
0.517325 -0.2599 -0.815369 -326.801 0.812034 0.449829 0.371826 253.366 0.27014 -0.854462 0.443755 297.241 
0.488941 -0.258844 -0.833029 -329.257 0.825279 0.446612 0.345618 254.385 0.282579 -0.856468 0.431986 298.571 
0.47195 -0.259905 -0.842445 -330.93 0.830556 0.451574 0.325973 255.009 0.295704 -0.85354 0.428986 299.451 
0.449681 -0.255995 -0.855718 -333.535 0.836694 0.456048 0.303254 255.793 0.312617 -0.852342 0.419266 300.697 
0.429119 -0.252407 -0.867264 -336.11 0.843406 0.455642 0.284705 256.603 0.323301 -0.853628 0.408406 301.948 
0.398935 -0.254227 -0.881033 -339.508 0.852433 0.456914 0.25414 257.589 0.337947 -0.852407 0.398991 303.554 
0.374908 -0.249976 -0.892724 -342.096 0.860198 0.45288 0.234435 258.201 0.345693 -0.855811 0.384817 304.696 
0.348731 -0.246241 -0.904297 -344.669 0.866238 0.453036 0.210692 258.818 0.357798 -0.85681 0.371291 305.809 
0.315188 -0.243903 -0.917152 -348.096 0.872177 0.455414 0.178621 259.532 0.374118 -0.856218 0.356268 307.216 
0.282421 -0.239359 -0.928949 -351.538 0.878426 0.453672 0.150165 260.08 0.385494 -0.858423 0.338386 308.572 
0.266187 -0.227997 -0.936569 -355.052 0.880426 0.453064 0.139937 260.578 0.392421 -0.86183 0.321334 309.857 
0.264117 -0.226967 -0.937405 -356.836 0.88096 0.452415 0.138674 260.744 0.392622 -0.862442 0.319439 310.477 
0.259895 -0.230597 -0.937699 -358.613 0.881925 0.452168 0.13324 261.003 0.393272 -0.861609 0.320885 311.107 
0.256072 -0.227354 -0.939541 -360.396 0.882856 0.450852 0.131524 261.259 0.393691 -0.863159 0.316171 311.763 
0.252994 -0.221834 -0.941692 -362.224 0.883406 0.449817 0.131371 261.506 0.394446 -0.865133 0.30977 312.412 
0.255552 -0.217099 -0.942105 -364.073 0.881729 0.452025 0.13501 261.658 0.396544 -0.865183 0.306938 313.003 
0.255029 -0.214742 -0.942786 -365.889 0.879808 0.456013 0.134126 261.913 0.401121 -0.863677 0.305229 313.62 
0.253399 -0.206824 -0.944993 -368.665 0.879941 0.455096 0.136351 262.262 0.401862 -0.866089 0.297314 314.545 
0.250067 -0.202285 -0.946862 -371.461 0.880687 0.453868 0.135627 262.601 0.402315 -0.867804 0.291647 315.44 
0.242242 -0.198205 -0.949754 -374.252 0.881932 0.452977 0.130412 262.972 0.404368 -0.86921 0.284533 316.328 
0.231754 -0.191249 -0.953789 -377.058 0.883943 0.450743 0.124402 263.265 0.406122 -0.871926 0.273515 317.153 
0.211346 -0.189699 -0.958826 -379.827 0.884835 0.453862 0.105243 263.588 0.41521 -0.870646 0.263774 317.998 
0.186414 -0.183898 -0.965107 -382.618 0.888592 0.450608 0.0857724 263.875 0.419111 -0.873575 0.24741 318.825 
0.165626 -0.184988 -0.968683 -384.499 0.892617 0.445734 0.0674988 263.998 0.419288 -0.875843 0.238949 319.317 
0.142429 -0.18551 -0.972265 -386.403 0.895109 0.443413 0.046522 264.074 0.422485 -0.87691 0.229207 319.799 
0.120171 -0.182349 -0.975863 -388.341 0.896345 0.442491 0.0276956 264.07 0.42676 -0.878038 0.216622 320.231 
0.0863673 -0.176617 -0.980483 -391.255 0.896314 0.443419 -0.000921123 263.989 0.434927 -0.878741 0.196601 320.85 
0.0636929 -0.167171 -0.983868 -393.231 0.896664 0.44238 -0.0171181 263.919 0.438105 -0.881109 0.178073 321.239 
0.0369153 -0.165262 -0.985559 -395.221 0.898741 0.436691 -0.0395627 263.876 0.436923 -0.884302 0.164649 321.645 
0.00609925 -0.161949 -0.98678 -397.264 0.899696 0.431609 -0.0652739 263.792 0.436474 -0.887404 0.148337 322.015 
-0.0216708 -0.156754 -0.9874 -399.314 0.898794 0.429467 -0.0879061 263.597 0.437835 -0.889374 0.131583 322.327 
-0.0501684 -0.153367 -0.986895 -401.384 0.897074 0.427444 -0.112029 263.368 0.439023 -0.890938 0.116137 322.614 
-0.0770079 -0.151851 -0.985399 -403.465 0.893603 0.427835 -0.135764 263.075 0.442204 -0.89101 0.102748 322.864 
-0.0964415 -0.151484 -0.983744 -405.567 0.887846 0.433668 -0.15382 262.714 0.44992 -0.888248 0.0926707 323.074 
-0.11405 -0.1541 -0.981451 -407.673 0.882699 0.437611 -0.171284 262.308 0.455889 -0.885861 0.0861143 323.289 
-0.137584 -0.148435 -0.979305 -410.867 0.871637 0.451454 -0.190886 261.683 0.470446 -0.879861 0.0672687 323.551 
-0.151003 -0.146901 -0.977557 -413.012 0.865389 0.458338 -0.202552 261.215 0.477807 -0.876553 0.0579165 323.7 
-0.158496 -0.150694 -0.975792 -415.171 0.861571 0.461603 -0.21123 260.685 0.48226 -0.874193 0.0566712 323.85 
-0.161156 -0.161726 -0.973588 -417.323 0.858358 0.463895 -0.219142 260.167 0.487083 -0.871003 0.0640595 324.001 
-0.162877 -0.160622 -0.973484 -419.515 0.857507 0.46497 -0.220191 259.641 0.488009 -0.870634 0.0620014 324.173 
-0.1651 -0.159175 -0.973348 -421.697 0.858467 0.462678 -0.221277 259.097 0.485568 -0.87212 0.0602583 324.335 
-0.168005 -0.160425 -0.972645 -423.885 0.859445 0.45943 -0.224229 258.538 0.482835 -0.873606 0.0606899 324.487 
-0.17399 -0.160336 -0.971607 -426.089 0.860165 0.455604 -0.229218 257.993 0.47942 -0.875624 0.0586452 324.652 
-0.184326 -0.158604 -0.969984 -428.304 0.858176 0.455115 -0.237495 257.397 0.479122 -0.876193 0.0522204 324.817 
-0.202304 -0.157114 -0.966637 -430.474 0.855365 0.452303 -0.252533 256.732 0.47689 -0.877916 0.0428872 324.943 
-0.225711 -0.157358 -0.961401 -432.653 0.848558 0.453012 -0.273366 256.059 0.478543 -0.877507 0.0312778 325.043 
-0.25117 -0.155309 -0.955402 -434.816 0.840319 0.454885 -0.294861 255.376 0.480393 -0.876903 0.0162556 325.14 
-0.275156 -0.153825 -0.949014 -436.942 0.832139 0.456265 -0.315225 254.622 0.481491 -0.876448 0.00245974 325.178 
-0.300202 -0.153348 -0.941468 -439.044 0.822882 0.457551 -0.336916 253.821 0.482436 -0.87586 -0.0111703 325.185 
-0.324433 -0.157598 -0.932687 -441.122 0.810345 0.462324 -0.359997 252.998 0.487939 -0.872593 -0.0222847 325.167 
-0.343009 -0.160365 -0.925542 -443.168 0.798898 0.468456 -0.377242 252.117 0.494072 -0.868811 -0.0325692 325.129 
-0.358772 -0.162143 -0.919235 -446.21 0.791624 0.468951 -0.391684 250.768 0.494584 -0.868214 -0.0398899 325.034 
-0.36772 -0.161831 -0.915747 -448.215 0.789148 0.466652 -0.399351 249.822 0.491963 -0.869509 -0.0438887 324.956 
-0.37875 -0.163826 -0.910884 -450.217 0.786418 0.461935 -0.410077 248.91 0.48795 -0.871652 -0.0461221 324.888 
-0.388934 -0.16729 -0.905949 -452.199 0.780645 0.462344 -0.420514 247.95 0.489208 -0.870777 -0.0492269 324.801 
-0.406772 -0.162636 -0.898936 -455.127 0.769898 0.468639 -0.433168 246.472 0.491725 -0.86829 -0.065416 324.658 
-0.420022 -0.166398 -0.892128 -458.055 0.765915 0.462299 -0.446827 244.974 0.486781 -0.870972 -0.0667292 324.49 
-0.420624 -0.16611 -0.891899 -459.962 0.764635 0.46419 -0.447058 243.972 0.488271 -0.87002 -0.0682361 324.372 
-0.404195 -0.167808 -0.899148 -461.834 0.76719 0.473063 -0.433164 243.001 0.498041 -0.8649 -0.0624691 324.264 
-0.382364 -0.167457 -0.908711 -463.676 0.775879 0.475896 -0.414169 242.114 0.501807 -0.863413 -0.0520394 324.187 
-0.366331 -0.164515 -0.915825 -465.49 0.784448 0.474753 -0.399063 241.286 0.500443 -0.864606 -0.0448631 324.134 
-0.359466 -0.164938 -0.918466 -467.251 0.789635 0.470717 -0.393576 240.511 0.497253 -0.86673 -0.0389663 324.1 
-0.363649 -0.164579 -0.916882 -468.969 0.791023 0.465272 -0.397247 239.71 0.491979 -0.869733 -0.0390096 324.068 
-0.378766 -0.165195 -0.91063 -470.682 0.786184 0.461722 -0.410764 238.924 0.488314 -0.871507 -0.0450106 324.01 
-0.402131 -0.164904 -0.900609 -472.347 0.776401 0.459933 -0.430887 238.084 0.485275 -0.872507 -0.0569213 323.939 
-0.436211 -0.162265 -0.885093 -473.996 0.76262 0.455428 -0.459344 237.209 0.477631 -0.87536 -0.0749159 323.838 
-0.475405 -0.162993 -0.864536 -475.567 0.743138 0.451577 -0.493786 236.262 0.470888 -0.877218 -0.0935561 323.686 
-0.519538 -0.164747 -0.838414 -477.098 0.717174 0.449323 -0.532701 235.266 0.46448 -0.878048 -0.115288 323.509 
-0.566635 -0.169592 -0.806327 -478.584 0.684555 0.447757 -0.575237 234.202 0.458594 -0.877925 -0.137619 323.285 
-0.614966 -0.168615 -0.770316 -479.988 0.648777 0.44708 -0.615799 233.053 0.448225 -0.878458 -0.165546 323.013 
-0.660853 -0.172546 -0.730412 -481.32 0.609029 0.445435 -0.656256 231.844 0.438585 -0.87853 -0.189281 322.678 
-0.699063 -0.178778 -0.692351 -482.592 0.570351 0.444589 -0.690681 230.554 0.43129 -0.877712 -0.20883 322.308 
-0.724071 -0.18252 -0.665137 -483.825 0.539728 0.450482 -0.711168 229.201 0.429435 -0.873929 -0.22767 321.894 
-0.733473 -0.185558 -0.6539 -485.031 0.523819 0.458755 -0.717744 227.804 0.433163 -0.868972 -0.239285 321.456 
-0.732497 -0.200076 -0.650706 -486.875 0.519477 0.453498 -0.724212 225.679 0.439992 -0.868509 -0.228251 320.79 
-0.72728 -0.198379 -0.657047 -488.806 0.527724 0.450455 -0.720137 223.517 0.43883 -0.87048 -0.222918 320.144 
-0.724858 -0.200889 -0.658957 -490.801 0.535014 0.438428 -0.722178 221.28 0.433983 -0.876028 -0.210319 319.512 
-0.722617 -0.201781 -0.661142 -492.188 0.534404 0.443582 -0.719477 219.761 0.438448 -0.873223 -0.212707 319.099 
-0.720127 -0.206974 -0.662253 -494.288 0.531857 0.448298 -0.718441 217.386 0.445585 -0.869593 -0.212751 318.409 
-0.720733 -0.209666 -0.660745 -495.732 0.530241 0.447235 -0.720296 215.791 0.44653 -0.869495 -0.211163 317.961 
-0.725774 -0.208775 -0.655489 -497.175 0.529047 0.439669 -0.72581 214.164 0.439729 -0.873558 -0.208649 317.505 
-0.744558 -0.194798 -0.638503 -499.352 0.519472 0.43165 -0.737446 211.734 0.419263 -0.880756 -0.220196 316.856 
-0.758682 -0.190625 -0.622948 -500.726 0.508316 0.424847 -0.749079 210.04 0.407451 -0.884967 -0.225426 316.378 
-0.772004 -0.187032 -0.607477 -502.064 0.495491 0.421535 -0.759472 208.329 0.398118 -0.887315 -0.232755 315.894 
-0.783453 -0.184964 -0.593287 -503.376 0.482242 0.421209 -0.768131 206.58 0.391974 -0.887903 -0.2408 315.392 
-0.793526 -0.188756 -0.578522 -504.661 0.467491 0.41952 -0.77811 204.836 0.389575 -0.887904 -0.244658 314.874 
-0.803631 -0.188393 -0.564523 -505.907 0.454837 0.41731 -0.78675 203.089 0.383799 -0.889022 -0.249675 314.357 
-0.810932 -0.189266 -0.553686 -507.12 0.444704 0.415647 -0.793396 201.334 0.3803 -0.889616 -0.252894 313.828 
-0.818585 -0.187539 -0.542907 -508.311 0.438116 0.407383 -0.801307 199.576 0.371448 -0.893794 -0.251314 313.296 
-0.826932 -0.182635 -0.531816 -509.487 0.432532 0.397745 -0.809145 197.814 0.359305 -0.899135 -0.249913 312.77 
-0.832618 -0.180157 -0.523727 -510.667 0.424402 0.400029 -0.812318 196.018 0.355851 -0.898621 -0.256612 312.244 
-0.837421 -0.1811 -0.515682 -512.463 0.41508 0.403093 -0.815613 193.36 0.355575 -0.897061 -0.262387 311.48 
-0.840141 -0.171616 -0.5145 -513.581 0.416105 0.404501 -0.814393 191.533 0.347878 -0.898291 -0.268428 310.912 
-0.843714 -0.16099 -0.512083 -514.724 0.418311 0.400642 -0.81517 189.717 0.336396 -0.90198 -0.270683 310.345 
-0.845383 -0.158046 -0.510245 -515.865 0.418239 0.398344 -0.816332 187.875 0.332271 -0.903517 -0.270652 309.78 
-0.846844 -0.154998 -0.508754 -516.985 0.417828 0.39795 -0.816734 186.022 0.329051 -0.904219 -0.272239 309.199 
-0.847183 -0.153739 -0.508572 -518.072 0.416647 0.401721 -0.815491 184.151 0.329676 -0.902765 -0.276276 308.596 
-0.84701 -0.155478 -0.508332 -519.195 0.41368 0.407749 -0.814009 182.306 0.333832 -0.89976 -0.281049 308 
-0.844569 -0.157227 -0.511843 -520.805 0.414172 0.414022 -0.810585 179.509 0.339359 -0.896586 -0.284551 307.058 
-0.844042 -0.154431 -0.513561 -521.366 0.416295 0.415021 -0.808984 178.602 0.338071 -0.896609 -0.286006 306.755 
-0.842588 -0.153669 -0.51617 -522.53 0.417181 0.419896 -0.806007 176.783 0.340596 -0.894468 -0.289691 306.17 
-0.839543 -0.155593 -0.520537 -524.202 0.420004 0.421878 -0.803502 174.099 0.344622 -0.893202 -0.288836 305.255 
-0.83849 -0.146908 -0.524741 -525.883 0.425276 0.42566 -0.798721 171.456 0.340699 -0.892878 -0.294435 304.353 
-0.838333 -0.14071 -0.526686 -527.614 0.42946 0.424637 -0.797024 168.891 0.3358 -0.894362 -0.295558 303.51 
-0.8393 -0.134239 -0.526835 -528.733 0.432546 0.422179 -0.796661 167.182 0.329362 -0.896518 -0.29627 302.918 
-0.840357 -0.130836 -0.526006 -530.409 0.43303 0.421628 -0.79669 164.662 0.326014 -0.89728 -0.297662 302.072 
-0.840766 -0.128412 -0.525949 -531.994 0.432747 0.424368 -0.795388 162.166 0.325333 -0.896338 -0.301224 301.187 
-0.841705 -0.126446 -0.524923 -533.582 0.432097 0.425215 -0.795289 159.732 0.323766 -0.896216 -0.303269 300.343 
-0.842781 -0.126298 -0.523229 -535.137 0.429983 0.426772 -0.795601 157.338 0.323782 -0.895497 -0.305369 299.501 
-0.842118 -0.127033 -0.524118 -536.651 0.42871 0.431917 -0.793509 154.959 0.327177 -0.892922 -0.309264 298.654 
-0.842547 -0.122605 -0.524483 -538.162 0.428036 0.438674 -0.790158 152.624 0.326955 -0.890243 -0.317124 297.789 
-0.844422 -0.117162 -0.522709 -539.143 0.426364 0.443729 -0.788238 151.084 0.324292 -0.88847 -0.324741 297.208 
-0.846931 -0.112389 -0.519689 -540.129 0.42442 0.445847 -0.788092 149.568 0.320275 -0.888025 -0.329902 296.636 
-0.848562 -0.110438 -0.517442 -541.087 0.422848 0.446288 -0.788686 148.061 0.318029 -0.888049 -0.332005 296.027 
-0.850179 -0.106672 -0.515574 -542.067 0.422696 0.44552 -0.789202 146.587 0.313884 -0.888894 -0.333682 295.453 
-0.849927 -0.106388 -0.516048 -543.029 0.423137 0.4458 -0.788808 145.144 0.313974 -0.888788 -0.333881 294.897 
-0.849079 -0.0996367 -0.518785 -544.363 0.428768 0.443675 -0.786963 143.005 0.308582 -0.890632 -0.333994 294.034 
-0.849373 -0.0997208 -0.518286 -545.258 0.429524 0.440062 -0.788578 141.674 0.306716 -0.892413 -0.330944 293.505 
-0.848468 -0.101338 -0.519455 -546.111 0.430341 0.439226 -0.788598 140.351 0.308073 -0.892643 -0.32906 293.025 
-0.847449 -0.0992848 -0.52151 -547.343 0.433708 0.437032 -0.787973 138.399 0.30615 -0.89395 -0.327302 292.322 
-0.84142 -0.100941 -0.53087 -548.561 0.442338 0.435645 -0.783933 136.52 0.310402 -0.894441 -0.32191 291.61 
-0.824658 -0.104841 -0.55583 -549.855 0.462075 0.441891 -0.768908 134.641 0.32623 -0.890921 -0.315964 290.888 
-0.807589 -0.0997212 -0.581254 -550.79 0.484402 0.450013 -0.750229 133.436 0.336386 -0.887437 -0.315121 290.43 
-0.782548 -0.100683 -0.614395 -551.729 0.514117 0.452079 -0.728909 132.262 0.351144 -0.886277 -0.302011 289.955 
-0.753975 -0.0984709 -0.649481 -552.825 0.54536 0.457338 -0.702442 131.182 0.366202 -0.883824 -0.291119 289.601 
-0.722734 -0.0980891 -0.68413 -554.037 0.57917 0.454175 -0.676969 130.237 0.377119 -0.885496 -0.271438 289.297 
-0.68406 -0.0977311 -0.722849 -555.107 0.61762 0.449636 -0.64527 129.141 0.388082 -0.887849 -0.247217 288.895 
-0.647472 -0.0931856 -0.756371 -556.361 0.651132 0.448067 -0.612587 128.192 0.395989 -0.88913 -0.229434 288.609 
-0.607609 -0.0874987 -0.789402 -557.57 0.685597 0.44398 -0.576921 127.239 0.400958 -0.891754 -0.209777 288.27 
-0.566568 -0.085491 -0.819568 -558.864 0.715844 0.441554 -0.540923 126.348 0.408128 -0.893152 -0.188973 287.996 
-0.525296 -0.0857646 -0.846586 -560.234 0.743855 0.43685 -0.505808 125.513 0.413211 -0.895437 -0.165679 287.724 
-0.488175 -0.086189 -0.86848 -561.659 0.767611 0.431104 -0.47426 124.728 0.415281 -0.898176 -0.144295 287.513 
-0.454011 -0.0868861 -0.886749 -563.137 0.78667 0.428213 -0.444729 123.989 0.418358 -0.899491 -0.126063 287.323 
-0.419364 -0.0888002 -0.903465 -564.617 0.803478 0.426929 -0.414915 123.247 0.42256 -0.899915 -0.107689 287.142 
-0.385948 -0.0886351 -0.918253 -566.158 0.818963 0.425286 -0.385267 122.588 0.424669 -0.900708 -0.0915497 287.031 
-0.351075 -0.086071 -0.932383 -567.745 0.834153 0.423609 -0.353192 121.958 0.425366 -0.901747 -0.0769221 286.927 
-0.314082 -0.0879481 -0.945314 -569.355 0.847759 0.422248 -0.320953 121.377 0.427384 -0.902204 -0.0580617 286.79 
-0.278481 -0.0941236 -0.955819 -570.923 0.86002 0.418597 -0.291791 120.853 0.427567 -0.903281 -0.0356231 286.705 
-0.220501 -0.100517 -0.970194 -573.427 0.873221 0.422837 -0.24227 120.136 0.434586 -0.900614 -0.00546211 286.681 
-0.152638 -0.0957654 -0.983631 -575.971 0.88937 0.420702 -0.17897 119.596 0.430955 -0.90213 0.0209555 286.736 
-0.0731975 -0.0952964 -0.992754 -578.58 0.903744 0.41463 -0.106436 119.233 0.421769 -0.904986 0.0557737 286.893 
0.00413084 -0.093484 -0.995612 -581.164 0.913278 0.405888 -0.034322 119.099 0.407316 -0.909129 0.0870535 287.161 
0.0511111 -0.0946376 -0.994199 -582.867 0.91547 0.402291 0.00876964 119.091 0.399128 -0.910607 0.107199 287.37 
0.0910606 -0.0939572 -0.991403 -584.569 0.915828 0.398892 0.0463152 119.143 0.391111 -0.912172 0.122372 287.61 
0.13039 -0.0909507 -0.987282 -586.291 0.91304 0.399166 0.0838127 119.232 0.386467 -0.912356 0.135089 287.866 
0.186935 -0.0910212 -0.978146 -588.885 0.908026 0.395986 0.136686 119.531 0.374891 -0.913734 0.156673 288.303 
0.25146 -0.0853771 -0.964095 -591.488 0.897182 0.39424 0.199095 119.969 0.363087 -0.915033 0.175735 288.744 
0.320492 -0.0890245 -0.943058 -594.042 0.883147 0.3881 0.263495 120.581 0.342543 -0.917308 0.203005 289.313 
0.389883 -0.09134 -0.916323 -596.569 0.864858 0.378051 0.3303 121.422 0.316247 -0.921268 0.226392 289.982 
0.459968 -0.0946467 -0.882877 -599.071 0.837341 0.377076 0.395821 122.438 0.295448 -0.921334 0.252694 290.721 
0.529346 -0.0949843 -0.843073 -601.511 0.802364 0.378957 0.46109 123.667 0.275692 -0.920527 0.276811 291.517 
0.597089 -0.0975173 -0.796225 -603.852 0.763026 0.37534 0.526224 125.104 0.247539 -0.921743 0.298519 292.41 
0.642132 -0.0971421 -0.760414 -605.391 0.731754 0.37331 0.570241 126.14 0.228476 -0.922606 0.310799 293.044 
0.6791 -0.102461 -0.72686 -606.847 0.703919 0.371672 0.605275 127.308 0.208136 -0.922693 0.324527 293.705 
0.715274 -0.101009 -0.691506 -608.263 0.672188 0.370122 0.641227 128.554 0.191172 -0.923475 0.332636 294.405 
0.748927 -0.0972416 -0.655479 -609.635 0.63906 0.367582 0.675637 129.882 0.175242 -0.924893 0.337436 295.13 
0.780413 -0.0976532 -0.617592 -610.924 0.604658 0.369356 0.705666 131.307 0.159201 -0.924143 0.347297 295.883 
0.809203 -0.102236 -0.578566 -612.137 0.571052 0.368439 0.733589 132.806 0.138167 -0.924013 0.356524 296.667 
0.835316 -0.10505 -0.53964 -613.295 0.537293 0.363917 0.760842 134.378 0.116458 -0.925489 0.360428 297.468 
0.856358 -0.115232 -0.503361 -614.389 0.508088 0.362035 0.781522 136.027 0.0921781 -0.925015 0.368579 298.272 
0.876961 -0.114096 -0.46682 -615.396 0.474174 0.363293 0.801983 137.739 0.0780895 -0.924662 0.372695 299.099 
0.905675 -0.114483 -0.408223 -616.793 0.420132 0.371628 0.827877 140.383 0.0569296 -0.921296 0.384672 300.389 
0.92954 -0.110827 -0.351672 -618.009 0.367 0.370166 0.853398 143.181 0.0355973 -0.922331 0.384757 301.73 
0.94405 -0.11453 -0.309278 -619.113 0.329524 0.366138 0.870263 146.078 0.0135671 -0.923486 0.383393 303.087 
0.949092 -0.125195 -0.289053 -620.11 0.314963 0.363096 0.876903 149.025 -0.0048303 -0.923303 0.384043 304.439 
0.950011 -0.130142 -0.283799 -621.08 0.311916 0.355795 0.880976 152.032 -0.013678 -0.925458 0.378602 305.825 
0.951407 -0.126038 -0.280962 -622.092 0.307634 0.348558 0.885364 155.113 -0.0136576 -0.928774 0.370394 307.224 
0.951965 -0.130323 -0.27709 -623.103 0.305673 0.351046 0.88506 158.299 -0.0180721 -0.927245 0.374019 308.64 
0.952261 -0.132834 -0.274869 -623.762 0.304549 0.350921 0.885497 160.316 -0.0211665 -0.926936 0.374623 309.557 
0.953227 -0.129891 -0.272922 -624.459 0.301561 0.347556 0.887843 162.449 -0.0204674 -0.928619 0.37047 310.509 
0.953904 -0.128488 -0.271217 -625.129 0.299393 0.344848 0.889631 164.619 -0.0207784 -0.929823 0.36742 311.459 
0.953647 -0.131797 -0.27053 -625.784 0.29994 0.343553 0.889948 166.817 -0.0243512 -0.929839 0.367159 312.414 
0.953513 -0.136658 -0.268585 -626.49 0.300012 0.3465 0.88878 169.018 -0.0283941 -0.928042 0.371391 313.367 
0.953797 -0.13408 -0.268877 -627.203 0.299273 0.344729 0.889718 171.247 -0.026604 -0.929077 0.368928 314.347 
0.954164 -0.132453 -0.268377 -627.892 0.298324 0.349212 0.888287 173.518 -0.0239359 -0.927635 0.37272 315.347 
0.953947 -0.134339 -0.268214 -628.595 0.299039 0.355276 0.885638 175.8 -0.0236858 -0.925058 0.379087 316.359 
0.95409 -0.133203 -0.268272 -629.339 0.298516 0.349571 0.888081 178.121 -0.0245149 -0.927393 0.373285 317.383 
0.95438 -0.132125 -0.267771 -630.064 0.297686 0.351149 0.887737 180.462 -0.0232643 -0.92695 0.374462 318.421 
0.95475 -0.12992 -0.267532 -631.119 0.296632 0.350955 0.888166 184.031 -0.021499 -0.927335 0.373613 319.998 
0.95449 -0.133568 -0.266662 -632.206 0.297205 0.351468 0.887772 187.638 -0.0248552 -0.926623 0.37517 321.6 
0.954632 -0.132848 -0.266515 -632.94 0.296731 0.348953 0.888922 190.074 -0.0250901 -0.927676 0.372542 322.691 
0.956152 -0.125546 -0.264596 -633.709 0.292328 0.354209 0.888302 192.508 -0.0178002 -0.926701 0.375378 323.796 
0.957456 -0.117178 -0.263719 -634.467 0.288391 0.355466 0.889086 194.975 -0.0104385 -0.927315 0.374136 324.898 
0.956818 -0.122 -0.263845 -635.209 0.290321 0.355581 0.888412 197.452 -0.0145684 -0.926649 0.375645 326.016 
0.95495 -0.131224 -0.266178 -636.293 0.295849 0.350442 0.88863 201.204 -0.0233291 -0.927346 0.373477 327.699 
0.95529 -0.128372 -0.266348 -637.065 0.294919 0.349568 0.889283 203.682 -0.0210522 -0.928075 0.371798 328.807 
0.954697 -0.131931 -0.266734 -637.796 0.29663 0.350432 0.888374 206.169 -0.0237318 -0.92725 0.373691 329.93 
0.953778 -0.136293 -0.267828 -638.545 0.299313 0.351308 0.887127 208.648 -0.0268192 -0.926287 0.375864 331.048 
0.953538 -0.132009 -0.270811 -639.302 0.300424 0.349241 0.887568 211.117 -0.0225885 -0.927688 0.372673 332.16 
0.953777 -0.123031 -0.274177 -640.069 0.3002 0.348217 0.888046 213.59 -0.013784 -0.929305 0.369055 333.246 
0.951564 -0.126491 -0.280224 -641.243 0.307194 0.353922 0.883386 217.273 -0.0125628 -0.926682 0.375637 334.895 
0.95112 -0.123907 -0.282873 -642.434 0.308663 0.352154 0.883581 220.941 -0.00986735 -0.927704 0.373186 336.569 
0.951202 -0.124012 -0.282551 -643.227 0.308414 0.353196 0.883252 223.357 -0.0097383 -0.927294 0.374208 337.664 
0.951662 -0.125187 -0.280476 -643.625 0.306941 0.354263 0.883338 224.558 -0.0112197 -0.926729 0.375563 338.22 
0.952284 -0.13021 -0.276044 -644.42 0.304743 0.355448 0.883622 226.963 -0.0169369 -0.925582 0.378168 339.321 
0.953765 -0.131042 -0.270481 -645.19 0.299851 0.3534 0.886114 229.378 -0.0205297 -0.926249 0.376354 340.378 
0.955249 -0.13135 -0.265042 -645.919 0.294826 0.349979 0.889153 231.775 -0.0240311 -0.927503 0.373042 341.467 
0.956522 -0.139147 -0.256327 -646.999 0.289739 0.352629 0.889778 235.326 -0.0334214 -0.92536 0.377613 343.079 
0.958464 -0.136772 -0.250279 -647.706 0.283175 0.351646 0.892276 237.692 -0.0340293 -0.926088 0.37577 344.16 
0.961619 -0.128259 -0.242567 -648.407 0.27279 0.351595 0.895526 240.018 -0.0295743 -0.927325 0.373088 345.203 
0.965621 -0.118288 -0.231483 -649.4 0.258754 0.351864 0.899577 243.393 -0.0249587 -0.928547 0.370374 346.678 
0.965958 -0.112162 -0.23312 -649.877 0.258067 0.354824 0.898611 245.627 -0.0180729 -0.928181 0.37169 347.627 
0.96868 -0.096422 -0.228827 -650.712 0.24828 0.361269 0.8988 248.81 -0.00399613 -0.927463 0.373894 348.978 
0.968067 -0.092239 -0.233108 -651.266 0.250687 0.362668 0.897568 250.792 0.00174994 -0.927342 0.37421 349.917 
0.96319 -0.0963171 -0.250973 -651.654 0.268769 0.363214 0.892098 252.736 0.00523266 -0.926714 0.375732 350.798 
0.956687 -0.0959018 -0.27487 -652.22 0.290715 0.364453 0.88468 254.609 0.0153348 -0.92627 0.376548 351.641 
0.95033 -0.0956231 -0.296191 -652.402 0.310281 0.365884 0.877413 255.556 0.0244708 -0.925735 0.377381 352.053 
0.939893 -0.0884408 -0.329816 -653.053 0.338219 0.374046 0.863538 257.351 0.0469942 -0.923184 0.381475 352.84 
0.927142 -0.0861484 -0.364673 -653.769 0.368781 0.382233 0.847289 259.071 0.0663974 -0.920041 0.386154 353.646 
0.914481 -0.0853131 -0.395532 -654.714 0.39653 0.383539 0.834063 260.662 0.0805453 -0.919576 0.384569 354.465 
0.89791 -0.0802039 -0.43281 -655.589 0.428471 0.384518 0.817654 262.297 0.100844 -0.919627 0.379628 355.264 
0.876917 -0.0773036 -0.474384 -656.345 0.465577 0.381785 0.798423 263.83 0.119392 -0.921013 0.370784 356.016 
0.857865 -0.0676159 -0.509407 -657.381 0.493283 0.386164 0.779454 265.374 0.144011 -0.919949 0.36463 356.791 
0.83778 -0.0589781 -0.542814 -658.498 0.519428 0.392492 0.759041 266.862 0.168283 -0.917862 0.359457 357.553 
0.812419 -0.0601844 -0.57996 -659.68 0.553141 0.394148 0.733949 268.31 0.184418 -0.917074 0.353504 358.31 
0.781854 -0.0712491 -0.619377 -660.95 0.591949 0.396676 0.701601 269.686 0.195704 -0.915189 0.352319 359.045 
0.745528 -0.075884 -0.66214 -662.282 0.631734 0.397032 0.665792 271.041 0.212368 -0.914662 0.343937 359.779 
0.706831 -0.0733567 -0.703569 -663.746 0.667267 0.399323 0.628726 272.325 0.23483 -0.913871 0.331202 360.512 
0.641496 -0.0620212 -0.764615 -666.102 0.716091 0.405889 0.567862 274.128 0.27513 -0.911815 0.304789 361.557 
0.573858 -0.0574423 -0.816938 -668.659 0.755277 0.422775 0.500817 275.729 0.316613 -0.904412 0.285998 362.528 
0.502142 -0.0545801 -0.863061 -671.438 0.791052 0.432231 0.432912 277.158 0.349413 -0.90011 0.260217 363.458 
0.453888 -0.0504362 -0.88963 -673.413 0.812549 0.433201 0.390001 277.969 0.365719 -0.899885 0.237607 364.012 
