1 1.19763e-11 1.70464e-10 5.55111e-17 1.19763e-11 1 3.5625e-10 0 1.70464e-10 3.5625e-10 1 2.22045e-16 
0.999793 -0.00784548 0.018774 0.0508408 0.00784869 0.999969 -9.73253e-05 -0.0134247 -0.0187726 0.000244656 0.999824 0.879447 
0.999893 -0.0108223 0.00988635 0.0440322 0.0108567 0.999935 -0.00342862 -0.0122655 -0.0098486 0.00353559 0.999945 1.50054 
0.999716 -0.0137783 -0.019434 0.0117324 0.0136728 0.999891 -0.00555574 -0.0243822 0.0195084 0.00528845 0.999796 2.16114 
0.998349 -0.00575167 -0.0571446 -0.080204 0.00537196 0.999962 -0.00679618 -0.0370478 0.0571816 0.00647798 0.998343 2.87551 
0.99492 -0.00923816 -0.10024 -0.156318 0.00856568 0.999938 -0.00713699 -0.0370292 0.1003 0.00624211 0.994938 3.63068 
0.990475 -0.00969301 -0.137354 -0.286549 0.009014 0.999944 -0.00556469 -0.0520661 0.1374 0.00427358 0.990506 4.41838 
0.986149 -0.00741412 -0.165698 -0.457536 0.00673169 0.999966 -0.00467976 -0.0698495 0.165727 0.00349951 0.986165 5.24622 
0.981764 -0.0138811 -0.189595 -0.603405 0.0126423 0.99989 -0.00774211 -0.0882138 0.189681 0.00520402 0.981832 6.12767 
0.978618 -0.0133909 -0.205251 -0.814463 0.011373 0.999875 -0.0110081 -0.10294 0.205373 0.0084384 0.978647 7.05631 
0.975595 -0.0157938 -0.219008 -1.0765 0.0126967 0.999799 -0.015542 -0.123734 0.219209 0.0123821 0.975599 8.03368 
0.971746 -0.0225455 -0.234951 -1.32443 0.0185533 0.999644 -0.0191886 -0.150956 0.235299 0.0142873 0.971818 9.06653 
0.967476 -0.0155733 -0.252484 -1.62337 0.00927939 0.999616 -0.0260995 -0.188111 0.252793 0.0229077 0.967249 10.1386 
0.9624 -0.0230521 -0.270658 -1.93431 0.0153914 0.99942 -0.0303931 -0.223107 0.271201 0.0250845 0.962196 11.2433 
0.957395 -0.023777 -0.2878 -2.28775 0.0139313 0.999247 -0.0362103 -0.273349 0.288444 0.0306581 0.957006 12.3822 
0.953293 -0.026163 -0.300912 -2.66935 0.0119826 0.998733 -0.0488744 -0.339572 0.30181 0.042986 0.952399 13.5662 
0.950809 -0.0268365 -0.308613 -3.09171 0.00695582 0.997839 -0.0653402 -0.423898 0.3097 0.0599794 0.948941 14.7906 
0.948171 -0.0252701 -0.316755 -3.5263 -0.000621549 0.996683 -0.0813738 -0.520849 0.317761 0.0773532 0.94501 16.0612 
0.945016 -0.0222599 -0.326266 -4.01141 -0.00895378 0.995545 -0.0938564 -0.650395 0.326902 0.0916171 0.940607 17.3884 
0.941206 -0.0185412 -0.337324 -4.49116 -0.0171081 0.994596 -0.102404 -0.798633 0.3374 0.102154 0.935802 18.7561 
0.937228 -0.0173502 -0.348285 -5.02532 -0.0198035 0.994501 -0.102833 -0.962345 0.348154 0.103275 0.931731 20.1545 
0.934642 -0.0168083 -0.355193 -5.30014 -0.0206542 0.99463 -0.101416 -1.04218 0.35499 0.102124 0.929275 20.8702 
0.929007 -0.0157467 -0.369727 -5.9176 -0.0215972 0.995084 -0.0966478 -1.20308 0.369431 0.0977716 0.9241 22.3212 
0.922589 -0.00937752 -0.385671 -6.58307 -0.0257762 0.995972 -0.0858777 -1.36616 0.384923 0.0891709 0.918631 23.8138 
0.91518 -0.00458557 -0.403019 -7.26309 -0.0302984 0.996323 -0.0801381 -1.51514 0.401905 0.0855516 0.911676 25.3232 
0.907313 -0.00465793 -0.420431 -7.983 -0.0311436 0.996447 -0.0782491 -1.6603 0.419302 0.0840901 0.903944 26.8522 
0.903801 -0.00231277 -0.427946 -8.36864 -0.0337171 0.996492 -0.0765943 -1.73353 0.426622 0.0836552 0.900553 27.6219 
0.900323 -0.00213596 -0.435217 -8.76131 -0.0333634 0.996707 -0.0739098 -1.81308 0.433942 0.081063 0.897287 28.3955 
0.896296 -0.00185824 -0.443452 -9.14984 -0.0325176 0.997024 -0.0699018 -1.87814 0.442262 0.0770727 0.893568 29.1917 
0.892476 0.00149042 -0.451093 -9.5484 -0.0340842 0.997359 -0.0641395 -1.95618 0.449806 0.0726181 0.890169 29.9939 
0.888194 0.000455363 -0.459468 -9.95162 -0.0316031 0.997692 -0.0601028 -2.02221 0.45838 0.0679036 0.886158 30.8052 
0.883938 -0.00139422 -0.467602 -10.364 -0.029394 0.997852 -0.0585406 -2.08122 0.466679 0.0654909 0.881999 31.6232 
0.88054 -0.0024018 -0.473966 -10.7996 -0.0282321 0.997946 -0.0575069 -2.13703 0.473131 0.0640182 0.878663 32.4415 
0.877608 -0.000192796 -0.479379 -11.2652 -0.0301426 0.997999 -0.055584 -2.20672 0.478431 0.0632307 0.875846 33.2561 
0.87505 -0.000583416 -0.484032 -11.757 -0.0293745 0.998092 -0.0543072 -2.26913 0.48314 0.0617398 0.873363 34.0686 
0.87221 -0.00182053 -0.489129 -12.2175 -0.02826 0.998135 -0.054108 -2.33028 0.488315 0.0610163 0.870532 34.9194 
0.868455 -0.00384855 -0.495753 -13.185 -0.0271271 0.998103 -0.0552693 -2.44091 0.495026 0.0614473 0.866703 36.6394 
0.8681 -0.00337124 -0.496379 -13.6999 -0.0272785 0.998142 -0.0544856 -2.49721 0.49564 0.0608394 0.866395 37.523 
0.867949 -0.00269928 -0.496647 -14.216 -0.027074 0.998241 -0.0527404 -2.56199 0.495915 0.0592222 0.866349 38.4128 
0.866673 -0.00603929 -0.498841 -14.696 -0.0231909 0.998358 -0.052378 -2.62326 0.498338 0.0569631 0.865109 39.3365 
0.864276 -0.0108203 -0.502901 -15.7296 -0.0187723 0.998378 -0.0537425 -2.74656 0.502667 0.055889 0.862672 41.1817 
0.862838 -0.011023 -0.505361 -16.2729 -0.017393 0.998523 -0.0514761 -2.81852 0.505182 0.0532052 0.861371 42.1006 
0.857235 -0.0114066 -0.514799 -17.348 -0.0129184 0.998964 -0.043646 -2.94787 0.514763 0.0440652 0.856199 43.937 
0.847464 -0.0149994 -0.530642 -18.4548 -0.00992997 0.998978 -0.0440963 -3.06647 0.530761 0.0426392 0.846448 45.756 
0.834098 -0.0201333 -0.551248 -19.6036 -0.00714811 0.998855 -0.0472971 -3.17756 0.55157 0.0433908 0.833 47.5719 
0.824037 -0.0102543 -0.566443 -20.86 -0.0132711 0.999212 -0.0373949 -3.30433 0.56638 0.0383321 0.823252 49.3127 
0.816865 -0.0119792 -0.576705 -22.0913 -0.0156094 0.998959 -0.0428598 -3.41898 0.576618 0.0440126 0.815827 51.0466 
0.810232 -0.0150899 -0.585915 -23.3151 -0.0182113 0.998538 -0.0509003 -3.55302 0.585826 0.0519114 0.808773 52.7818 
0.807125 -0.0133188 -0.59023 -23.9591 -0.0178933 0.998734 -0.0470054 -3.6178 0.590109 0.0485004 0.805865 53.6352 
0.804654 -0.0087268 -0.59368 -24.6181 -0.0199023 0.998934 -0.0416588 -3.68031 0.59341 0.0453366 0.803622 54.4836 
0.801853 -0.00641901 -0.597487 -25.2774 -0.0209214 0.999028 -0.0388104 -3.73288 0.597155 0.0436205 0.800939 55.3325 
0.795214 -0.00658324 -0.606293 -26.5726 -0.0230389 0.998891 -0.0410639 -3.84244 0.605891 0.0466229 0.79418 57.0492 
0.791009 -0.00884386 -0.61174 -27.2245 -0.0226843 0.998784 -0.0437712 -3.8942 0.611383 0.0485003 0.789847 57.9002 
0.782366 -0.0096985 -0.622743 -28.5691 -0.0219875 0.998825 -0.043179 -4.0071 0.622431 0.0474743 0.781234 59.5919 
0.777226 -0.00967646 -0.629147 -29.2494 -0.0217191 0.998873 -0.0421939 -4.06896 0.628847 0.0464586 0.77614 60.4313 
0.771828 -0.0108847 -0.635738 -29.9396 -0.0212775 0.998851 -0.0429339 -4.12802 0.635475 0.0466645 0.77071 61.2662 
0.761087 -0.0135058 -0.648509 -31.3655 -0.0203646 0.998793 -0.0447005 -4.24927 0.64833 0.0472276 0.759893 62.9085 
0.755677 -0.0145012 -0.654784 -32.0947 -0.0202361 0.998761 -0.0454733 -4.31976 0.654632 0.0476134 0.754447 63.7236 
0.749331 -0.0161479 -0.661998 -32.8208 -0.019384 0.998739 -0.046303 -4.39109 0.661912 0.0475284 0.748074 64.5645 
0.742664 -0.0182321 -0.669416 -33.5557 -0.0174128 0.998766 -0.0465203 -4.45438 0.669437 0.0462054 0.74143 65.3904 
0.730045 -0.0193694 -0.683124 -35.093 -0.0146959 0.998922 -0.0440289 -4.57092 0.683241 0.0421822 0.728974 66.9591 
0.724549 -0.02017 -0.688928 -35.8842 -0.0142391 0.99892 -0.0442211 -4.64602 0.689076 0.0418501 0.723479 67.7425 
0.712037 -0.0226867 -0.701775 -37.5208 -0.0132866 0.998864 -0.0457717 -4.74591 0.702016 0.0419153 0.710926 69.2975 
0.702786 -0.0211388 -0.711087 -39.1905 -0.0155041 0.998866 -0.0450168 -4.85631 0.711232 0.042662 0.701661 70.8482 
0.691375 -0.0258401 -0.722034 -40.8181 -0.0140792 0.998689 -0.0492224 -4.97075 0.722359 0.0441968 0.690104 72.4378 
0.686714 -0.0275708 -0.726405 -41.6607 -0.0148359 0.998541 -0.051925 -5.03857 0.726777 0.0464345 0.685302 73.2192 
0.682286 -0.027319 -0.730575 -42.525 -0.0159238 0.998509 -0.0522095 -5.11496 0.730912 0.0472554 0.680834 73.9867 
0.672419 -0.027275 -0.739668 -44.2592 -0.0141926 0.998662 -0.0497276 -5.26269 0.740034 0.0439356 0.671132 75.5409 
0.667483 -0.0282156 -0.74409 -45.1383 -0.0137853 0.998642 -0.0502341 -5.33038 0.744497 0.0437879 0.666188 76.31 
0.658142 -0.0299071 -0.752299 -46.893 -0.0119761 0.998668 -0.0501785 -5.46871 0.752798 0.0420342 0.656908 77.8677 
0.655396 -0.0301139 -0.754685 -47.8215 -0.0121076 0.998658 -0.0503637 -5.53186 0.755189 0.0421456 0.654151 78.6029 
0.651942 -0.0319916 -0.757593 -48.7309 -0.0103675 0.99864 -0.0510922 -5.60973 0.758198 0.0411635 0.650724 79.368 
0.643683 -0.0403059 -0.76423 -50.5816 -0.0035051 0.998446 -0.0556108 -5.76109 0.765284 0.0384745 0.642542 80.881 
0.628381 -0.0472858 -0.776467 -52.4116 0.00571343 0.998404 -0.0561777 -5.9211 0.777885 0.0308647 0.627648 82.4339 
0.611476 -0.0453918 -0.78996 -54.3306 0.00719448 0.998631 -0.0518133 -6.08853 0.79123 0.0259992 0.610966 83.9298 
0.593999 -0.0453189 -0.803188 -56.3086 0.00378596 0.998558 -0.0535425 -6.24267 0.804457 0.0287634 0.593315 85.373 
0.573687 -0.0506178 -0.817509 -58.3153 0.00659693 0.998342 -0.057185 -6.39197 0.819048 0.0274132 0.573069 86.7977 
0.553427 -0.0513838 -0.831311 -60.3632 0.0101289 0.998437 -0.0549708 -6.55682 0.832836 0.022002 0.553082 88.185 
0.533075 -0.0528741 -0.844414 -62.4643 0.00926932 0.99835 -0.0566613 -6.71944 0.846017 0.0223776 0.532686 89.5116 
0.514262 -0.0541869 -0.85592 -64.6298 0.00577131 0.998198 -0.0597267 -6.88122 0.857614 0.0257754 0.513648 90.7695 
0.496294 -0.0518569 -0.866604 -66.8329 0.0040715 0.998342 -0.0574082 -7.05433 0.868145 0.024963 0.495683 92.0145 
0.478447 -0.0512235 -0.876621 -69.0063 0.00555763 0.998454 -0.0553092 -7.22576 0.878099 0.0215906 0.477992 93.3056 
0.463316 -0.0579233 -0.884298 -71.2382 0.0106732 0.998154 -0.0597891 -7.40062 0.886129 0.018263 0.463079 94.5014 
0.452059 -0.0634185 -0.889731 -73.5179 0.0132772 0.997837 -0.0643781 -7.62217 0.891889 0.0172895 0.451923 95.6298 
0.445896 -0.0651372 -0.892712 -74.6302 0.0172468 0.997789 -0.0641897 -7.71157 0.894919 0.0132255 0.446033 96.2263 
0.441655 -0.0626186 -0.894997 -75.7753 0.0190745 0.997991 -0.060412 -7.80703 0.896982 0.00960965 0.441963 96.7717 
0.438325 -0.0606887 -0.896765 -76.9601 0.0220196 0.998143 -0.0567866 -7.90472 0.898547 0.00514456 0.438848 97.3264 
0.433231 -0.0609688 -0.899218 -78.0401 0.025849 0.998139 -0.0552221 -7.99561 0.900912 0.000680021 0.434001 97.8799 
0.430011 -0.0601094 -0.900821 -79.163 0.0265324 0.998192 -0.0539414 -8.10215 0.902434 -0.000705517 0.430828 98.4323 
0.427853 -0.0597055 -0.901874 -80.2983 0.0288424 0.99821 -0.0524001 -8.17755 0.903388 -0.00359263 0.428809 98.9479 
0.425466 -0.0575535 -0.903142 -81.4186 0.0288895 0.998331 -0.0500097 -8.28568 0.904513 -0.0048139 0.426419 99.49 
0.423654 -0.0580075 -0.903965 -82.5258 0.0291332 0.998304 -0.0504076 -8.36539 0.905356 -0.00498005 0.424625 100.03 
0.416702 -0.0572099 -0.907241 -84.6704 0.0340454 0.9983 -0.0473147 -8.5251 0.908406 -0.0111713 0.417941 101.12 
0.414316 -0.0575342 -0.908313 -86.8529 0.0370624 0.998239 -0.0463247 -8.66834 0.909378 -0.0144713 0.415719 102.095 
0.413331 -0.0600175 -0.908601 -88.9768 0.0382036 0.99809 -0.0485496 -8.81072 0.909779 -0.0146448 0.414835 103.033 
0.416601 -0.0599466 -0.907111 -91.0657 0.0351631 0.998139 -0.0498132 -8.97386 0.908409 -0.0111446 0.417934 103.962 
0.426701 -0.0614439 -0.902303 -93.1148 0.0332441 0.998081 -0.0522449 -9.1159 0.903782 -0.0077033 0.427925 104.87 
0.43864 -0.0611176 -0.896582 -95.1327 0.033155 0.998106 -0.0518176 -9.26543 0.898051 -0.00699689 0.439836 105.864 
0.454919 -0.0597212 -0.888528 -97.1061 0.0315389 0.998203 -0.0509453 -9.40397 0.889974 -0.00484727 0.455985 106.872 
0.463731 -0.0592922 -0.88399 -98.083 0.0308491 0.998234 -0.0507719 -9.4755 0.885439 -0.0037258 0.464741 107.392 
0.473251 -0.0606325 -0.878839 -99.0529 0.0310797 0.998157 -0.0521282 -9.5458 0.880379 -0.0026443 0.474263 107.91 
0.496104 -0.0637234 -0.865922 -100.977 0.0278399 0.997958 -0.05749 -9.68037 0.867817 0.00441384 0.496865 108.935 
0.520903 -0.059007 -0.851574 -102.856 0.0235986 0.998222 -0.0547334 -9.83423 0.853289 0.00841484 0.52137 110.048 
0.545047 -0.055237 -0.836584 -104.687 0.0215015 0.99842 -0.0519139 -9.97331 0.83813 0.0103077 0.545373 111.22 
0.568389 -0.0567573 -0.8208 -106.481 0.0217755 0.998306 -0.0539524 -10.117 0.822472 0.0127926 0.568662 112.398 
0.592898 -0.0594302 -0.803082 -108.237 0.0257057 0.998162 -0.0548887 -10.2518 0.804867 0.0118996 0.593336 113.549 
0.613613 -0.0562347 -0.787602 -109.907 0.0277594 0.99838 -0.0496573 -10.3798 0.789119 0.00860702 0.614181 114.774 
0.634136 -0.054388 -0.771306 -111.498 0.0256971 0.998454 -0.0492781 -10.5183 0.772794 0.0114287 0.634554 116.021 
0.643704 -0.05389 -0.763375 -112.267 0.0241768 0.998452 -0.0500983 -10.5928 0.764892 0.0137925 0.64401 116.662 
0.663806 -0.0518272 -0.746107 -113.768 0.0244226 0.998566 -0.0476354 -10.7196 0.747506 0.0133988 0.66412 117.945 
0.680462 -0.0494789 -0.731111 -115.208 0.0247224 0.9987 -0.0445787 -10.8448 0.732367 0.0122592 0.6808 119.255 
0.695346 -0.0467741 -0.717151 -116.579 0.0219147 0.998796 -0.0438952 -10.9696 0.71834 0.0148062 0.695534 120.586 
0.7023 -0.0442359 -0.710505 -117.248 0.0214897 0.99893 -0.0409517 -11.0301 0.711556 0.0134919 0.702499 121.25 
0.717554 -0.0403754 -0.695332 -118.531 0.0201121 0.999103 -0.0372594 -11.136 0.696213 0.012751 0.717722 122.524 
0.73188 -0.0360918 -0.680478 -119.714 0.016338 0.999239 -0.0354265 -11.2433 0.681238 0.0148103 0.731912 123.836 
0.749628 -0.0299125 -0.661183 -120.867 0.0144333 0.999479 -0.0288533 -11.337 0.661702 0.0120862 0.74967 125.142 
0.76793 -0.02792 -0.639924 -121.929 0.0122995 0.999508 -0.0288489 -11.4135 0.640415 0.0142832 0.767896 126.478 
0.788021 -0.0267587 -0.615066 -122.976 0.0103839 0.999491 -0.0301795 -11.4855 0.615561 0.0173953 0.787898 127.8 
0.807266 -0.0227524 -0.58975 -123.939 0.00958042 0.99963 -0.0254515 -11.5593 0.590111 0.0148961 0.807185 129.178 
0.834898 -0.0201344 -0.550036 -125.404 0.0125088 0.999767 -0.0176101 -11.6668 0.550263 0.00782233 0.834955 131.216 
0.855477 -0.0188391 -0.517499 -126.709 0.0126949 0.999801 -0.015411 -11.7392 0.517686 0.0066142 0.855545 133.365 
0.868052 -0.0157721 -0.496223 -127.524 0.010237 0.999851 -0.0138718 -11.7833 0.496368 0.00696159 0.868084 134.823 
0.879184 -0.0166474 -0.476192 -128.362 0.0108549 0.99983 -0.0149124 -11.8316 0.476359 0.00794173 0.879215 136.292 
0.887014 -0.017037 -0.461428 -129.176 0.0116675 0.999827 -0.0144872 -11.8837 0.461595 0.00746659 0.887059 137.806 
0.892964 -0.0117327 -0.449975 -129.969 0.00972397 0.99993 -0.00677522 -11.9214 0.450023 0.00167448 0.893016 139.395 
0.899126 -0.00656786 -0.437642 -130.743 0.00635725 0.999978 -0.00194621 -11.9447 0.437645 -0.00103231 0.899147 141.03 
0.908069 -0.00461833 -0.418796 -131.914 0.00756232 0.999957 0.00537011 -11.9788 0.418753 -0.0080435 0.908065 143.584 
0.916559 0.00124483 -0.399898 -132.808 0.0011281 0.999983 0.00569839 -11.9716 0.399899 -0.00567403 0.916542 145.058 
0.92431 -0.00315031 -0.38163 -133.564 0.00498805 0.99998 0.00382637 -11.9813 0.38161 -0.00544034 0.924307 146.887 
0.934262 -0.00259891 -0.356579 -134.345 0.00310763 0.999995 0.00085379 -11.9973 0.356575 -0.00190578 0.934265 148.755 
0.948339 0.00998262 -0.3171 -135.139 -0.00915744 0.99995 0.00409258 -11.9978 0.317125 -0.000977326 0.948383 150.643 
0.960307 0.00827705 -0.278822 -135.659 -0.00686537 0.999958 0.0060391 -12.0335 0.278861 -0.00388517 0.960324 152.609 
0.971252 0.00399681 -0.238021 -136.058 -0.00176866 0.999953 0.00957397 -12.0437 0.238048 -0.00887776 0.971213 154.635 
0.981138 0.00989585 -0.193054 -136.544 -0.00664601 0.999825 0.0174743 -12.0399 0.193193 -0.0158616 0.981033 156.793 
0.988715 0.0144506 -0.149112 -136.813 -0.0115034 0.999721 0.0206089 -12.0048 0.149368 -0.018661 0.988606 159.043 
0.994048 0.0107794 -0.108405 -136.959 -0.00902667 0.999821 0.0166456 -11.9498 0.108565 -0.015568 0.993967 161.329 
0.997616 0.00892028 -0.0684269 -137.169 -0.00754706 0.999765 0.0203006 -11.9304 0.0685919 -0.0197358 0.99745 163.698 
0.999583 0.0112362 -0.026615 -137.336 -0.0106532 0.999702 0.0219438 -11.8972 0.0268536 -0.0216511 0.999405 166.125 
0.999739 0.0172548 0.0149563 -137.284 -0.0175884 0.999593 0.0224683 -11.884 -0.0145625 -0.0227255 0.999636 168.574 
0.998409 0.0171493 0.053712 -137.178 -0.0182042 0.99965 0.019214 -11.8629 -0.0533636 -0.0201612 0.998372 171.035 
0.995345 0.021826 0.0938699 -137.073 -0.0233546 0.999611 0.0152172 -11.8709 -0.0935013 -0.0173387 0.995468 173.432 
0.991104 0.0209142 0.131434 -136.838 -0.0220484 0.999731 0.00718034 -11.8767 -0.131248 -0.0100144 0.991299 175.993 
0.985649 0.0248047 0.166975 -136.485 -0.0244587 0.999692 -0.00412901 -11.9182 -0.167026 -1.42357e-05 0.985952 178.6 
0.978879 0.0284495 0.20245 -135.986 -0.0268756 0.999583 -0.0105195 -11.9967 -0.202665 0.00485638 0.979236 181.193 
0.970845 0.0282997 0.238032 -135.373 -0.0263962 0.999589 -0.0111814 -12.0443 -0.238251 0.00457227 0.971193 183.859 
0.961347 0.0316248 0.273516 -134.846 -0.0270494 0.999424 -0.0204841 -12.1373 -0.274007 0.0122938 0.961649 186.549 
0.951288 0.0339662 0.306428 -133.997 -0.0289312 0.999362 -0.0209594 -12.2391 -0.306944 0.0110731 0.951663 189.213 
0.939226 0.0388892 0.34109 -133.109 -0.0311386 0.999118 -0.0281707 -12.3307 -0.341885 0.0158375 0.939608 191.921 
0.926066 0.0396383 0.375274 -132.091 -0.0283518 0.998966 -0.0355516 -12.4605 -0.376295 0.0222834 0.926232 194.615 
0.907792 0.0473572 0.416738 -131.026 -0.0314907 0.998496 -0.0448699 -12.6197 -0.418236 0.0276092 0.907918 197.309 
0.882062 0.0585322 0.467483 -129.906 -0.0402266 0.997986 -0.0490539 -12.7928 -0.469413 0.0244633 0.88264 199.985 
0.854987 0.0670847 0.514292 -128.387 -0.0445121 0.997432 -0.0561065 -12.9856 -0.516736 0.0250781 0.855778 202.545 
0.82503 0.0728669 0.560371 -126.79 -0.0470191 0.997065 -0.0604257 -13.2275 -0.563129 0.023505 0.826035 205.009 
0.792976 0.0777857 0.604266 -125.057 -0.0436056 0.996519 -0.0710559 -13.4614 -0.60769 0.0299962 0.793608 207.47 
0.760497 0.0819342 0.644152 -123.212 -0.0412127 0.996098 -0.0780442 -13.7268 -0.648033 0.0328051 0.760906 209.858 
0.729334 0.082663 0.679145 -121.248 -0.0362788 0.99595 -0.0822634 -13.9824 -0.683195 0.035359 0.729379 212.18 
0.698423 0.086417 0.710448 -119.169 -0.032516 0.99549 -0.089123 -14.2615 -0.714946 0.0391446 0.698083 214.402 
0.66857 0.0910628 0.738052 -116.956 -0.0284376 0.994879 -0.0969903 -14.5699 -0.743105 0.0438564 0.667736 216.522 
0.635571 0.0943602 0.766254 -114.663 -0.0288152 0.994711 -0.0985927 -14.9029 -0.771504 0.040583 0.634929 218.576 
0.601532 0.0954821 0.793122 -112.261 -0.0319951 0.994914 -0.0955092 -15.2599 -0.798208 0.0320758 0.601528 220.457 
0.565706 0.100326 0.818481 -109.867 -0.0349982 0.994598 -0.097724 -15.598 -0.823864 0.0266378 0.566162 222.238 
0.529636 0.102858 0.841966 -107.414 -0.035991 0.994452 -0.0988466 -15.9572 -0.847461 0.0220495 0.530399 223.861 
0.48881 0.0997972 0.866663 -104.904 -0.0361922 0.9949 -0.0941509 -16.2948 -0.871639 0.0146554 0.489929 225.326 
0.446473 0.0976046 0.889458 -102.4 -0.0353883 0.995181 -0.0914426 -16.6151 -0.894097 0.00935026 0.447775 226.687 
0.40751 0.0959915 0.908142 -99.8351 -0.03008 0.995331 -0.0917098 -16.9203 -0.912705 0.0100558 0.408495 227.804 
0.366521 0.0958671 0.925458 -97.3017 -0.0237874 0.995318 -0.093683 -17.2363 -0.930106 0.0123226 0.367085 228.861 
0.325838 0.0934475 0.940796 -94.7855 -0.01977 0.995559 -0.0920398 -17.5456 -0.945219 0.0113905 0.326239 229.805 
0.287669 0.107068 0.951726 -92.2845 -0.0206017 0.994193 -0.105619 -17.8634 -0.957508 0.010776 0.288204 230.6 
0.248012 0.119081 0.96141 -89.8218 -0.0257017 0.992876 -0.116348 -18.1885 -0.968416 0.00414577 0.249306 231.319 
0.209543 0.119761 0.970437 -87.3673 -0.0299285 0.992791 -0.116058 -18.534 -0.977341 -0.00472466 0.211617 231.886 
0.17126 0.11853 0.97807 -84.942 -0.0307631 0.992896 -0.11494 -18.8614 -0.984745 -0.0104038 0.17369 232.396 
0.135177 0.118914 0.98366 -82.5273 -0.0282204 0.992831 -0.116144 -19.185 -0.99042 -0.0120593 0.137563 232.767 
0.116286 0.12201 0.985693 -81.337 -0.0308875 0.99239 -0.119195 -19.3527 -0.992735 -0.0165849 0.11917 232.935 
0.0815402 0.120833 0.989318 -78.9808 -0.0300321 0.992471 -0.118742 -19.673 -0.996217 -0.020029 0.0845552 233.162 
0.0523281 0.111961 0.992334 -76.6411 -0.0263342 0.993504 -0.110704 -20.0012 -0.998283 -0.0203393 0.0549366 233.334 
0.0294992 0.109114 0.993591 -74.392 -0.0230784 0.993833 -0.108456 -20.2907 -0.999298 -0.0197311 0.0318354 233.421 
0.0134616 0.113634 0.993431 -72.1708 -0.0261874 0.993221 -0.113255 -20.5707 -0.999566 -0.0244908 0.0163461 233.491 
0.00242315 0.12629 0.99199 -70.0054 -0.0245097 0.991703 -0.126193 -20.8756 -0.999697 -0.0240076 0.00549836 233.538 
-0.00631717 0.120321 0.992715 -67.8656 -0.0260416 0.992378 -0.120446 -21.1838 -0.999641 -0.0266127 -0.00313566 233.553 
-0.00981814 0.107331 0.994175 -65.7498 -0.0238148 0.993916 -0.107538 -21.4515 -0.999668 -0.0247319 -0.00720235 233.535 
-0.00756658 0.112799 0.993589 -63.6899 -0.022236 0.993353 -0.112941 -21.7094 -0.999724 -0.022948 -0.00500809 233.49 
-0.00361045 0.115754 0.993271 -61.6598 -0.0261993 0.992926 -0.115809 -21.9826 -0.99965 -0.0264412 -0.000552221 233.499 
0.0025296 0.118495 0.992951 -59.6506 -0.0295768 0.992529 -0.118369 -22.2485 -0.999559 -0.0290689 0.0060154 233.54 
0.00760802 0.11977 0.992773 -58.6554 -0.0309305 0.992354 -0.119482 -22.3787 -0.999493 -0.029798 0.0112544 233.555 
0.012444 0.118935 0.992824 -57.6579 -0.033782 0.992384 -0.118459 -22.5116 -0.999352 -0.0320655 0.0163671 233.603 
0.0196732 0.11764 0.992861 -56.6613 -0.0331051 0.992586 -0.116952 -22.6488 -0.999258 -0.0305679 0.0234218 233.613 
0.0351763 0.118345 0.992349 -54.7013 -0.0300284 0.992641 -0.117315 -22.9036 -0.99893 -0.0256719 0.0384712 233.659 
0.0487866 0.116935 0.991941 -52.7411 -0.0324027 0.992786 -0.115441 -23.1681 -0.998283 -0.0265096 0.0522236 233.756 
0.0631676 0.113434 0.991535 -50.7919 -0.0335844 0.993198 -0.111485 -23.4227 -0.997438 -0.0262579 0.0665476 233.864 
0.0767021 0.116485 0.990226 -48.869 -0.0345841 0.992865 -0.114117 -23.6691 -0.996454 -0.0254931 0.0801834 234.02 
0.0893299 0.120066 0.988739 -46.9478 -0.0373032 0.992414 -0.117142 -23.9143 -0.995303 -0.0264188 0.0931311 234.22 
0.10383 0.120416 0.987279 -45.0484 -0.0394958 0.99236 -0.116882 -24.1585 -0.993811 -0.0268575 0.107793 234.415 
0.116411 0.117094 0.986274 -43.1451 -0.0418108 0.992723 -0.112925 -24.4008 -0.992321 -0.0280912 0.12046 234.648 
0.129143 0.117419 0.98465 -41.2623 -0.0420676 0.99272 -0.112864 -24.6535 -0.990733 -0.0268463 0.133142 234.941 
0.144277 0.119369 0.982311 -39.395 -0.0399843 0.99259 -0.114745 -24.8988 -0.988729 -0.0227219 0.147981 235.235 
0.16182 0.122656 0.979168 -37.5413 -0.0416149 0.992211 -0.117412 -25.1437 -0.985942 -0.0217483 0.165664 235.573 
0.174693 0.119747 0.977314 -35.7009 -0.0455056 0.992498 -0.113473 -25.3949 -0.983571 -0.0246503 0.178831 235.908 
0.180577 0.121886 0.97598 -33.8485 -0.0483394 0.992193 -0.114967 -25.6355 -0.982372 -0.026418 0.185059 236.263 
0.185741 0.122817 0.974893 -31.9766 -0.0470522 0.992131 -0.116024 -25.8732 -0.981472 -0.0243204 0.190058 236.639 
0.193632 0.123199 0.973308 -30.0817 -0.0439343 0.992178 -0.116847 -26.1107 -0.98009 -0.0201363 0.19753 236.993 
0.200703 0.122304 0.971988 -28.1747 -0.0441138 0.992298 -0.115751 -26.3469 -0.978658 -0.0196465 0.204553 237.407 
0.209429 0.117725 0.970711 -26.2649 -0.0419492 0.992894 -0.111365 -26.5913 -0.976924 -0.0173976 0.212879 237.803 
0.220118 0.12189 0.967828 -24.352 -0.0420285 0.992426 -0.11543 -26.8372 -0.974567 -0.0152682 0.223574 238.254 
0.227482 0.121104 0.966222 -23.3901 -0.0420117 0.992533 -0.114511 -26.9592 -0.972876 -0.0145435 0.230871 238.463 
0.244611 0.119411 0.96224 -21.4904 -0.039516 0.992791 -0.113157 -27.187 -0.968816 -0.0103445 0.247566 238.94 
0.266689 0.120455 0.956226 -19.5992 -0.0348534 0.992716 -0.115331 -27.4212 -0.963152 -0.00257027 0.268945 239.408 
0.287115 0.117435 0.95067 -17.7213 -0.0355208 0.993079 -0.111946 -27.6582 -0.957237 -0.00162719 0.289299 239.995 
0.308471 0.118203 0.943861 -15.8536 -0.0382308 0.992988 -0.111861 -27.9105 -0.950465 -0.00157856 0.310827 240.595 
0.329751 0.121492 0.936218 -13.9996 -0.0428393 0.992589 -0.113719 -28.1519 -0.943096 -0.00260812 0.332512 241.234 
0.348791 0.119696 0.929526 -12.165 -0.0468139 0.992798 -0.110278 -28.4108 -0.936031 -0.00505086 0.351882 241.925 
0.365919 0.116698 0.923301 -10.3393 -0.0477784 0.993154 -0.106591 -28.6659 -0.929419 -0.00510997 0.36899 242.628 
0.382032 0.116414 0.916788 -8.53097 -0.052264 0.993168 -0.104334 -28.8952 -0.92267 -0.00805587 0.385506 243.369 
0.39797 0.119229 0.909617 -6.74983 -0.0534805 0.992848 -0.106741 -29.1328 -0.915838 -0.00616721 0.4015 244.145 
0.411635 0.11726 0.903773 -5.02691 -0.0543324 0.993082 -0.104101 -29.3556 -0.909728 -0.00625242 0.415159 244.997 
0.42665 0.112721 0.897365 -3.33343 -0.0558803 0.993593 -0.0982409 -29.5737 -0.902689 -0.00823047 0.430215 245.869 
0.445189 0.109713 0.88869 -1.61507 -0.0584698 0.993909 -0.0934126 -29.7831 -0.893526 -0.0103753 0.448892 246.68 
0.460882 0.109012 0.880741 0.0429953 -0.0615326 0.993964 -0.0908266 -29.9816 -0.885326 -0.0123339 0.464807 247.577 
0.479697 0.107688 0.870801 1.71368 -0.0621086 0.994118 -0.0887242 -30.1854 -0.875233 -0.0115234 0.483564 248.436 
0.496867 0.107031 0.861201 3.32106 -0.0604497 0.994224 -0.0886872 -30.3782 -0.865719 -0.00799363 0.500467 249.371 
0.514275 0.103214 0.851392 4.93368 -0.0600684 0.994629 -0.0842951 -30.5678 -0.855519 -0.00779091 0.517713 250.31 
0.525671 0.0985464 0.844961 6.51989 -0.0600253 0.995089 -0.0787123 -30.7417 -0.848567 -0.00934222 0.529005 251.304 
0.532433 0.094123 0.841223 8.10038 -0.062369 0.99546 -0.0719052 -30.9097 -0.844171 -0.0141815 0.535886 252.334 
0.538483 0.0893371 0.837887 9.71663 -0.0618193 0.995873 -0.0664526 -31.0667 -0.840366 -0.016014 0.541783 253.346 
0.539933 0.0907327 0.836804 10.5063 -0.0632035 0.995737 -0.0671845 -31.1522 -0.839332 -0.0166138 0.543365 253.877 
0.541371 0.0923309 0.835699 11.2971 -0.0627354 0.995617 -0.0693588 -31.224 -0.83844 -0.0148791 0.544791 254.404 
0.544732 0.0914211 0.833612 12.8728 -0.0619595 0.995711 -0.0687102 -31.376 -0.836318 -0.0142216 0.548059 255.47 
0.547915 0.0850861 0.832196 14.4696 -0.0582188 0.99628 -0.0635315 -31.5244 -0.834506 -0.0136395 0.55083 256.537 
0.549932 0.0800101 0.831368 16.0471 -0.0584935 0.996646 -0.0572241 -31.6508 -0.833158 -0.0171603 0.552768 257.634 
0.550638 0.0786809 0.831027 17.6495 -0.0581086 0.996746 -0.0558683 -31.7838 -0.832719 -0.0175267 0.553419 258.725 
0.550216 0.0798412 0.831197 18.4388 -0.0603444 0.996618 -0.0557855 -31.845 -0.832839 -0.019464 0.553173 259.293 
0.550771 0.0789345 0.830916 19.2513 -0.0618615 0.996641 -0.0536731 -31.9066 -0.832361 -0.0218401 0.553804 259.835 
0.550807 0.0764534 0.831124 20.0564 -0.0616246 0.996803 -0.0508537 -31.973 -0.832354 -0.0232071 0.553758 260.399 
0.552484 0.0722436 0.830387 21.6808 -0.0608778 0.997074 -0.0462412 -32.1052 -0.831298 -0.0250046 0.555265 261.501 
0.553584 0.0719733 0.829677 22.4972 -0.0622277 0.997048 -0.0449724 -32.164 -0.830465 -0.0267329 0.556429 262.05 
0.557159 0.0670083 0.827698 24.1238 -0.0609384 0.997351 -0.0397227 -32.2855 -0.828167 -0.0283068 0.559766 263.153 
0.562786 0.0655571 0.823999 25.7515 -0.0618009 0.997397 -0.037143 -32.3901 -0.824289 -0.0300204 0.565373 264.226 
0.566269 0.0631447 0.821798 27.3115 -0.0638563 0.997425 -0.0326385 -32.4707 -0.821743 -0.0339948 0.568843 265.396 
0.570008 0.0597331 0.819465 28.105 -0.0621647 0.99763 -0.0294792 -32.5158 -0.819284 -0.0341384 0.572371 265.977 
0.575548 0.0579798 0.81571 28.8968 -0.0610283 0.997747 -0.0278585 -32.5618 -0.815488 -0.0337475 0.57779 266.55 
0.587475 0.0582888 0.807141 30.4551 -0.0612915 0.997743 -0.0274425 -32.6482 -0.806918 -0.0333491 0.589721 267.708 
0.600607 0.0566871 0.797532 32.0189 -0.0629559 0.997739 -0.0235065 -32.7134 -0.797062 -0.0360912 0.602818 268.884 
0.606463 0.0542401 0.79326 32.7711 -0.0633099 0.997797 -0.0198239 -32.7506 -0.792588 -0.0381988 0.60856 269.505 
0.622506 0.0531906 0.780805 34.3034 -0.0621058 0.997899 -0.018465 -32.8193 -0.780147 -0.0369979 0.624501 270.709 
0.631638 0.0516209 0.773543 35.0577 -0.0598542 0.99805 -0.0177288 -32.8495 -0.772949 -0.0351016 0.633496 271.345 
0.64076 0.0519553 0.765981 35.8007 -0.0607004 0.998013 -0.0169165 -32.8823 -0.765338 -0.0356559 0.64264 271.967 
0.64922 0.0520346 0.758819 36.5499 -0.0619192 0.997961 -0.0154574 -32.9039 -0.758076 -0.0369502 0.651119 272.628 
0.666786 0.0498549 0.74358 37.9843 -0.0642477 0.997891 -0.00929331 -32.9608 -0.742474 -0.0415766 0.668583 273.957 
0.686202 0.0468757 0.725899 39.4743 -0.0634952 0.997972 -0.00442226 -32.9987 -0.724634 -0.0430565 0.687787 275.289 
0.694433 0.0430982 0.718265 40.197 -0.0630679 0.998009 0.00109162 -33.0179 -0.716788 -0.0460575 0.695769 275.995 
0.711463 0.0350565 0.701848 41.6203 -0.0596384 0.998164 0.0105983 -33.0474 -0.700188 -0.0493974 0.712248 277.451 
0.729836 0.029806 0.682972 43.0228 -0.0527756 0.998524 0.0128197 -33.0688 -0.681582 -0.0454006 0.730332 278.959 
0.73896 0.0278915 0.673172 43.6949 -0.0528743 0.998462 0.0166725 -33.075 -0.671672 -0.0479138 0.739298 279.741 
0.748976 0.0235257 0.662179 44.3947 -0.0493483 0.998575 0.0203397 -33.079 -0.660757 -0.0479114 0.74907 280.511 
0.757537 0.0218367 0.652426 45.0515 -0.0490342 0.99852 0.0235136 -33.077 -0.650948 -0.0498036 0.757487 281.321 
0.766611 0.021665 0.641747 45.7161 -0.0491832 0.998476 0.0250447 -33.0645 -0.640226 -0.0507627 0.766508 282.133 
0.776076 0.0161069 0.630433 46.3861 -0.0435976 0.998652 0.0281551 -33.0523 -0.62913 -0.0493358 0.775733 282.945 
0.784136 0.0184613 0.620314 47.0086 -0.0467508 0.998474 0.0293817 -33.038 -0.618825 -0.0520394 0.783803 283.8 
0.791281 0.0189739 0.611158 47.6415 -0.0477839 0.998381 0.0308715 -33.0234 -0.609582 -0.0536315 0.790906 284.649 
0.803447 0.0234898 0.594912 48.8993 -0.0539442 0.997984 0.0334484 -32.9904 -0.592927 -0.0589661 0.803095 286.378 
0.808637 0.0265784 0.587708 49.5065 -0.0564371 0.997876 0.0325249 -32.9685 -0.585595 -0.0594693 0.808419 287.263 
0.814113 0.0294449 0.57996 50.1175 -0.0588139 0.997759 0.0319027 -32.9474 -0.577721 -0.060082 0.81402 288.152 
0.819627 0.0293361 0.572146 50.7338 -0.0598385 0.997609 0.0345704 -32.9235 -0.569764 -0.0625712 0.819423 289.043 
0.823333 0.0338024 0.566551 51.2964 -0.0677428 0.996942 0.0389653 -32.901 -0.563502 -0.0704612 0.823105 289.971 
0.827625 0.0371756 0.560049 51.9033 -0.0725763 0.996516 0.0411034 -32.8766 -0.556569 -0.0746645 0.827439 290.878 
0.831602 0.0405622 0.553888 52.507 -0.0765862 0.996177 0.0420339 -32.8439 -0.550066 -0.0773757 0.831529 291.794 
0.834747 0.0436524 0.548901 53.0935 -0.0817549 0.995629 0.0451502 -32.8152 -0.544531 -0.0825643 0.834667 292.726 
0.83759 0.0443445 0.544496 53.6715 -0.0827691 0.995495 0.046248 -32.7771 -0.539993 -0.0838044 0.837487 293.668 
0.839355 0.0485861 0.541408 54.2645 -0.0849848 0.995479 0.0424191 -32.7498 -0.536899 -0.0816161 0.839689 294.601 
0.840801 0.0588757 0.538132 55.4249 -0.0904314 0.995376 0.0323923 -32.6974 -0.533737 -0.0758996 0.842238 296.491 
0.841952 0.0579457 0.536431 56.6168 -0.0897148 0.995411 0.0332863 -32.6431 -0.532041 -0.0761513 0.843287 298.405 
0.843408 0.0571394 0.534226 57.8343 -0.0886734 0.995497 0.0335174 -32.5911 -0.529905 -0.0756405 0.844677 300.306 
0.843985 0.0579708 0.533225 58.452 -0.0891244 0.995479 0.0328396 -32.5685 -0.52891 -0.0752395 0.845336 301.255 
0.846679 0.0572623 0.529014 59.6986 -0.0869157 0.995723 0.0313266 -32.539 -0.524958 -0.0725032 0.848034 303.159 
0.850181 0.0549286 0.523617 60.8707 -0.0850347 0.995811 0.0336054 -32.5012 -0.519578 -0.0730963 0.851291 305.122 
0.858779 0.0537333 0.509521 62.0598 -0.0825591 0.996002 0.0341135 -32.4639 -0.505651 -0.0713616 0.859782 307.066 
0.870684 0.0525757 0.489025 63.2003 -0.0812254 0.995989 0.0375377 -32.4228 -0.48509 -0.0724048 0.871462 309.041 
0.877107 0.0541554 0.477231 63.7439 -0.081878 0.995938 0.037467 -32.4022 -0.473264 -0.0719373 0.877979 310.041 
0.889054 0.0567794 0.454267 64.7858 -0.0850192 0.995495 0.0419645 -32.3572 -0.449838 -0.0759301 0.889877 312.058 
0.89513 0.054617 0.442446 65.2896 -0.0828668 0.995555 0.0447565 -32.3351 -0.438035 -0.076727 0.895677 313.072 
0.907407 0.0514959 0.417086 66.239 -0.0779721 0.995862 0.0466801 -32.2698 -0.412956 -0.0748789 0.907668 315.108 
0.913103 0.0508296 0.404547 66.6822 -0.076885 0.995864 0.0484111 -32.2347 -0.400413 -0.075308 0.913235 316.141 
0.918339 0.054616 0.392009 67.1028 -0.0800512 0.995594 0.0488222 -32.2003 -0.387616 -0.0762162 0.918665 317.176 
0.92689 0.0637655 0.369876 67.8825 -0.0876924 0.99498 0.0482213 -32.1191 -0.364944 -0.0771311 0.927829 319.259 
0.932144 0.0714159 0.354975 68.6389 -0.0952246 0.994198 0.0500361 -32.047 -0.349342 -0.0804432 0.933536 321.349 
0.93601 0.0703614 0.344868 69.4006 -0.0931397 0.994401 0.0499098 -31.983 -0.339425 -0.078837 0.937323 323.428 
0.93974 0.0677643 0.335107 70.1407 -0.0895236 0.994734 0.0498986 -31.9038 -0.329961 -0.0768917 0.940858 325.519 
0.941383 0.0677924 0.330456 70.4776 -0.0886666 0.99488 0.0484905 -31.86 -0.325477 -0.0749486 0.942575 326.568 
0.94303 0.067316 0.325828 70.8154 -0.0872577 0.995078 0.0469633 -31.824 -0.321063 -0.0727188 0.944262 327.614 
0.945183 0.0675845 0.319469 71.1785 -0.0865606 0.995204 0.0455607 -31.7906 -0.314858 -0.0707166 0.946501 328.656 
0.949405 0.0682741 0.306542 71.836 -0.0866739 0.995137 0.0468014 -31.7233 -0.301856 -0.0710027 0.950706 330.755 
0.953114 0.0693739 0.294552 72.438 -0.0888891 0.99461 0.0533742 -31.6517 -0.289261 -0.0770541 0.954144 332.871 
0.955773 0.0703637 0.285563 73.018 -0.0877219 0.994967 0.04844 -31.5609 -0.280717 -0.0713478 0.957135 334.959 
0.957639 0.0666585 0.280152 73.6027 -0.0830963 0.995423 0.0471988 -31.4886 -0.275723 -0.068479 0.958795 337.04 
0.95538 0.0733005 0.286141 74.1913 -0.0911099 0.994614 0.0494122 -31.4218 -0.280978 -0.0732777 0.956913 339.086 
0.948066 0.0801165 0.307819 74.7891 -0.0999296 0.993781 0.0491251 -31.3737 -0.301969 -0.0773341 0.950176 341.075 
0.944342 0.081065 0.318819 75.106 -0.101532 0.99367 0.0480809 -31.3365 -0.312904 -0.0777752 0.946595 342.036 
0.94072 0.0806178 0.329463 75.4038 -0.102067 0.993604 0.0483046 -31.3136 -0.323462 -0.0790686 0.942932 342.995 
0.938872 0.0760024 0.335771 75.7541 -0.0975969 0.994073 0.047887 -31.2938 -0.330142 -0.07773 0.940726 343.917 
0.937014 0.0756342 0.341004 76.0794 -0.097312 0.994149 0.0468941 -31.2765 -0.335462 -0.0771243 0.938891 344.829 
0.936 0.0767641 0.343527 76.4043 -0.0978732 0.994203 0.0445097 -31.2559 -0.338119 -0.0752832 0.938087 345.726 
0.935672 0.0781139 0.344117 76.7009 -0.0986445 0.994213 0.0425349 -31.2376 -0.338804 -0.073744 0.937963 346.627 
0.936891 0.0762014 0.341216 77.0169 -0.0962029 0.994473 0.0420595 -31.2121 -0.336125 -0.0722311 0.939044 347.521 
0.940027 0.0714217 0.33354 77.3574 -0.0904549 0.99502 0.0418661 -31.1833 -0.328888 -0.0695255 0.941806 348.402 
0.943314 0.0683716 0.324782 77.6494 -0.0864726 0.995385 0.0416118 -31.161 -0.320438 -0.0673378 0.944873 349.296 
0.952081 0.0631696 0.299251 78.2129 -0.0795236 0.995915 0.0427784 -31.1152 -0.295326 -0.064526 0.953215 351.085 
0.962694 0.0576484 0.264379 78.6905 -0.0719883 0.996396 0.044868 -31.0621 -0.260839 -0.0622264 0.963375 352.88 
0.973903 0.0551266 0.220169 79.1044 -0.0666768 0.996742 0.0453729 -31.0145 -0.216951 -0.058869 0.974406 354.672 
0.983643 0.0565514 0.171024 79.3916 -0.0651901 0.996843 0.0453202 -30.9551 -0.167921 -0.055728 0.984224 356.483 
0.987765 0.0576723 0.144893 79.4837 -0.0646897 0.996926 0.0441924 -30.9409 -0.141899 -0.0530248 0.98846 357.4 
0.991465 0.0599057 0.115793 79.5834 -0.0654529 0.996854 0.0447096 -30.9103 -0.11275 -0.0519069 0.992267 358.317 
0.994386 0.060857 0.0865648 79.6423 -0.0649505 0.99686 0.0452832 -30.8716 -0.0835373 -0.0506514 0.995217 359.225 
0.996584 0.060559 0.0561486 79.6821 -0.0632748 0.996845 0.0479208 -30.8363 -0.0530694 -0.0513099 0.997272 360.149 
0.997973 0.0634653 -0.00460258 79.6426 -0.0631707 0.996838 0.0482072 -30.781 0.00764752 -0.0478188 0.998827 361.975 
0.997374 0.0641252 -0.0336646 79.5817 -0.0624509 0.996863 0.0486296 -30.7496 0.0366774 -0.0463995 0.998249 362.901 
0.995862 0.0683654 -0.0598733 79.5129 -0.0655809 0.996726 0.0473002 -30.7262 0.0629109 -0.0431779 0.997085 363.816 
0.994132 0.0717137 -0.0809914 79.4236 -0.0679621 0.996524 0.0481678 -30.6933 0.0841642 -0.0423808 0.99555 364.744 
0.990594 0.0849821 -0.107242 79.1852 -0.0789608 0.995118 0.0592036 -30.6148 0.11175 -0.0501788 0.992469 366.62 
0.989074 0.0914124 -0.115655 78.9453 -0.0858214 0.994929 0.0524418 -30.5223 0.119863 -0.0419431 0.991904 368.502 
0.988826 0.0952588 -0.114673 78.6958 -0.090581 0.994856 0.0453465 -30.4386 0.118402 -0.0344526 0.992368 370.421 
0.989726 0.0926239 -0.108917 78.4588 -0.0881205 0.995072 0.0454677 -30.3657 0.112592 -0.0354027 0.99301 372.379 
0.990645 0.0873431 -0.104847 78.2521 -0.08371 0.995743 0.0385747 -30.3085 0.107769 -0.0294371 0.99374 374.373 
0.99141 0.0815222 -0.10228 78.0338 -0.0787427 0.996415 0.0309323 -30.2529 0.104435 -0.0226127 0.994275 376.412 
0.991298 0.0872943 -0.098532 77.7932 -0.0842729 0.995848 0.0344284 -30.2085 0.101128 -0.0258253 0.994538 378.506 
0.990933 0.0911293 -0.0987254 77.5716 -0.0879998 0.995484 0.0356111 -30.161 0.101525 -0.0266004 0.994477 380.647 
0.990699 0.0936102 -0.098754 77.4401 -0.0905472 0.995275 0.0350647 -30.1237 0.10157 -0.0257967 0.994494 381.728 
0.990295 0.0966103 -0.0999158 77.2039 -0.0937966 0.995061 0.0324958 -30.0676 0.102562 -0.0228087 0.994465 383.917 
0.990212 0.0918664 -0.105075 76.9556 -0.0894202 0.995607 0.0277694 -30.0327 0.107164 -0.0181018 0.994077 386.131 
0.989643 0.0823212 -0.117601 76.7127 -0.0792347 0.996383 0.0306922 -30.0097 0.119702 -0.0210562 0.992587 388.364 
0.987706 0.0714815 -0.139025 76.4696 -0.0678623 0.997225 0.0306072 -29.9736 0.140827 -0.0207964 0.989816 390.595 
0.985033 0.066964 -0.158824 76.1285 -0.0631567 0.997585 0.0289048 -29.9428 0.160376 -0.0184413 0.986884 392.814 
0.982005 0.0668521 -0.176629 75.7095 -0.06231 0.997571 0.0311441 -29.9177 0.178282 -0.0195779 0.983785 395.021 
0.980258 0.0650923 -0.186701 75.5099 -0.0602737 0.997689 0.0313768 -29.8971 0.188312 -0.0195042 0.981916 396.122 
0.976838 0.0647018 -0.203964 75.0071 -0.0600612 0.997777 0.0288673 -29.8627 0.205378 -0.0159484 0.978553 398.294 
0.97522 0.0608584 -0.212701 74.7737 -0.0562499 0.998034 0.0276567 -29.842 0.213966 -0.015007 0.976726 399.37 
0.97355 0.0621743 -0.219851 74.5116 -0.0574249 0.997959 0.0279344 -29.8375 0.221139 -0.0145706 0.975133 400.445 
0.970356 0.0596279 -0.234208 74.0267 -0.0547654 0.998128 0.0272163 -29.8138 0.235392 -0.013583 0.971806 402.587 
0.969108 0.0549797 -0.24043 73.7831 -0.0501665 0.9984 0.0260989 -29.807 0.24148 -0.0132311 0.970316 403.656 
0.96789 0.0510395 -0.246138 73.502 -0.0471215 0.998652 0.0217856 -29.7979 0.246918 -0.00948768 0.96899 404.712 
0.966707 0.0455384 -0.251801 73.2224 -0.0425985 0.998946 0.0171175 -29.7979 0.252315 -0.00582121 0.967628 405.769 
0.965262 0.0428695 -0.257743 72.9323 -0.0399923 0.999065 0.0163979 -29.788 0.258205 -0.00552049 0.966074 406.828 
0.96267 0.0415441 -0.267472 72.3393 -0.0375663 0.999094 0.0199743 -29.774 0.268059 -0.0091807 0.963359 408.949 
0.960919 0.042709 -0.273517 71.722 -0.0383742 0.999039 0.0211813 -29.7577 0.274159 -0.00985756 0.961634 411.069 
0.960399 0.0424791 -0.27537 71.3992 -0.0375072 0.999025 0.0232987 -29.7502 0.276091 -0.0120477 0.961056 412.129 
0.959862 0.0413991 -0.277402 71.0947 -0.0353071 0.999014 0.0269227 -29.7303 0.278243 -0.0160478 0.960377 413.197 
0.959734 0.0390345 -0.278184 70.7893 -0.032278 0.999063 0.0288284 -29.7163 0.279049 -0.0186884 0.960095 414.263 
0.9596 0.034784 -0.27921 70.4837 -0.027853 0.999198 0.028754 -29.6961 0.279986 -0.0198155 0.9598 415.328 
0.959528 0.0301608 -0.279994 70.1808 -0.0226347 0.999291 0.0300749 -29.6803 0.280702 -0.0225201 0.959531 416.402 
