1 1.19763e-11 1.70464e-10 -5.55111e-17 1.19763e-11 1 3.5625e-10 0 1.70464e-10 3.5625e-10 1 2.22045e-16 
0.999999 -0.00142726 -0.000685269 -0.0129655 0.00142839 0.999998 0.00164822 -0.0400281 0.000682915 -0.00164919 0.999998 2.62341 
0.999996 -0.00284148 -0.000527498 -0.0270869 0.00284182 0.999996 0.000644322 -0.0809863 0.000525665 -0.000645818 1 5.26004 
0.999986 -0.00513576 -0.00132739 -0.0243029 0.00513973 0.999982 0.00300617 -0.128213 0.00131193 -0.00301295 0.999995 7.90794 
0.99999 -0.00388044 -0.00203449 -0.0400318 0.00388396 0.999991 0.00172786 -0.165966 0.00202777 -0.00173575 0.999996 10.5654 
0.999995 0.00258513 -0.00202447 -0.0610075 -0.00258796 0.999996 -0.00139214 -0.206068 0.00202086 0.00139738 0.999997 13.2371 
0.999983 0.00530376 -0.00249607 -0.068917 -0.00530522 0.999986 -0.000576021 -0.254056 0.00249298 0.000589253 0.999997 15.9161 
0.999997 -0.00139148 -0.00206634 -0.0775024 0.00140001 0.99999 0.0041323 -0.29975 0.00206057 -0.00413518 0.999989 18.6205 
0.999984 -0.00497051 -0.00254186 -0.085512 0.00497081 0.999988 0.000110473 -0.346824 0.00254127 -0.000123106 0.999997 21.3276 
0.999998 -0.00103033 -0.00153147 -0.108624 0.00103107 0.999999 0.000477857 -0.388407 0.00153098 -0.000479435 0.999999 24.0604 
0.999997 -0.00259649 -0.00031456 -0.13559 0.00259827 0.99998 0.0057781 -0.419248 0.000299551 -0.0057789 0.999983 26.8107 
0.999981 -0.00607439 -0.000420821 -0.14406 0.0060751 0.99998 0.00169175 -0.457932 0.000410536 -0.00169427 0.999998 29.5592 
0.999996 -0.00245321 0.001093 -0.167943 0.00245522 0.999995 -0.00184383 -0.49851 -0.00108847 0.00184651 0.999998 32.3237 
0.999998 -0.00164895 0.00131323 -0.169689 0.00165437 0.99999 -0.00413325 -0.522027 -0.0013064 0.00413541 0.999991 33.7062 
0.999999 -0.000889247 0.00143013 -0.199843 0.000892768 0.999997 -0.00246342 -0.56979 -0.00142793 0.0024647 0.999996 36.4946 
0.999996 0.00271326 0.000969069 -0.225432 -0.0027126 0.999996 -0.000678238 -0.615539 -0.000970905 0.000675607 0.999999 39.2898 
0.999966 0.00815236 0.0014177 -0.244907 -0.00815122 0.999966 -0.000810969 -0.661362 -0.00142426 0.000799385 0.999999 42.0981 
0.999971 0.00753023 0.000557031 -0.264715 -0.00752979 0.999971 -0.000789136 -0.712592 -0.000562958 0.000784919 1 44.9145 
0.999984 0.00560146 -0.000556772 -0.320569 -0.00560183 0.999984 -0.000669664 -0.77064 0.000553012 0.000672772 1 47.7447 
0.999976 0.00633597 -0.00278519 -0.322207 -0.0063356 0.99998 0.000140887 -0.824272 0.00278602 -0.000123238 0.999996 50.5877 
0.999967 0.00585972 -0.00558215 -0.340635 -0.00585131 0.999982 0.00152144 -0.87143 0.00559096 -0.00148873 0.999983 53.4417 
0.999972 0.00255866 -0.00705989 -0.354252 -0.00253966 0.999993 0.00269976 -0.917944 0.00706675 -0.00268175 0.999971 56.2936 
0.999971 -0.000809894 -0.00760881 -0.384782 0.000827858 0.999997 0.00235801 -0.961618 0.00760687 -0.00236424 0.999968 59.1523 
0.999972 -0.00310943 -0.00675045 -0.418266 0.00313414 0.999988 0.00365278 -1.00772 0.00673902 -0.00367384 0.999971 62.0083 
0.999975 -0.00518265 -0.00476535 -0.463799 0.00519504 0.999983 0.00259219 -1.05441 0.00475184 -0.00261688 0.999985 64.8513 
0.999991 -0.00284484 -0.00320885 -0.49556 0.00285071 0.999994 0.00182548 -1.10156 0.00320364 -0.00183461 0.999993 67.6855 
0.999994 0.00295632 -0.00203317 -0.542446 -0.00294732 0.999986 0.00441893 -1.14305 0.0020462 -0.00441291 0.999988 70.5064 
0.999942 0.0107531 -0.00110772 -0.562648 -0.0107479 0.999931 0.00466801 -1.1877 0.00115784 -0.00465583 0.999988 73.3189 
0.999881 0.0154394 0.000269971 -0.599676 -0.0154404 0.999873 0.00400476 -1.22989 -0.000208105 -0.00400846 0.999992 76.1202 
0.999873 0.0159123 0.00072456 -0.611545 -0.0159152 0.999864 0.00429839 -1.25206 -0.000656064 -0.00430938 0.99999 77.5158 
0.999875 0.0157902 0.00104029 -0.623425 -0.0157942 0.999867 0.00399038 -1.27057 -0.000977143 -0.00400631 0.999991 78.9109 
0.999903 0.013947 0.000578551 -0.63983 -0.0139487 0.999898 0.00299584 -1.31134 -0.000536709 -0.00300361 0.999995 81.683 
0.999897 0.014354 -0.000302197 -0.637366 -0.0143532 0.999894 0.00247801 -1.35056 0.000337734 -0.00247342 0.999997 84.4585 
0.999894 0.0144821 -0.00152442 -0.672609 -0.0144766 0.999889 0.00356327 -1.39931 0.00157586 -0.00354083 0.999992 87.218 
0.999942 0.0102119 -0.00346511 -0.706793 -0.010194 0.999935 0.00514498 -1.4427 0.00351742 -0.00510935 0.999981 89.9691 
0.999967 0.00653378 -0.00482262 -0.727059 -0.00651143 0.999968 0.00463547 -1.48499 0.00485276 -0.00460392 0.999978 92.7057 
0.999968 0.0059141 -0.00535098 -0.748076 -0.00589398 0.999976 0.00376779 -1.52676 0.00537313 -0.00373613 0.999979 95.4249 
0.999969 0.00562705 -0.00556157 -0.770059 -0.00561311 0.999981 0.00251807 -1.57061 0.00557563 -0.00248677 0.999981 98.1295 
0.999957 0.00781708 -0.00493945 -0.787948 -0.00779645 0.999961 0.00418038 -1.60984 0.00497193 -0.00414169 0.999979 100.823 
0.999944 0.00945894 -0.00480073 -0.808234 -0.00943944 0.999947 0.00406803 -1.65081 0.00483895 -0.00402248 0.99998 103.511 
0.999952 0.00852525 -0.00483225 -0.843151 -0.00852262 0.999964 0.000566107 -1.69651 0.0048369 -0.000524897 0.999988 106.186 
0.999988 0.00334714 -0.00361091 -0.877898 -0.00333395 0.999988 0.00365049 -1.74025 0.00362308 -0.0036384 0.999987 108.876 
0.999998 0.00117648 -0.00180345 -0.899684 -0.00117117 0.999995 0.0029419 -1.7875 0.0018069 -0.00293978 0.999994 111.553 
0.999992 0.00405062 -6.38364e-05 -0.924663 -0.00405071 0.999991 -0.00146305 -1.83389 5.79096e-05 0.0014633 0.999999 114.207 
0.999973 0.00727023 0.00129936 -0.94076 -0.00726861 0.999973 -0.00124625 -1.86069 -0.00130839 0.00123677 0.999998 115.539 
0.999964 0.00780475 0.003412 -0.949117 -0.00781506 0.999965 0.00301985 -1.90834 -0.00338831 -0.0030464 0.99999 118.203 
0.999965 0.00722188 0.0042486 -0.954441 -0.00723674 0.999968 0.00349202 -1.92563 -0.00422324 -0.00352264 0.999985 119.537 
0.999953 0.00810033 0.00531525 -0.950112 -0.00811582 0.999963 0.00289984 -1.94222 -0.00529156 -0.00294284 0.999982 120.88 
0.999924 0.0103879 0.00664276 -0.953967 -0.0104041 0.999943 0.00241397 -1.96075 -0.00661731 -0.0024829 0.999975 122.244 
0.999883 0.0128776 0.00823891 -0.970233 -0.0128959 0.999914 0.00217161 -1.98316 -0.00821024 -0.00227761 0.999964 123.6 
0.999894 0.0119004 0.00834637 -0.951977 -0.0119086 0.999929 0.000934594 -2.00263 -0.00833466 -0.00103389 0.999965 124.957 
0.999863 0.013463 0.00965414 -0.956975 -0.0134669 0.999909 0.000340659 -2.03046 -0.00964868 -0.000470623 0.999953 126.311 
0.999907 0.00981792 0.00944115 -0.923519 -0.00981586 0.999952 -0.000264054 -2.04372 -0.00944329 0.000171357 0.999955 127.664 
0.9999 0.00958335 0.0104339 -0.91998 -0.00959422 0.999953 0.000991756 -2.07201 -0.0104239 -0.00109176 0.999945 129.022 
0.999895 0.00895771 0.0114106 -0.910947 -0.00898144 0.999958 0.00203019 -2.09759 -0.011392 -0.00213246 0.999933 130.38 
0.999901 0.00769973 0.0117549 -0.932648 -0.00772703 0.999968 0.00227875 -2.11478 -0.011737 -0.00236935 0.999928 131.728 
0.999915 0.00569793 0.011697 -0.917739 -0.00572565 0.999981 0.00233737 -2.13292 -0.0116834 -0.00240415 0.999929 133.082 
0.999922 0.00441356 0.0117014 -0.917038 -0.00445115 0.999985 0.00318823 -2.15352 -0.0116872 -0.00324006 0.999926 134.434 
0.999938 0.00219386 0.0109302 -0.90248 -0.00222195 0.999994 0.00255824 -2.16966 -0.0109245 -0.00258236 0.999937 135.787 
0.99994 0.00223172 0.0106908 -0.910727 -0.00225913 0.999994 0.00255259 -2.19239 -0.010685 -0.00257659 0.99994 137.134 
0.999954 0.000504613 0.00956687 -0.89989 -0.00053772 0.999994 0.00345833 -2.21166 -0.00956506 -0.00346331 0.999948 138.486 
0.999963 -0.00117546 0.0085171 -0.890843 0.00114382 0.999992 0.00371827 -2.23415 -0.00852141 -0.00370839 0.999957 139.835 
0.999971 -0.00166773 0.00736732 -0.887304 0.00163973 0.999991 0.00380517 -2.25526 -0.0073736 -0.00379298 0.999966 141.187 
0.999985 -0.00229126 0.00495938 -0.878649 0.00227805 0.999994 0.00266617 -2.29225 -0.00496545 -0.00265483 0.999984 143.886 
0.999941 -0.0105691 0.00254142 -0.866342 0.0105696 0.999944 -0.000189199 -2.33753 -0.00253928 0.000216049 0.999997 146.58 
0.999679 -0.0253496 -0.000413275 -0.852781 0.0253509 0.999672 0.00358125 -2.37726 0.000322357 -0.00359058 0.999994 149.286 
0.999593 -0.0284872 -0.00177137 -0.854927 0.028482 0.99959 -0.00293003 -2.42756 0.00185411 0.00287838 0.999994 151.977 
0.999673 -0.0255704 -0.00071415 -0.867221 0.0255667 0.999662 -0.00480621 -2.49157 0.000836805 0.00478638 0.999988 154.67 
0.999381 -0.0351623 -0.000921462 -0.854535 0.0351635 0.999381 0.00137859 -2.54408 0.000872417 -0.00141014 0.999999 157.37 
0.999192 -0.0401712 -0.000968381 -0.860671 0.0401735 0.99919 0.00239981 -2.58342 0.000871193 -0.00243678 0.999997 160.064 
0.999415 -0.0342038 0.000867289 -0.867597 0.0342019 0.999413 0.00207201 -2.62148 -0.000937651 -0.00204114 0.999997 162.762 
0.999509 -0.0312754 0.00178647 -0.8857 0.0312757 0.999511 -0.000117237 -2.63886 -0.00178193 0.000173053 0.999998 164.113 
0.999625 -0.027147 0.00366546 -0.913325 0.027145 0.999631 0.000600132 -2.68271 -0.0036804 -0.000500408 0.999993 166.814 
0.99969 -0.0246404 0.0035496 -0.924465 0.0246399 0.999696 0.000191119 -2.71129 -0.00355323 -0.000103598 0.999994 168.175 
0.999809 -0.0193136 0.00288158 -0.946825 0.0193282 0.9998 -0.00512735 -2.75913 -0.00278198 0.00518206 0.999983 170.897 
0.999878 -0.0153968 0.00267976 -0.959848 0.0154134 0.999861 -0.00629166 -2.79003 -0.00258252 0.00633219 0.999977 172.261 
0.999938 -0.010649 0.0031333 -0.975063 0.010665 0.99993 -0.00514106 -2.81738 -0.00307833 0.00517416 0.999982 173.629 
0.999963 -0.00771927 0.00374384 -0.987085 0.00773159 0.999965 -0.00328832 -2.845 -0.00371832 0.00331714 0.999988 175.005 
0.99997 -0.00668585 0.00392054 -0.99544 0.00668992 0.999977 -0.00102598 -2.86992 -0.00391359 0.00105218 0.999992 176.385 
0.999952 -0.00918905 0.00343732 -0.992594 0.00918913 0.999958 -7.73333e-06 -2.88995 -0.0034371 3.93189e-05 0.999994 177.764 
0.999936 -0.0111138 0.00199989 -0.989832 0.0111135 0.999938 0.000179157 -2.91182 -0.00200176 -0.00015692 0.999998 179.138 
0.999944 -0.0103927 -0.0019893 -0.997125 0.0103751 0.999909 -0.00862513 -2.96468 0.00207875 0.00860401 0.999961 181.9 
0.999982 -0.00533491 -0.00259825 -1.00483 0.00531082 0.999944 -0.00919072 -3.0072 0.00264713 0.00917676 0.999954 183.289 
0.999994 -0.00211145 -0.00276738 -1.01758 0.00208834 0.999963 -0.00832978 -3.03703 0.00278487 0.00832395 0.999961 184.683 
0.999995 -0.00121367 -0.00283529 -1.01462 0.00119973 0.999987 -0.00491369 -3.06384 0.00284122 0.00491027 0.999984 186.078 
0.999997 -0.000269905 -0.00260217 -1.01822 0.000261971 0.999995 -0.00304876 -3.09099 0.00260298 0.00304807 0.999992 187.477 
0.999997 -0.000607705 -0.00256042 -1.01663 0.000602088 0.999997 -0.00219408 -3.11384 0.00256174 0.00219253 0.999994 188.879 
0.999996 -0.00181201 -0.0022548 -1.03725 0.00180895 0.999997 -0.00135546 -3.1437 0.00225725 0.00135138 0.999997 190.283 
0.999967 -0.00784418 -0.0022454 -1.05816 0.00784236 0.999969 -0.000819299 -3.19261 0.00225176 0.000801662 0.999997 193.096 
0.999886 -0.0150031 -0.00138696 -1.05328 0.0150057 0.999886 0.00187269 -3.24213 0.0013587 -0.00189329 0.999997 195.935 
0.999869 -0.0161447 -0.00123331 -1.07201 0.0161412 0.999866 -0.00275359 -3.28714 0.0012776 0.00273332 0.999995 198.781 
1 0.000253298 0.000356595 -1.10255 -0.000250481 0.999969 -0.00787929 -3.34051 -0.000358579 0.0078792 0.999969 201.639 
0.99996 0.00865972 0.00225003 -1.13634 -0.00865493 0.99996 -0.00212977 -3.39477 -0.00226839 0.00211022 0.999995 204.516 
0.999992 0.00384603 0.00107055 -1.14626 -0.00384423 0.999991 -0.00168412 -3.44549 -0.00107702 0.00167999 0.999998 207.399 
0.999997 0.00247356 -0.000310237 -1.16012 -0.00247442 0.999993 -0.00281761 -3.49958 0.000303265 0.00281837 0.999996 210.303 
0.999981 0.00618456 -0.000287429 -1.16255 -0.00618506 0.999979 -0.00177429 -3.55763 0.00027645 0.00177603 0.999998 213.226 
0.999983 0.00573463 -0.000466924 -1.20175 -0.00573619 0.999978 -0.00341019 -3.60848 0.000447358 0.00341281 0.999994 216.165 
0.999982 0.00596267 -0.000394868 -1.25244 -0.00596419 0.999974 -0.00396807 -3.65887 0.000371197 0.00397035 0.999992 219.119 
0.999984 0.00554088 -0.0012633 -1.28305 -0.00554631 0.999975 -0.00433024 -3.71006 0.00123928 0.00433717 0.99999 222.08 
0.999978 0.00638444 -0.00168974 -1.31191 -0.00639235 0.999968 -0.00471396 -3.77204 0.00165959 0.00472466 0.999987 225.049 
0.99998 0.00579827 -0.00234218 -1.32666 -0.00580951 0.999971 -0.0048226 -3.83303 0.00231415 0.00483611 0.999986 228.029 
0.999993 0.00315576 -0.00186901 -1.36033 -0.00316443 0.999984 -0.00465343 -3.89929 0.0018543 0.00465931 0.999987 231.017 
0.999997 0.00173775 -0.00173368 -1.38104 -0.00174402 0.999992 -0.00362483 -3.9604 0.00172737 0.00362784 0.999992 234.012 
0.999994 0.00316543 -0.00118637 -1.40633 -0.0031711 0.999983 -0.00481177 -4.01825 0.00117112 0.0048155 0.999988 237.015 
0.999987 0.00500152 4.64764e-05 -1.42844 -0.00500143 0.999986 -0.00175925 -4.09045 -5.52746e-05 0.001759 0.999998 240.028 
0.999988 0.00481268 0.000962224 -1.44226 -0.00480985 0.999984 -0.00292192 -4.14949 -0.000976271 0.00291726 0.999995 243.052 
0.999985 0.00527245 0.001473 -1.45608 -0.00526705 0.999979 -0.00364828 -4.21098 -0.0014922 0.00364046 0.999992 246.088 
0.999982 0.00586421 0.00122662 -1.46492 -0.00586157 0.999981 -0.00214195 -4.27322 -0.00123916 0.00213472 0.999997 249.137 
0.999961 0.00874262 0.00137273 -1.47056 -0.00873986 0.99996 -0.00200768 -4.3307 -0.00139022 0.00199561 0.999997 252.194 
0.999945 0.0103327 0.00156849 -1.47835 -0.0103295 0.999944 -0.00207645 -4.35819 -0.00158986 0.00206013 0.999997 253.727 
0.999949 0.00996891 0.00149384 -1.49392 -0.00996609 0.999949 -0.00188195 -4.38722 -0.00151253 0.00186697 0.999997 255.258 
0.999969 0.007741 0.00116291 -1.48558 -0.00773896 0.999969 -0.00175149 -4.41258 -0.00117643 0.00174244 0.999998 256.792 
0.999994 0.00330226 0.00143315 -1.5013 -0.00330203 0.999995 -0.000166551 -4.47032 -0.00143369 0.000161818 0.999999 259.87 
1 -0.000458034 0.000699443 -1.5036 0.000459335 0.999998 -0.00186059 -4.5257 -0.00069859 0.00186091 0.999998 262.946 
0.999997 -0.00203448 0.00132495 -1.51561 0.00203473 0.999998 -0.000192995 -4.55311 -0.00132455 0.00019569 0.999999 264.484 
0.999989 -0.00425784 0.00180928 -1.53533 0.00425538 0.99999 0.00136103 -4.57093 -0.00181506 -0.00135331 0.999997 266.029 
0.999986 -0.00481527 0.00233905 -1.53055 0.00481635 0.999988 -0.000459 -4.61865 -0.00233681 0.000470259 0.999997 269.108 
0.999984 -0.00263666 0.00491194 -1.55018 0.00263663 0.999997 1.24991e-05 -4.68492 -0.00491195 4.52041e-07 0.999988 272.191 
0.999982 -0.000811301 0.00600882 -1.56502 0.000812072 1 -0.000125897 -4.71871 -0.00600872 0.000130774 0.999982 273.738 
0.999976 0.000156056 0.00686354 -1.56173 -0.000152713 1 -0.000487606 -4.73909 -0.00686362 0.000486546 0.999976 275.281 
0.999963 0.00144387 0.00853892 -1.59541 -0.00143773 0.999999 -0.000725446 -4.76706 -0.00853996 0.000713143 0.999963 276.827 
0.999956 0.00176781 0.00925727 -1.59155 -0.00175546 0.999998 -0.00134175 -4.7973 -0.00925962 0.00132544 0.999956 278.369 
0.999953 0.000724937 0.00971513 -1.57624 -0.000703149 0.999997 -0.00224594 -4.81888 -0.00971673 0.00223901 0.99995 279.919 
0.999939 0.000521148 0.0110519 -1.58679 -0.000500554 0.999998 -0.00186605 -4.85269 -0.0110529 0.0018604 0.999937 281.47 
0.999936 -0.00184125 0.0111674 -1.56022 0.00185029 0.999998 -0.000799576 -4.88245 -0.011166 0.000820188 0.999937 283.023 
0.999929 -0.00268902 0.0116244 -1.56511 0.00269748 0.999996 -0.000712098 -4.90442 -0.0116224 0.000743404 0.999932 284.574 
0.999923 -0.00318775 0.0119671 -1.55452 0.00322484 0.99999 -0.00308162 -4.93918 -0.0119572 0.00311997 0.999924 286.12 
0.99992 -0.00423865 0.0118856 -1.54819 0.00430142 0.999977 -0.00526082 -4.96911 -0.0118631 0.00531153 0.999916 287.675 
0.999929 -0.00387665 0.0112729 -1.54608 0.0039364 0.999978 -0.00528312 -5.00489 -0.0112521 0.00532712 0.999923 289.229 
0.999929 -0.00572333 0.0104235 -1.54844 0.00577795 0.99997 -0.00521826 -5.04073 -0.0103933 0.00527811 0.999932 290.784 
0.99994 -0.00561498 0.00940739 -1.53807 0.00567014 0.999967 -0.00584661 -5.07471 -0.00937425 0.0058996 0.999939 292.343 
0.999946 -0.00606223 0.00848632 -1.52921 0.00611319 0.999963 -0.00599257 -5.1111 -0.00844968 0.00604412 0.999946 293.905 
0.999954 -0.00496505 0.00824014 -1.52521 0.00501135 0.999972 -0.00560765 -5.141 -0.00821207 0.00564869 0.99995 295.474 
0.999958 -0.00563728 0.00718819 -1.51507 0.00567679 0.999969 -0.00548743 -5.17561 -0.00715703 0.00552801 0.999959 297.046 
0.999974 -0.00446281 0.00559165 -1.51644 0.00447904 0.999986 -0.00289354 -5.23737 -0.00557866 0.00291851 0.99998 300.202 
0.999971 -0.00376779 0.00654714 -1.51944 0.00378614 0.999989 -0.00279341 -5.26815 -0.00653654 0.00281812 0.999975 301.787 
0.999954 -0.00481006 0.00827434 -1.56045 0.00483728 0.999983 -0.00327282 -5.32545 -0.00825846 0.0033127 0.99996 304.975 
0.999927 -0.00868671 0.00834345 -1.5256 0.00873971 0.999942 -0.00633622 -5.3913 -0.00828792 0.00640868 0.999945 308.181 
0.99993 -0.0106163 0.00513592 -1.528 0.0106576 0.99991 -0.00808982 -5.47235 -0.00504958 0.008144 0.999954 311.404 
0.999964 -0.00799423 0.00278646 -1.53544 0.00800546 0.99996 -0.00404287 -5.54816 -0.00275403 0.00406504 0.999988 314.636 
0.999946 -0.00979456 0.00341453 -1.53802 0.00979587 0.999952 -0.000364565 -5.60534 -0.0034108 0.000397994 0.999994 317.892 
0.999926 -0.0114241 0.00428564 -1.53081 0.011431 0.999933 -0.00158605 -5.66867 -0.00426724 0.00163493 0.99999 321.152 
0.999925 -0.0110923 0.00509855 -1.51831 0.0110995 0.999937 -0.00137683 -5.73141 -0.00508296 0.00143332 0.999986 324.421 
0.999932 -0.00989612 0.00616578 -1.54965 0.00991323 0.999947 -0.00275027 -5.79912 -0.00613824 0.00281121 0.999977 327.676 
0.999898 -0.012727 0.00653286 -1.53243 0.0127269 0.999919 5.61738e-05 -5.8659 -0.00653304 2.69748e-05 0.999979 330.928 
0.999909 -0.0117464 0.00660409 -1.53396 0.0117542 0.99993 -0.00114337 -5.92804 -0.0065902 0.0012209 0.999978 334.165 
0.999949 -0.00837182 0.00570033 -1.53715 0.00840647 0.999946 -0.006082 -5.99503 -0.00564911 0.00612961 0.999965 337.386 
0.999961 -0.00741222 0.00484733 -1.54412 0.0074396 0.999956 -0.00565482 -6.02844 -0.0048052 0.00569066 0.999972 338.998 
0.999976 -0.00627112 0.00310856 -1.59258 0.0062694 0.99998 0.000562504 -6.09277 -0.00311202 -0.000543002 0.999995 342.214 
0.999979 -0.00626174 0.00168277 -1.59609 0.00626282 0.99998 -0.000638722 -6.12495 -0.00167874 0.000649248 0.999998 343.821 
0.999977 -0.00670365 0.000403753 -1.62561 0.00670454 0.999975 -0.00225653 -6.15067 -0.000388616 0.00225919 0.999997 345.42 
0.999962 -0.00854587 -0.0015912 -1.63646 0.00854449 0.999963 -0.000871452 -6.18127 0.00159859 0.000857823 0.999998 347.022 
0.99994 -0.0106211 -0.00280594 -1.67801 0.0106167 0.999942 -0.00157742 -6.23073 0.00282254 0.00154753 0.999995 350.22 
0.999931 -0.011251 -0.00335837 -1.69189 0.0112417 0.999933 -0.00276864 -6.29065 0.0033893 0.0027307 0.999991 353.414 
0.999901 -0.0134902 -0.00410224 -1.70662 0.0134756 0.999903 -0.0035776 -6.36166 0.00415011 0.00352196 0.999985 356.596 
0.999884 -0.0145572 -0.00453084 -1.7168 0.0145384 0.999886 -0.00415263 -6.39868 0.00459077 0.00408627 0.999981 358.187 
0.999865 -0.0157026 -0.00476373 -1.7273 0.0156826 0.999868 -0.004222 -6.4273 0.0048294 0.00414673 0.99998 359.777 
0.99986 -0.0161475 -0.00437117 -1.75036 0.0161193 0.99985 -0.00640378 -6.50399 0.00447392 0.00633242 0.99997 362.958 
0.99981 -0.0188543 -0.00488584 -1.75348 0.0188337 0.999814 -0.0042348 -6.57724 0.00496477 0.00414198 0.999979 366.152 
0.99979 -0.0198173 -0.0051814 -1.76362 0.0197884 0.999789 -0.00557855 -6.60476 0.00529085 0.00547485 0.999971 367.748 
0.999855 -0.0163292 -0.00473075 -1.78222 0.0163034 0.999852 -0.00544167 -6.6771 0.00481891 0.00536376 0.999974 370.954 
0.999878 -0.0151012 -0.00410311 -1.80013 0.015082 0.999875 -0.00466528 -6.75534 0.00417305 0.00460282 0.999981 374.22 
0.999877 -0.0152188 -0.00390229 -1.81919 0.0151966 0.999869 -0.00565891 -6.78813 0.0039879 0.00559891 0.999976 375.775 
0.999882 -0.0148575 -0.00382041 -1.83361 0.0148341 0.999871 -0.00608795 -6.81953 0.00391037 0.00603056 0.999974 377.382 
0.999897 -0.0139388 -0.00341077 -1.84406 0.0139156 0.99988 -0.00674785 -6.84935 0.00350442 0.00669969 0.999971 378.988 
0.999942 -0.0104341 -0.0025039 -1.86941 0.0104181 0.999926 -0.00633599 -6.91814 0.00256982 0.00630954 0.999977 382.223 
0.99995 -0.00962331 -0.00258749 -1.8653 0.00960485 0.999929 -0.00705333 -6.9583 0.00265518 0.00702812 0.999972 383.843 
0.999949 -0.0094486 -0.00354149 -1.83182 0.00942184 0.999927 -0.00750017 -6.99292 0.0036121 0.00746642 0.999966 385.453 
0.999951 -0.00922363 -0.00365927 -1.83698 0.00919611 0.99993 -0.00746777 -7.03219 0.00372789 0.00743375 0.999965 387.07 
0.999955 -0.00875098 -0.00374839 -1.85043 0.00872705 0.999942 -0.00635375 -7.07524 0.00380377 0.00632075 0.999973 388.687 
0.999956 -0.00859057 -0.00374848 -1.87132 0.00856734 0.999944 -0.00616859 -7.10598 0.00380126 0.0061362 0.999974 390.307 
0.999969 -0.0071948 -0.00316418 -1.89611 0.00717319 0.999951 -0.00678925 -7.14524 0.00321287 0.00676634 0.999972 391.937 
