1 1.19763e-11 1.70464e-10 0 1.19763e-11 1 3.5625e-10 -1.11022e-16 1.70464e-10 3.5625e-10 1 2.22045e-16 
0.999998 0.00143088 -0.00136626 -0.0278736 -0.00143123 0.999999 -0.000257619 -0.0560812 0.00136589 0.000259574 0.999999 2.38418 
0.999992 0.00286033 -0.00273194 -0.0557354 -0.00286175 0.999996 -0.000515091 -0.112136 0.00273045 0.000522905 0.999996 4.76729 
0.999982 0.0042904 -0.00409898 -0.0836255 -0.0042936 0.999991 -0.000772789 -0.168246 0.00409563 0.000790375 0.999991 7.15277 
0.999969 0.00571877 -0.00546518 -0.111499 -0.00572448 0.999983 -0.00103029 -0.224319 0.0054592 0.00106155 0.999985 9.53676 
0.999951 0.00714577 -0.00683087 -0.139362 -0.00715472 0.999974 -0.00128767 -0.28037 0.00682149 0.00133648 0.999976 11.9198 
0.999931 0.00843591 -0.00816322 -0.167141 -0.00844859 0.999963 -0.00152061 -0.336295 0.00815009 0.00158947 0.999965 14.3035 
0.999904 0.00937389 -0.0101513 -0.208176 -0.00938912 0.999955 -0.00145354 -0.419151 0.0101373 0.00154871 0.999947 17.881 
0.999893 0.00927013 -0.0113331 -0.237295 -0.00929306 0.999955 -0.00197185 -0.471514 0.0113143 0.00207696 0.999934 20.2702 
0.999874 0.00961327 -0.0126392 -0.270764 -0.00964448 0.999951 -0.00241051 -0.524744 0.0126154 0.00253211 0.999917 22.6588 
0.99985 0.00985233 -0.0142752 -0.307115 -0.00989673 0.999946 -0.00304227 -0.581233 0.0142445 0.00318309 0.999893 25.0468 
0.999832 0.00925498 -0.0158083 -0.347249 -0.00926459 0.999957 -0.000534481 -0.632943 0.0158027 0.000680849 0.999875 27.4417 
0.999801 0.0074613 -0.0185104 -0.411276 -0.0075089 0.999969 -0.00250366 -0.70872 0.0184912 0.00264216 0.999826 31.0279 
0.999774 0.00740399 -0.0199167 -0.459653 -0.0074443 0.99997 -0.00195049 -0.763253 0.0199017 0.00209831 0.9998 33.4202 
0.999758 0.00640272 -0.0210545 -0.509819 -0.00643811 0.999978 -0.00161332 -0.818272 0.0210438 0.00174848 0.999777 35.8126 
0.999746 0.0055957 -0.0218499 -0.562741 -0.00562143 0.999984 -0.00111657 -0.873467 0.0218433 0.00123911 0.999761 38.2069 
0.999747 0.0062008 -0.0216065 -0.61817 -0.00617996 0.99998 0.00103148 -0.926858 0.0216124 -0.000897686 0.999766 40.6024 
0.999739 0.00782238 -0.0214496 -0.675668 -0.00781302 0.999969 0.000520558 -0.977631 0.021453 -0.000352835 0.99977 42.9959 
0.999777 0.0116372 -0.0176059 -0.761728 -0.0115 0.999903 0.00787163 -1.03744 0.0176958 -0.00766741 0.999814 46.5961 
0.999827 0.0116071 -0.0145132 -0.80502 -0.0114147 0.999847 0.0132676 -1.06409 0.014665 -0.0130996 0.999807 49.0045 
0.999874 0.0103985 -0.0119981 -0.84029 -0.0102881 0.999904 0.00922332 -1.08532 0.0120928 -0.00909872 0.999885 51.4046 
0.999882 0.0105735 -0.0111433 -0.875378 -0.0104782 0.999908 0.00857457 -1.11264 0.011233 -0.0084568 0.999901 53.8113 
0.999859 0.010072 -0.0134195 -0.91186 -0.0099677 0.99992 0.00781502 -1.14315 0.0134972 -0.00768015 0.999879 56.2203 
0.999822 0.010094 -0.0159091 -0.956215 -0.00994013 0.999903 0.00972452 -1.17565 0.0160057 -0.00956466 0.999826 58.6326 
0.999782 0.0114454 -0.0174578 -1.00672 -0.0112833 0.999893 0.00935265 -1.2056 0.017563 -0.00915363 0.999804 61.0421 
0.999795 0.00950888 -0.0178507 -1.05386 -0.00937052 0.999926 0.00781895 -1.23748 0.0179237 -0.00765008 0.99981 63.4475 
0.999789 0.00908306 -0.0184288 -1.10319 -0.00888242 0.999901 0.0109403 -1.2671 0.0185264 -0.0107743 0.99977 65.8504 
0.999762 0.0110335 -0.0188021 -1.15768 -0.0108882 0.99991 0.00781308 -1.29392 0.0188866 -0.0076065 0.999793 68.2411 
0.99971 0.0150043 -0.0188123 -1.21532 -0.0148515 0.999856 0.00823696 -1.32468 0.0189332 -0.00795518 0.999789 70.6262 
0.999699 0.0170654 -0.0176236 -1.26857 -0.0168974 0.999811 0.00963771 -1.35574 0.0177847 -0.00933702 0.999798 73.0022 
0.999752 0.0181433 -0.0129132 -1.31025 -0.0180223 0.999793 0.00943032 -1.39013 0.0130816 -0.00919525 0.999872 75.3655 
0.999851 0.0151931 -0.00818586 -1.33092 -0.0151758 0.999883 0.00216959 -1.42708 0.00821786 -0.00204504 0.999964 77.7163 
0.999892 0.014593 -0.00193384 -1.34094 -0.0145772 0.999862 0.0079624 -1.46853 0.00204977 -0.00793334 0.999966 80.0684 
0.999885 0.0141338 0.00550328 -1.33565 -0.0141512 0.999895 0.00313899 -1.5061 -0.00545833 -0.00321651 0.99998 82.3991 
0.999856 0.0118738 0.0121449 -1.30927 -0.0118523 0.999928 -0.00183327 -1.55547 -0.0121657 0.00168906 0.999925 84.7174 
0.999726 0.0127711 0.0196199 -1.27312 -0.0127924 0.999918 0.000960484 -1.60507 -0.019606 -0.0012112 0.999807 87.0311 
0.999574 0.0121248 0.02656 -1.21667 -0.0120245 0.99992 -0.00393573 -1.65616 -0.0266056 0.00361468 0.99964 89.3334 
0.999406 0.0108644 0.0326931 -1.14413 -0.0107685 0.999937 -0.00310873 -1.71042 -0.0327248 0.00275483 0.999461 91.6365 
0.999319 0.0101085 0.0354901 -1.10175 -0.0100514 0.999948 -0.00178757 -1.73609 -0.0355063 0.00142963 0.999368 92.7913 
0.999138 0.00815756 0.0406936 -1.00612 -0.00821454 0.999965 0.00123296 -1.78507 -0.0406821 -0.00156617 0.999171 95.1026 
0.998965 0.00539851 0.0451542 -0.89754 -0.00520135 0.999976 -0.0044828 -1.83487 -0.0451773 0.0042433 0.99897 97.4132 
0.99879 0.00589486 0.0488303 -0.782045 -0.0054781 0.999947 -0.00866424 -1.89164 -0.0488788 0.00838626 0.998769 99.7397 
0.998865 0.005468 0.0473268 -0.607718 -0.00526529 0.999976 -0.00440692 -1.98309 -0.0473498 0.00415272 0.99887 103.279 
0.999189 0.00637717 0.0397667 -0.448327 -0.00625591 0.999975 -0.00317304 -2.06974 -0.0397859 0.00292169 0.999204 106.867 
0.999569 0.00862227 0.028059 -0.329075 -0.00856555 0.999961 -0.00214103 -2.15685 -0.0280764 0.00189977 0.999604 110.492 
0.999774 0.00896404 0.0192913 -0.272672 -0.0089555 0.99996 -0.000529183 -2.2134 -0.0192952 0.000356302 0.999814 112.924 
0.999903 0.0101783 0.00956334 -0.241552 -0.0101762 0.999948 -0.000271861 -2.2678 -0.00956561 0.000174517 0.999954 115.363 
0.999933 0.0115795 -4.92663e-05 -0.232571 -0.0115796 0.999932 -0.00108376 -2.32757 3.67139e-05 0.00108426 0.999999 117.812 
0.999859 0.0157602 -0.00585855 -0.246444 -0.0157671 0.999875 -0.00113725 -2.38815 0.0058399 0.00122947 0.999982 120.271 
0.999791 0.0188422 -0.00790759 -0.269679 -0.0188506 0.999822 -0.000979368 -2.44463 0.00788773 0.00112823 0.999968 122.742 
0.999747 0.0202946 -0.0096543 -0.297015 -0.0202938 0.999794 0.000181 -2.49892 0.00965599 1.49691e-05 0.999953 125.224 
0.999638 0.0241768 -0.0118416 -0.353204 -0.0241148 0.999695 0.00534702 -2.56129 0.0119673 -0.00505952 0.999916 128.97 
0.999723 0.0188177 -0.0141389 -0.397623 -0.0187331 0.999806 0.00608865 -2.61481 0.0142507 -0.0058221 0.999881 132.733 
0.999843 0.00989517 -0.0147093 -0.443887 -0.00978133 0.999922 0.00779134 -2.66006 0.0147852 -0.00764623 0.999861 136.523 
0.999878 0.00564459 -0.0145769 -0.472057 -0.00555702 0.999966 0.00604079 -2.69321 0.0146105 -0.00595904 0.999876 139.057 
0.99989 0.00597114 -0.0136025 -0.509951 -0.0058595 0.999949 0.00823257 -2.72813 0.013651 -0.00815196 0.999874 141.606 
0.999887 0.00866059 -0.0123187 -0.550146 -0.00854776 0.999921 0.00918276 -2.75953 0.0123973 -0.00907642 0.999882 144.153 
0.999906 0.0078125 -0.0112584 -0.601569 -0.0078088 0.999969 0.00037256 -2.81886 0.011261 -0.000284609 0.999937 147.961 
0.999915 0.00764352 -0.0105907 -0.634443 -0.00768883 0.999961 -0.00424426 -2.87506 0.0105579 0.00432532 0.999935 150.492 
0.99991 0.00811723 -0.0106469 -0.666905 -0.008155 0.999961 -0.0035087 -2.93972 0.010618 0.00359521 0.999937 153.025 
0.999894 0.00940335 -0.0111418 -0.703475 -0.00942305 0.999954 -0.00171744 -2.99762 0.0111252 0.00182224 0.999937 155.553 
0.999874 0.00999207 -0.0123223 -0.740134 -0.0100148 0.999948 -0.00178528 -3.05171 0.0123038 0.00190846 0.999923 158.078 
0.999842 0.0105925 -0.0142772 -0.798967 -0.010612 0.999943 -0.00129639 -3.13526 0.0142626 0.00144769 0.999897 161.864 
0.999799 0.0115564 -0.0163761 -0.867607 -0.0116077 0.999928 -0.00304421 -3.22185 0.0163397 0.00323369 0.999861 165.652 
0.999752 0.0123362 -0.0185243 -0.941804 -0.0123873 0.99992 -0.00264513 -3.31395 0.0184902 0.00287394 0.999825 169.441 
0.99972 0.0127729 -0.019905 -0.99577 -0.0128126 0.999916 -0.00186476 -3.37385 0.0198795 0.00211927 0.9998 171.971 
0.999661 0.0144512 -0.0216718 -1.08317 -0.0145182 0.99989 -0.00293639 -3.46124 0.0216269 0.00325002 0.999761 175.759 
0.999659 0.0132581 -0.0225007 -1.1675 -0.0133785 0.999897 -0.00520742 -3.55545 0.0224294 0.00550667 0.999733 179.549 
0.999681 0.0102488 -0.0230688 -1.22091 -0.0102893 0.999946 -0.00163495 -3.61722 0.0230509 0.00187179 0.999733 182.072 
0.999673 0.0103628 -0.0233607 -1.28027 -0.0103012 0.999943 0.00275764 -3.66913 0.0233879 -0.0025161 0.999723 184.593 
0.99965 0.0123045 -0.0234172 -1.34277 -0.0123672 0.99992 -0.00253445 -3.72236 0.0233842 0.00282317 0.999723 187.092 
0.999653 0.0119275 -0.023508 -1.40087 -0.0119497 0.999928 -0.000803738 -3.78186 0.0234967 0.00108437 0.999723 189.586 
0.999705 0.0114696 -0.0213956 -1.48235 -0.0114366 0.999933 0.001663 -3.86886 0.0214133 -0.00141782 0.99977 193.304 
0.999773 0.010028 -0.0187743 -1.52543 -0.0100574 0.999948 -0.00147379 -3.92931 0.0187585 0.00166228 0.999823 195.761 
0.999826 0.0092654 -0.0161766 -1.56132 -0.00928975 0.999956 -0.00143049 -3.99452 0.0161627 0.00158052 0.999868 198.199 
0.999861 0.00965481 -0.0136221 -1.59322 -0.00964213 0.999953 0.000996523 -4.05572 0.0136311 -0.000865037 0.999907 200.619 
0.999885 0.00982983 -0.0115409 -1.61957 -0.00981773 0.999951 0.00110458 -4.11261 0.0115512 -0.000991152 0.999933 203.016 
0.99991 0.0101237 -0.00875483 -1.64907 -0.0101128 0.999948 0.00128718 -4.19622 0.00876741 -0.00119853 0.999961 206.553 
0.999931 0.00830088 -0.00828296 -1.67052 -0.00827281 0.99996 0.00341813 -4.27705 0.008311 -0.00334937 0.99996 209.982 
0.999917 0.0088232 -0.00934657 -1.69261 -0.00880109 0.999958 0.00240453 -4.32686 0.0093674 -0.00232207 0.999953 212.191 
0.999905 0.00906468 -0.0103449 -1.71766 -0.00905148 0.999958 0.00132208 -4.3768 0.0103564 -0.00122831 0.999946 214.345 
0.999882 0.00812922 -0.0130471 -1.74418 -0.00810178 0.999965 0.00215459 -4.42687 0.0130641 -0.00204863 0.999913 216.448 
0.999825 0.00730526 -0.0172146 -1.77596 -0.00720667 0.999957 0.00578251 -4.47251 0.0172561 -0.00565743 0.999835 218.508 
0.999724 0.00788841 -0.0221393 -1.82019 -0.007773 0.999956 0.00529428 -4.51313 0.0221801 -0.00512072 0.999741 220.495 
0.999579 0.0085377 -0.027723 -1.8716 -0.00837363 0.999947 0.0060289 -4.5533 0.0277731 -0.00579422 0.999598 222.403 
0.99939 0.00884009 -0.0337725 -1.93108 -0.00866386 0.999948 0.00536098 -4.59419 0.0338181 -0.00506511 0.999415 224.219 
0.999147 0.00982997 -0.0401111 -1.99932 -0.00964786 0.999942 0.0047311 -4.63434 0.0401553 -0.00434007 0.999184 225.946 
0.998893 0.0120495 -0.0454686 -2.07606 -0.0118789 0.999921 0.00402076 -4.67414 0.0455135 -0.00347619 0.998958 227.589 
0.998855 0.0129183 -0.0460674 -2.14943 -0.012684 0.999905 0.00537645 -4.71057 0.0461325 -0.00478597 0.998924 229.159 
0.998893 0.0128098 -0.0452506 -2.21517 -0.0125671 0.999905 0.00564562 -4.74656 0.0453186 -0.0050707 0.99896 230.658 
0.998938 0.0132911 -0.0441086 -2.27881 -0.0132363 0.999911 0.00153503 -4.77892 0.044125 -0.000949568 0.999026 232.116 
0.999039 0.0140376 -0.0415125 -2.33855 -0.0140623 0.999901 -0.000304814 -4.81318 0.0415041 0.000888285 0.999138 233.56 
0.999191 0.0132864 -0.0379686 -2.38958 -0.0133178 0.999911 -0.000573615 -4.84796 0.0379576 0.00107881 0.999279 234.992 
0.999342 0.0131104 -0.0338217 -2.43716 -0.0131495 0.999913 -0.00093472 -4.88158 0.0338065 0.00137885 0.999428 236.409 
0.99954 0.0123102 -0.0277262 -2.47522 -0.0123198 0.999924 -0.000175058 -4.91213 0.0277219 0.000516559 0.999616 237.811 
0.999701 0.0109899 -0.0218298 -2.50154 -0.010982 0.99994 0.00048182 -4.94755 0.0218338 -0.00024194 0.999762 239.2 
0.999818 0.0103818 -0.0159961 -2.52029 -0.0103879 0.999946 -0.000297044 -4.98174 0.0159921 0.000463156 0.999872 240.575 
0.999885 0.0112616 -0.0101863 -2.53435 -0.0112818 0.999934 -0.00192606 -5.01566 0.0101639 0.00204076 0.999946 241.957 
0.999919 0.011816 -0.00476259 -2.54339 -0.011818 0.99993 -0.000381602 -5.04817 0.00475775 0.000437855 0.999989 243.356 
0.999935 0.0113925 -0.000171411 -2.54685 -0.0113928 0.999934 -0.00178213 -5.08029 0.000151097 0.00178397 0.999998 244.763 
0.999938 0.0108462 0.00249051 -2.54558 -0.0108313 0.999924 -0.0059351 -5.10904 -0.00255469 0.00590776 0.999979 246.186 
0.999946 0.0100129 0.00284872 -2.54206 -0.00999282 0.999926 -0.00699183 -5.14519 -0.00291852 0.00696299 0.999972 247.636 
0.999925 0.011761 0.00332098 -2.5422 -0.0117345 0.9999 -0.00786543 -5.18538 -0.00341315 0.00782587 0.999964 249.111 
0.999932 0.0110868 0.00352747 -2.54094 -0.0110516 0.99989 -0.00985862 -5.20598 -0.00363639 0.00981897 0.999945 249.857 
0.999983 0.00402366 0.00424756 -2.52926 -0.00396977 0.999912 -0.0126188 -5.24631 -0.00429796 0.0126017 0.999911 251.371 
0.999935 0.01001 0.00551496 -2.53441 -0.00999102 0.999944 -0.00346176 -5.28296 -0.00554931 0.00340643 0.999979 252.929 
0.999931 0.00828298 0.00826515 -2.52283 -0.00827762 0.999965 -0.000683216 -5.31615 -0.00827053 0.000614754 0.999966 254.511 
0.999803 0.0115532 0.016109 -2.50891 -0.0113657 0.999867 -0.011683 -5.34529 -0.0162419 0.0114976 0.999802 256.112 
0.999677 0.0116732 0.0225798 -2.47644 -0.0114726 0.999894 -0.00899468 -5.38577 -0.0226824 0.00873272 0.999705 257.758 
0.999583 0.00615029 0.0282192 -2.42627 -0.00603844 0.999974 -0.00404695 -5.42505 -0.0282434 0.00387486 0.999594 259.43 
0.99939 0.00817133 0.0339433 -2.37745 -0.00798873 0.999953 -0.00551177 -5.46745 -0.0339867 0.00523724 0.999409 261.103 
0.999204 0.00895698 0.0388821 -2.31559 -0.0086414 0.999928 -0.00827684 -5.50957 -0.0389534 0.00793425 0.999209 262.779 
0.998917 0.0113817 0.0451077 -2.24929 -0.0111924 0.999927 -0.00444753 -5.55757 -0.045155 0.00393785 0.998972 264.463 
0.998653 0.0117972 0.050521 -2.16903 -0.0115492 0.99992 -0.00519778 -5.60156 -0.0505783 0.00460731 0.99871 266.146 
0.998464 0.00718835 0.0549306 -2.07093 -0.00692358 0.999964 -0.00500896 -5.64239 -0.0549646 0.00462095 0.998478 267.834 
0.998395 0.00496856 0.0564207 -1.97234 -0.00469959 0.999977 -0.00489907 -5.68395 -0.0564437 0.00462605 0.998395 269.529 
0.998368 0.00482439 0.0569088 -1.87569 -0.00458219 0.99998 -0.0043856 -5.72699 -0.0569288 0.00411767 0.99837 271.234 
0.99846 0.00500763 0.0552475 -1.78334 -0.00476577 0.999978 -0.00450878 -5.77311 -0.0552689 0.00423854 0.998463 272.943 
0.998628 0.00591853 0.0520212 -1.70084 -0.00559772 0.999964 -0.00631051 -5.81491 -0.0520567 0.00601066 0.998626 274.651 
0.998766 0.00813344 0.0489941 -1.62267 -0.0078224 0.999948 -0.00653684 -5.85824 -0.0490447 0.00614552 0.998778 276.354 
0.998995 0.00842248 0.0440316 -1.55063 -0.00822813 0.999956 -0.00459322 -5.90115 -0.0440683 0.0042263 0.99902 278.052 
0.999363 0.00582291 0.0351951 -1.48931 -0.00581906 0.999983 -0.000211965 -5.94192 -0.0351957 7.02846e-06 0.99938 279.735 
0.999657 0.00491401 0.0257086 -1.44776 -0.00496239 0.999986 0.00181816 -5.97802 -0.0256993 -0.00194511 0.999668 281.39 
0.999858 0.00341794 0.0164903 -1.41905 -0.00346411 0.99999 0.00277228 -6.01085 -0.0164806 -0.00282901 0.99986 283.004 
0.999959 0.00344834 0.00839104 -1.41125 -0.00346866 0.999991 0.00240803 -6.04017 -0.00838266 -0.00243704 0.999962 284.555 
0.999993 0.00353435 0.000765703 -1.41778 -0.00353637 0.99999 0.0026483 -6.06917 -0.000756335 -0.00265099 0.999996 286.036 
0.999958 0.00381434 -0.00837492 -1.43582 -0.00381016 0.999993 0.000514589 -6.10138 0.00837682 -0.000482656 0.999965 287.433 
0.999719 0.00628369 -0.0228721 -1.47765 -0.00635626 0.999975 -0.00310117 -6.1326 0.022852 0.00324568 0.999734 288.751 
0.998896 0.006605 -0.0465137 -1.54562 -0.00681246 0.999968 -0.00430299 -6.16704 0.0464837 0.00461511 0.998908 290.017 
0.994434 0.0119331 -0.104684 -1.74238 -0.0122463 0.999922 -0.0023491 -6.2102 0.104648 0.00361802 0.994503 291.806 
0.975195 0.0163635 -0.220744 -2.20954 -0.0163356 0.999865 0.00195183 -6.25767 0.220746 0.00170258 0.97533 293.998 
0.92833 0.0207961 -0.371175 -2.94905 -0.017502 0.999772 0.0122414 -6.30794 0.371345 -0.00486779 0.928482 295.902 
0.868843 0.0205875 -0.49466 -3.68733 -0.0137525 0.999753 0.0174538 -6.32823 0.494897 -0.00836182 0.868911 297.164 
0.782848 0.0220978 -0.621821 -4.58632 -0.0104315 0.999695 0.0223937 -6.33944 0.622126 -0.0110443 0.782839 298.262 
0.709248 0.0210131 -0.704646 -5.27032 -0.004494 0.99967 0.0252877 -6.34781 0.704945 -0.0147685 0.709109 298.869 
0.618595 0.0212149 -0.785423 -6.01439 0.0063723 0.999467 0.0320152 -6.33996 0.785684 -0.0248094 0.618131 299.434 
0.51501 0.0317447 -0.856596 -6.80887 0.00190339 0.999269 0.0381764 -6.33128 0.857182 -0.0212917 0.514573 299.805 
0.40308 0.0387493 -0.914344 -7.62009 -0.00102594 0.999122 0.0418898 -6.31563 0.915164 -0.0159469 0.402766 300.062 
0.286916 0.0441768 -0.956937 -8.43615 0.00348417 0.998881 0.0471579 -6.29231 0.95795 -0.0168645 0.286441 300.22 
0.165841 0.0515813 -0.984803 -9.27029 0.00873268 0.998515 0.0537701 -6.27121 0.986114 -0.0175172 0.165144 300.329 
-0.0286115 0.0676125 -0.997301 -10.5813 0.0145099 0.997633 0.0672187 -6.22432 0.999485 -0.0125475 -0.0295249 300.229 
-0.227627 0.0866127 -0.969889 -11.9432 0.0251397 0.996227 0.0830646 -6.15018 0.973424 -0.00547504 -0.228945 299.798 
-0.412246 0.0944947 -0.906159 -13.3109 0.0393319 0.995525 0.0859204 -6.06377 0.910223 -0.000220522 -0.414118 299.143 
-0.519594 0.0946639 -0.849153 -14.2125 0.0459407 0.995501 0.082868 -5.98976 0.853177 0.00404709 -0.521606 298.522 
-0.607122 0.0956122 -0.788836 -15.1162 0.050497 0.99537 0.081781 -5.91352 0.793003 0.00981719 -0.609139 297.802 
-0.680915 0.105633 -0.724704 -16.0243 0.0643617 0.994346 0.0844632 -5.83093 0.729529 0.0108691 -0.683864 296.918 
-0.749283 0.113476 -0.652455 -16.9039 0.0759321 0.993434 0.0855786 -5.73774 0.657882 0.0145804 -0.75298 295.877 
-0.779741 0.110185 -0.616331 -17.3224 0.0764321 0.993782 0.080967 -5.69239 0.62142 0.0160258 -0.783314 295.284 
-0.83237 0.102443 -0.54467 -18.1234 0.0777282 0.994633 0.0682891 -5.59632 0.548742 0.0145056 -0.835866 294.047 
-0.875764 0.0978334 -0.472723 -18.872 0.078503 0.995076 0.0605041 -5.50938 0.476314 0.0158772 -0.879132 292.636 
-0.913017 0.0936182 -0.397033 -19.5385 0.0779441 0.995413 0.0554726 -5.4355 0.400406 0.0197009 -0.916126 291.079 
-0.942603 0.0992123 -0.318837 -20.1292 0.0868463 0.994821 0.0528074 -5.36469 0.322425 0.0220865 -0.946337 289.39 
-0.964622 0.102636 -0.242839 -20.6125 0.0925591 0.994318 0.0525791 -5.29613 0.246856 0.028242 -0.968641 287.568 
-0.985364 0.0988385 -0.138881 -21.1166 0.0939911 0.994726 0.0410546 -5.19823 0.142207 0.0274002 -0.989458 284.63 
-0.994366 0.0948339 -0.0473559 -21.3587 0.0931642 0.994989 0.0363086 -5.11824 0.0505619 0.0316922 -0.998218 281.431 
-0.995538 0.0901444 0.0278974 -21.3456 0.091076 0.995258 0.0341483 -5.04425 -0.0246868 0.0365367 -0.999027 278.007 
-0.993999 0.077667 0.0770325 -21.1119 0.0800215 0.996401 0.0279593 -4.98325 -0.0745837 0.0339557 -0.996637 274.431 
-0.99363 0.0692346 0.0889097 -20.8862 0.0722451 0.996902 0.0310965 -4.94692 -0.0864813 0.0373218 -0.995554 271.963 
-0.994058 0.0652803 0.0871075 -20.6659 0.0679721 0.997286 0.0282989 -4.90606 -0.0850237 0.0340516 -0.995797 269.428 
-0.994589 0.0635802 0.0821637 -20.4476 0.0662682 0.997338 0.0304103 -4.86175 -0.0800116 0.0356906 -0.996155 266.831 
-0.995416 0.0615365 0.0732102 -20.2497 0.0640901 0.997397 0.0330559 -4.8177 -0.0709855 0.0375964 -0.996769 264.179 
-0.996221 0.0603663 0.0624424 -20.0709 0.0627769 0.997327 0.0373911 -4.78028 -0.0600183 0.0411698 -0.997348 261.517 
-0.996883 0.0591046 0.0522612 -19.9213 0.0610962 0.997432 0.0373675 -4.73861 -0.0499184 0.040444 -0.997934 258.85 
-0.997529 0.0568909 0.0412329 -19.7967 0.0583987 0.997632 0.0363329 -4.69629 -0.0390682 0.038651 -0.998489 256.17 
-0.997895 0.0567492 0.0313836 -19.7034 0.0580563 0.997411 0.0424359 -4.64839 -0.0288942 0.0441686 -0.998606 253.475 
-0.997998 0.0588703 0.0231249 -19.6393 0.0598033 0.997327 0.0419708 -4.58676 -0.0205922 0.0432698 -0.998851 250.773 
-0.998082 0.0594355 0.017293 -19.5903 0.0600615 0.997461 0.038267 -4.52916 -0.0149746 0.0392322 -0.999118 248.064 
-0.998231 0.0581244 0.0125212 -19.5513 0.058564 0.997553 0.0381979 -4.47385 -0.0102703 0.0388636 -0.999192 245.338 
-0.998187 0.0593773 0.00984946 -19.5267 0.0597285 0.997399 0.040346 -4.41134 -0.0074282 0.0408611 -0.999137 242.596 
-0.998096 0.0608774 0.00995391 -19.5032 0.0612345 0.997292 0.0407293 -4.34609 -0.00744747 0.0412612 -0.999121 239.839 
-0.997885 0.0640574 0.0110327 -19.481 0.064428 0.997223 0.0373665 -4.28645 -0.00860843 0.0379983 -0.999241 237.073 
-0.997732 0.066012 0.0131621 -19.4501 0.0665033 0.996933 0.041247 -4.2238 -0.010399 0.0420287 -0.999062 234.291 
-0.997863 0.0635565 0.0151381 -19.4066 0.0641514 0.997025 0.0427366 -4.15292 -0.0123769 0.0436164 -0.998972 231.492 
-0.998054 0.0601614 0.0163722 -19.3556 0.0608014 0.99727 0.0418928 -4.09135 -0.0138072 0.0428067 -0.998988 228.688 
-0.998034 0.0604056 0.016693 -19.3094 0.061015 0.997383 0.0387922 -4.0312 -0.014306 0.0397345 -0.999108 225.871 
-0.997974 0.0612577 0.0171721 -19.2653 0.061909 0.997264 0.0403829 -3.97516 -0.0146514 0.0413642 -0.999037 223.034 
-0.997984 0.0611058 0.0171689 -19.1907 0.0617821 0.997202 0.042095 -3.88454 -0.0145486 0.0430708 -0.998966 218.756 
-0.997911 0.062211 0.0173995 -19.1405 0.0628876 0.997157 0.0414991 -3.81669 -0.0147683 0.0425067 -0.998987 215.892 
-0.99787 0.0628501 0.0174598 -19.084 0.0635439 0.997073 0.0425218 -3.74454 -0.0147362 0.0435407 -0.998943 213.011 
-0.997826 0.0636074 0.0172678 -19.0221 0.0642469 0.997155 0.0394219 -3.6702 -0.0147112 0.0404456 -0.999073 210.124 
-0.997852 0.0631863 0.0173172 -18.9602 0.0638142 0.99722 0.0384841 -3.59675 -0.0148374 0.0395065 -0.999109 207.219 
-0.997984 0.0610634 0.0173202 -18.8961 0.0617471 0.997201 0.0421475 -3.52479 -0.0146981 0.0431319 -0.998961 204.295 
-0.99794 0.0617754 0.0173135 -18.8371 0.062452 0.997176 0.0417199 -3.45304 -0.0146874 0.0427152 -0.998979 201.368 
-0.997888 0.062688 0.0170078 -18.7808 0.0633664 0.997071 0.0428183 -3.38478 -0.0142738 0.0438056 -0.998938 198.44 
-0.998025 0.0609385 0.0152772 -18.7236 0.0615833 0.997039 0.0460573 -3.31386 -0.0124253 0.0469071 -0.998822 195.515 
-0.998162 0.059105 0.0133474 -18.6712 0.0596663 0.997133 0.0465325 -3.24151 -0.0105588 0.0472433 -0.998828 192.6 
-0.998118 0.0602425 0.0114617 -18.6285 0.0607002 0.997142 0.0449787 -3.17062 -0.00871928 0.0455898 -0.998922 189.691 
-0.998096 0.0607915 0.0104141 -18.5941 0.0612041 0.997093 0.0453942 -3.1077 -0.00762424 0.0459451 -0.998915 186.794 
-0.998131 0.0604498 0.00902349 -18.5605 0.0608012 0.9971 0.0457688 -3.04424 -0.00623061 0.0462318 -0.998911 183.909 
-0.998156 0.0602652 0.00722776 -18.5334 0.0605447 0.996998 0.048264 -2.97727 -0.00429743 0.0486126 -0.998808 181.032 
-0.998199 0.059895 0.00323911 -18.5152 0.0599806 0.997142 0.0459439 -2.90829 -0.000478051 0.0460554 -0.998939 178.175 
-0.998113 0.0613978 -0.000664971 -18.5102 0.0612897 0.996892 0.0495055 -2.83865 0.00370243 0.0493714 -0.998774 175.337 
-0.998024 0.0626469 -0.0048148 -18.5183 0.0623395 0.996867 0.0486763 -2.76955 0.00784914 0.04828 -0.998803 172.537 
-0.997975 0.062982 -0.00888985 -18.5371 0.0624394 0.996699 0.0518804 -2.70136 0.012128 0.0512203 -0.998614 169.792 
-0.997866 0.0640468 -0.0127156 -18.5681 0.063298 0.996615 0.0524611 -2.63353 0.0160325 0.0515443 -0.998542 167.126 
-0.997822 0.0641553 -0.0153698 -18.605 0.0632094 0.996447 0.0556675 -2.56588 0.0188866 0.0545747 -0.998331 164.539 
-0.997856 0.0635031 -0.0158523 -18.6621 0.0625813 0.996626 0.0530981 -2.47385 0.0191707 0.0519922 -0.998463 160.837 
-0.997796 0.0645406 -0.0153892 -18.7004 0.0636388 0.996551 0.0532498 -2.42222 0.0187729 0.0521531 -0.998463 158.493 
-0.997811 0.0645853 -0.0142252 -18.7334 0.0636958 0.996398 0.055983 -2.3708 0.0177897 0.0549543 -0.99833 156.25 
-0.99794 0.0627639 -0.0132854 -18.7623 0.0619265 0.996502 0.056109 -2.32265 0.0167606 0.0551707 -0.998336 154.117 
-0.997892 0.0637176 -0.0122759 -18.7924 0.0629679 0.996554 0.0539915 -2.27446 0.0156738 0.0531048 -0.998466 152.087 
-0.997912 0.0635831 -0.0113027 -18.8164 0.0628687 0.996498 0.0551257 -2.23022 0.0147682 0.0543001 -0.998416 150.162 
-0.99791 0.063884 -0.00968684 -18.8475 0.0632426 0.996414 0.0562088 -2.1648 0.0132429 0.0554787 -0.998372 147.461 
-0.997761 0.0663195 -0.00859141 -18.8738 0.0657967 0.996521 0.0511455 -2.10087 0.0119535 0.0504657 -0.998654 144.922 
-0.997737 0.0667607 -0.00796862 -18.892 0.066281 0.996544 0.0500671 -2.04211 0.0112836 0.0494256 -0.998714 142.52 
-0.997558 0.0692891 -0.00880415 -18.9195 0.0687757 0.996418 0.0492041 -1.97456 0.0121819 0.0484784 -0.99875 139.499 
-0.997204 0.0739792 -0.0105095 -18.9546 0.0734402 0.996295 0.0447485 -1.91499 0.013781 0.0438516 -0.998943 136.621 
-0.997186 0.0739533 -0.0123225 -18.9791 0.0734361 0.996569 0.0381627 -1.88135 0.0151025 0.0371503 -0.999196 134.517 
-0.996996 0.0762837 -0.0133804 -19.0039 0.0756835 0.996299 0.040751 -1.83902 0.0164395 0.0396159 -0.99908 132.429 
-0.997851 0.0639298 -0.0143858 -19.0117 0.0634115 0.997409 0.0339853 -1.81349 0.0165212 0.033 -0.999319 130.377 
-0.99785 0.0639143 -0.0144844 -19.0298 0.0635588 0.997694 0.0238037 -1.79041 0.0159724 0.0228319 -0.999612 128.995 
-0.99846 0.0543389 -0.0111999 -19.0369 0.053955 0.998026 0.0321262 -1.76235 0.0129236 0.0314724 -0.999421 126.832 
-0.998518 0.0540495 -0.00636716 -19.0431 0.0538162 0.998025 0.0324093 -1.73955 0.00810629 0.0320186 -0.999454 125.339 
-0.998691 0.0511419 0.000177795 -19.034 0.051124 0.998235 0.0302153 -1.70496 0.00136779 0.0301849 -0.999543 123.793 
-0.998732 0.0498256 0.00723671 -19.0174 0.0500668 0.998014 0.0382285 -1.67161 -0.00531758 0.0385423 -0.999243 122.172 
-0.998505 0.0527305 0.0144175 -18.9955 0.0532862 0.997723 0.0413387 -1.63046 -0.0122048 0.0420452 -0.999041 120.489 
-0.998193 0.0558516 0.0221827 -18.9624 0.0566488 0.997705 0.0371005 -1.58386 -0.0200596 0.0382901 -0.999065 118.74 
-0.997796 0.0591212 0.0301125 -18.9125 0.060193 0.997536 0.0360261 -1.53944 -0.0279085 0.0377593 -0.998897 116.921 
-0.997348 0.061709 0.0385996 -18.8457 0.0632519 0.997191 0.0401166 -1.49574 -0.0360157 0.0424517 -0.998449 115.028 
-0.996694 0.0661833 0.0471176 -18.7626 0.0679748 0.996982 0.0374914 -1.44961 -0.0444941 0.0405703 -0.998185 113.072 
-0.996159 0.0681779 0.0549391 -18.6547 0.0700116 0.997027 0.0321729 -1.40278 -0.0525822 0.0358957 -0.997971 111.05 
-0.995888 0.0681864 0.0596542 -18.5267 0.0701692 0.997028 0.031798 -1.36259 -0.0573087 0.0358532 -0.997713 108.955 
-0.995916 0.06685 0.0606814 -18.3897 0.0685437 0.997302 0.0262697 -1.32609 -0.0587615 0.0303217 -0.997811 106.796 
-0.995718 0.0703541 0.0599628 -18.2568 0.072024 0.99706 0.0261548 -1.28814 -0.0579464 0.0303616 -0.997858 104.562 
-0.995749 0.0702485 0.0595828 -18.1174 0.0724216 0.996755 0.0351296 -1.24473 -0.0569217 0.0392953 -0.997605 102.246 
-0.995946 0.0686017 0.0581869 -17.972 0.0704953 0.997026 0.0311391 -1.19566 -0.0558777 0.0351147 -0.99782 99.8817 
-0.996093 0.0671447 0.0573521 -17.825 0.0690053 0.997131 0.0310997 -1.15122 -0.0550995 0.0349358 -0.997869 97.4478 
-0.99629 0.0670092 0.054 -17.6127 0.0690018 0.99697 0.0359199 -1.07749 -0.0514294 0.0395127 -0.997895 93.6775 
-0.996598 0.0658249 0.0496038 -17.4771 0.067556 0.997134 0.0340695 -1.02226 -0.047219 0.0373047 -0.998188 91.0903 
-0.996919 0.06516 0.0436551 -17.3507 0.0662506 0.997514 0.024018 -0.97534 -0.0419815 0.0268362 -0.998758 88.4541 
-0.997139 0.0651298 0.0383739 -17.2398 0.0662256 0.997411 0.0280119 -0.944055 -0.0364501 0.0304731 -0.998871 85.7375 
-0.997558 0.0626721 0.0308257 -17.0909 0.0637044 0.997399 0.033727 -0.862118 -0.0286318 0.0356083 -0.998956 81.5532 
-0.997567 0.0652774 0.0244777 -16.9736 0.0660827 0.997246 0.0336774 -0.77713 -0.022212 0.035213 -0.999133 77.2278 
-0.997685 0.0648601 0.0204358 -16.9054 0.065599 0.997128 0.0378406 -0.718759 -0.0179228 0.0390936 -0.999075 74.2844 
-0.997908 0.0625151 0.0164783 -16.8449 0.0631926 0.997012 0.0444279 -0.658898 -0.0136517 0.0453762 -0.998877 71.3345 
-0.997889 0.0637888 0.0121463 -16.7792 0.0642598 0.996988 0.0434333 -0.561778 -0.00933915 0.0441222 -0.998982 66.9246 
-0.997965 0.0628922 0.0105077 -16.7413 0.0633012 0.996995 0.044643 -0.498323 -0.00766845 0.0452173 -0.998948 63.9872 
-0.997979 0.0628915 0.00913444 -16.7074 0.0632192 0.997131 0.0416291 -0.434222 -0.00649012 0.0421224 -0.999091 61.0593 
-0.997902 0.0641339 0.00885618 -16.6773 0.0644805 0.996815 0.0469377 -0.369666 -0.00581768 0.0474103 -0.998859 58.1185 
-0.997906 0.0639373 0.00978201 -16.6429 0.0643437 0.996711 0.0492656 -0.292801 -0.00659993 0.0497918 -0.998738 55.1885 
-0.997945 0.0630505 0.0114147 -16.6009 0.0634781 0.997096 0.0420764 -0.223878 -0.00872856 0.0427145 -0.999049 52.277 
-0.997986 0.0621162 0.0128457 -16.5545 0.0626129 0.997121 0.0427734 -0.166754 -0.0101518 0.0434916 -0.999002 49.3668 
-0.997934 0.062616 0.0144088 -16.5059 0.0632509 0.996799 0.0489048 -0.101866 -0.0113004 0.0497151 -0.998699 46.4611 
-0.998035 0.0609618 0.0145139 -16.4517 0.0615518 0.997114 0.0444384 -0.033908 -0.011763 0.0452444 -0.998907 43.5757 
-0.998019 0.0614399 0.0135326 -16.4018 0.0619543 0.997212 0.0415955 0.0226727 -0.0109392 0.0423515 -0.999043 40.6979 
-0.997983 0.0621364 0.0129854 -16.3568 0.0626727 0.996971 0.0460597 0.0806055 -0.0100841 0.0467806 -0.998854 37.8248 
-0.998182 0.0591261 0.0116832 -16.3076 0.0595861 0.997252 0.0440101 0.141409 -0.00904897 0.0446263 -0.998963 34.97 
-0.998196 0.0590737 0.0107624 -16.264 0.0594783 0.997335 0.0422528 0.199871 -0.00823772 0.0428167 -0.999049 32.1247 
-0.997929 0.0634506 0.0106129 -16.2299 0.0638552 0.997009 0.0435431 0.257281 -0.00781827 0.0441306 -0.998995 29.2847 
-0.997895 0.0640028 0.0104941 -16.1949 0.0643988 0.99699 0.0431749 0.31566 -0.00769923 0.0437598 -0.999012 26.4574 
-0.998126 0.0604119 0.00971564 -16.1536 0.0607778 0.997213 0.0432686 0.374359 -0.00707463 0.043778 -0.999016 23.6461 
-0.9982 0.0592573 0.00926063 -16.1162 0.0596122 0.997232 0.0444489 0.432365 -0.00660107 0.044921 -0.998969 20.8566 
-0.99807 0.0614475 0.00894594 -16.0866 0.0617925 0.997052 0.0454919 0.492678 -0.0061242 0.0459569 -0.998925 18.0884 
-0.998072 0.0614799 0.00852173 -16.0573 0.0617977 0.997111 0.0441592 0.553933 -0.00578222 0.0446006 -0.998988 15.333 
-0.998439 0.0553321 0.00763527 -16.0196 0.0555814 0.997745 0.0376306 0.605206 -0.00553587 0.0379962 -0.999263 12.595 
-0.998666 0.0509918 0.00816161 -15.9818 0.051293 0.997785 0.0423519 0.653636 -0.00598393 0.0427141 -0.999069 9.853 
-0.998372 0.0563739 0.0086936 -15.9576 0.0567184 0.997309 0.046461 0.712668 -0.00605102 0.0468784 -0.998882 7.1228 
-0.997939 0.0635082 0.00913385 -15.9388 0.0638699 0.996845 0.0471324 0.778721 -0.00611174 0.0476187 -0.998847 4.40032 
-0.997895 0.0642503 0.0088642 -15.9092 0.0645692 0.997019 0.0422432 0.844665 -0.00612364 0.0427266 -0.999068 1.6761 
-0.998143 0.0603587 0.00826222 -15.8712 0.0606548 0.997268 0.0421595 0.904504 -0.00569496 0.0425823 -0.999077 -1.06317 
-0.998211 0.0592982 0.00765033 -15.8232 0.0595551 0.997445 0.039457 0.987097 -0.00529105 0.039842 -0.999192 -5.19233 
-0.998298 0.0578363 0.00748814 -15.7912 0.0580893 0.99752 0.0397348 1.04196 -0.00517146 0.0401021 -0.999182 -7.96603 
-0.998548 0.0534333 0.00683878 -15.7559 0.0536773 0.997646 0.0426702 1.10059 -0.00454267 0.0429754 -0.999066 -10.7552 
-0.998665 0.0512954 0.00606441 -15.7223 0.0514961 0.997886 0.0396364 1.15992 -0.00401842 0.0398958 -0.999196 -13.5475 
-0.998792 0.0487102 0.00648413 -15.6752 0.0489209 0.998089 0.0377468 1.2389 -0.00463308 0.0380184 -0.999266 -17.7644 
-0.998865 0.0471492 0.00675802 -15.6435 0.0473475 0.998333 0.0330146 1.27911 -0.00519014 0.0332971 -0.999432 -20.5842 
-0.998679 0.0508047 0.00766811 -15.6178 0.0510482 0.998052 0.0358622 1.32013 -0.0058312 0.0362063 -0.999327 -23.4244 
-0.998599 0.0521993 0.00862454 -15.5903 0.0524732 0.997996 0.0353532 1.36253 -0.00676185 0.0357562 -0.999338 -26.2678 
-0.9987 0.0501358 0.00924708 -15.5368 0.0504536 0.997999 0.0381148 1.42384 -0.00731766 0.0385317 -0.999231 -30.5478 
-0.998415 0.0552364 0.0107834 -15.5077 0.0556016 0.997761 0.0371614 1.47449 -0.00870662 0.0377021 -0.999251 -33.3961 
-0.998216 0.0585104 0.0119089 -15.4766 0.0589332 0.997502 0.0389542 1.51964 -0.00959994 0.0395865 -0.99917 -36.2445 
-0.997954 0.0627049 0.0125044 -15.4441 0.0631551 0.997217 0.0396206 1.56685 -0.00998519 0.0403293 -0.999137 -39.0822 
-0.997711 0.0663361 0.0130939 -15.4093 0.0668328 0.996877 0.0420756 1.62115 -0.0102619 0.0428544 -0.999029 -41.9139 
-0.997384 0.0710715 0.0131636 -15.3752 0.0714792 0.996874 0.0336483 1.67019 -0.0107311 0.0345012 -0.999347 -44.7246 
-0.997325 0.0718293 0.013504 -15.3378 0.0722703 0.996748 0.0356356 1.71026 -0.0109005 0.0365163 -0.999274 -47.538 
-0.997388 0.0709966 0.0133258 -15.2972 0.0714312 0.99681 0.0356045 1.75778 -0.0107555 0.0364633 -0.999277 -50.3466 
-0.997423 0.0704948 0.013348 -15.2568 0.0709433 0.996801 0.0367963 1.8087 -0.0107114 0.0376484 -0.999234 -53.1527 
-0.997473 0.0700767 0.0117216 -15.2177 0.0704341 0.996953 0.033519 1.85964 -0.00933702 0.0342599 -0.999369 -55.9495 
-0.997444 0.0707486 0.00995904 -15.1841 0.0710564 0.996858 0.0349885 1.90589 -0.00745236 0.0356068 -0.999338 -58.7514 
-0.997412 0.0714185 0.00825047 -15.157 0.0716558 0.996871 0.033369 1.9492 -0.00584149 0.0338738 -0.999409 -61.5494 
-0.997518 0.0700987 0.00660021 -15.128 0.0702877 0.996913 0.0349817 1.98995 -0.00412766 0.0353588 -0.999366 -64.3508 
-0.997609 0.0689224 0.00517194 -15.1012 0.0690631 0.996981 0.0354884 2.03155 -0.00271038 0.0357607 -0.999357 -67.1465 
-0.997552 0.0697597 0.00474988 -15.083 0.0698835 0.996943 0.0349457 2.07123 -0.00229755 0.0351921 -0.999378 -69.9346 
-0.997516 0.070243 0.0052233 -15.0644 0.0703735 0.997021 0.031562 2.10281 -0.00299073 0.0318512 -0.999488 -72.7084 
-0.997338 0.0726121 0.00662674 -15.0432 0.0727994 0.996742 0.0347224 2.13072 -0.00408389 0.0351124 -0.999375 -75.4762 
-0.997198 0.0742592 0.00901343 -15.0168 0.0745413 0.996547 0.0365656 2.16346 -0.00626698 0.037135 -0.999291 -78.2265 
-0.997337 0.0722779 0.00972219 -14.9793 0.0725402 0.996912 0.0300563 2.19119 -0.00751977 0.0306815 -0.999501 -80.9536 
-0.997388 0.0715138 0.0101887 -14.9247 0.0718585 0.996657 0.0388668 2.23251 -0.00737515 0.0394974 -0.999193 -85.0349 
-0.997341 0.0722239 0.00967253 -14.8919 0.072536 0.996673 0.0371662 2.26864 -0.00695607 0.037769 -0.999262 -87.7267 
-0.997481 0.0705109 0.00777731 -14.8566 0.070738 0.996903 0.0343721 2.29699 -0.00532961 0.0348357 -0.999379 -90.408 
-0.997593 0.0690708 0.00619157 -14.8243 0.0692534 0.996912 0.037008 2.32693 -0.00361628 0.0373477 -0.999296 -93.0767 
-0.997599 0.0690894 0.00478244 -14.798 0.0692142 0.996998 0.0347163 2.3579 -0.00236956 0.034964 -0.999386 -95.7244 
-0.997626 0.0687711 0.00347244 -14.776 0.068853 0.996924 0.0374336 2.38983 -0.00088741 0.0375839 -0.999293 -98.3634 
-0.99761 0.0690694 0.00167024 -14.7585 0.0690834 0.996904 0.037534 2.42687 0.000927379 0.0375597 -0.999294 -100.984 
-0.997622 0.0689271 0.000230392 -14.7441 0.068888 0.996932 0.0371479 2.46267 0.00233081 0.0370755 -0.99931 -103.593 
-0.997635 0.0687242 -0.00106915 -14.7342 0.0686391 0.996969 0.036613 2.49831 0.0035821 0.036453 -0.999329 -106.186 
-0.997614 0.0689949 -0.00235413 -14.7282 0.0688753 0.997045 0.0340206 2.53066 0.00469442 0.0337773 -0.999418 -108.763 
-0.997602 0.0691565 -0.00263122 -14.7256 0.0690068 0.99689 0.0380598 2.56369 0.00525512 0.037787 -0.999272 -111.329 
-0.997581 0.0694796 -0.00230498 -14.7215 0.0693539 0.996957 0.0355917 2.60037 0.00477087 0.0353457 -0.999364 -113.877 
-0.997481 0.0709084 -0.00202276 -14.7178 0.0707866 0.996815 0.0367401 2.6342 0.0046215 0.0365043 -0.999323 -116.411 
-0.997483 0.0708889 -0.00137939 -14.7128 0.070783 0.996744 0.0386111 2.66779 0.004112 0.0384162 -0.999253 -118.924 
-0.997499 0.0706612 -0.00129007 -14.7057 0.0705612 0.996782 0.0380352 2.70391 0.00397353 0.0378491 -0.999276 -121.414 
-0.997525 0.0702808 -0.00204413 -14.7005 0.0701557 0.996836 0.0373667 2.73591 0.00466383 0.0371309 -0.9993 -123.867 
-0.997661 0.0681987 -0.00456355 -14.6983 0.0679697 0.996923 0.0390418 2.7678 0.0072121 0.0386403 -0.999227 -126.287 
-0.997769 0.066379 -0.00712739 -14.7012 0.0660528 0.997054 0.0389994 2.80139 0.00969513 0.0384416 -0.999214 -128.67 
-0.99771 0.0670396 -0.00899215 -14.7123 0.0666653 0.997092 0.0369197 2.83317 0.0114411 0.0362357 -0.999278 -131.009 
-0.997614 0.0685077 -0.0086063 -14.7249 0.0680969 0.996823 0.041318 2.864 0.0114096 0.0406334 -0.999109 -133.3 
-0.997332 0.0724942 -0.00855478 -14.7431 0.0720832 0.996545 0.0412445 2.89521 0.0115152 0.0405178 -0.999112 -135.514 
-0.997449 0.0708443 -0.00874071 -14.7523 0.070377 0.996483 0.0454944 2.92894 0.011933 0.0447632 -0.998926 -137.654 
-0.997495 0.069693 -0.0121148 -14.7647 0.0691004 0.996644 0.0438919 2.96476 0.0151331 0.0429447 -0.998963 -139.696 
-0.997417 0.0703488 -0.0145347 -14.7849 0.069635 0.996564 0.0448565 2.99326 0.0176404 0.0437285 -0.998888 -141.631 
-0.997272 0.072306 -0.0148594 -14.8085 0.0715657 0.9964 0.0454434 3.02 0.0180918 0.044256 -0.998856 -143.452 
-0.996956 0.0776416 -0.007091 -14.8233 0.0772658 0.996075 0.0431864 3.04471 0.0104162 0.0425071 -0.999042 -145.155 
-0.9961 0.0854175 0.0220899 -14.7976 0.0862628 0.995442 0.0406577 3.06559 -0.0185163 0.0424047 -0.998929 -146.744 
-0.993891 0.0852339 0.0701148 -14.6882 0.0882946 0.995218 0.0417719 3.07911 -0.0662192 0.0477074 -0.996664 -148.225 
-0.982944 0.0822819 0.164473 -14.3642 0.0897488 0.995221 0.0384828 3.08778 -0.160521 0.0525877 -0.985631 -150.225 
-0.935309 0.0828505 0.343995 -13.6085 0.0951721 0.995278 0.0190584 3.07671 -0.340791 0.0505641 -0.938778 -152.477 
-0.825376 0.0781119 0.559154 -12.4465 0.0951401 0.995463 0.00137499 3.01524 -0.55651 0.0543328 -0.829063 -154.267 
-0.64112 0.0668705 0.764522 -10.9011 0.0890672 0.995948 -0.0124219 2.92644 -0.762255 0.0601299 -0.644478 -155.63 
-0.403662 0.0505414 0.913511 -9.10629 0.0702334 0.997238 -0.024139 2.81575 -0.912208 0.054415 -0.406098 -156.406 
-0.205912 0.0511896 0.977231 -7.69941 0.061418 0.997338 -0.0393015 2.72269 -0.976641 0.0519269 -0.208508 -156.663 
0.0739937 0.0182407 0.997092 -5.75124 0.0477837 0.998619 -0.0218147 2.6152 -0.996113 0.0492589 0.0730199 -156.544 
0.215344 -0.00253655 0.976535 -4.77901 0.0385675 0.999239 -0.00590934 2.56936 -0.975776 0.0389351 0.215278 -156.244 
0.421523 -0.0148738 0.906695 -3.37534 0.0368797 0.999319 -0.00075217 2.53483 -0.906067 0.0337557 0.421785 -155.554 
0.605961 -0.0273115 0.795026 -2.05796 0.0349979 0.999358 0.00765593 2.51038 -0.794724 0.023185 0.606527 -154.484 
0.794075 -0.0246446 0.60732 -0.551078 0.0345662 0.999392 -0.00464092 2.47881 -0.606836 0.024678 0.794444 -152.632 
0.897119 -0.0275291 0.440931 0.323482 0.0312158 0.999512 -0.00110833 2.44633 -0.440685 0.0147583 0.89754 -150.88 
0.973354 -0.0142365 0.228867 1.04825 0.0153939 0.999876 -0.00327229 2.40293 -0.228792 0.00670824 0.973452 -148.113 
0.988361 -0.0086282 0.151883 1.26505 0.00923537 0.999952 -0.0032926 2.38345 -0.151847 0.00465697 0.988393 -146.567 
0.996104 -0.00752832 0.0878645 1.40767 0.00762295 0.999971 -0.00074151 2.35947 -0.0878563 0.00140841 0.996132 -144.927 
0.999235 0.000596287 0.0391035 1.46345 -0.000538774 0.999999 -0.00148133 2.33266 -0.0391043 0.00145913 0.999234 -143.198 
0.999849 0.0109134 0.0134872 1.46874 -0.0108618 0.999933 -0.00388731 2.30591 -0.0135288 0.00374023 0.999901 -141.387 
0.999845 0.0152851 0.00875467 1.47997 -0.0152588 0.999879 -0.00305959 2.2747 -0.00880038 0.00292553 0.999957 -139.492 
0.999888 0.0134044 0.00664639 1.49937 -0.0133989 0.99991 -0.000862366 2.24674 -0.00665736 0.000773215 0.999977 -137.518 
0.999923 0.0121291 0.00263555 1.50541 -0.0121249 0.999925 -0.0016103 2.22017 -0.00265488 0.00157822 0.999995 -135.474 
0.999931 0.0117224 -0.0011019 1.50333 -0.0117204 0.99993 0.00180502 2.1902 0.00112298 -0.00179197 0.999998 -133.352 
