1 1.19763e-11 1.70464e-10 -5.55111e-17 1.19763e-11 1 3.5625e-10 0 1.70464e-10 3.5625e-10 1 2.22045e-16 
0.999994 -0.00341345 -0.00073122 0.00203758 0.00341385 0.999994 0.000536192 -0.063028 0.000729385 -0.000538684 1 3.94173 
0.999992 -0.00392522 -0.000516224 0.00415793 0.00392606 0.999991 0.00164079 -0.101468 0.000509779 -0.0016428 0.999999 6.58164 
0.999986 -0.00518455 -0.00059756 0.00832382 0.00518666 0.99998 0.00358304 -0.132803 0.000578972 -0.00358609 0.999993 9.23896 
0.999999 0.00154359 -0.000621867 0.00341939 -0.00154466 0.999997 -0.00172497 -0.176748 0.000619203 0.00172593 0.999998 13.2421 
0.999996 0.00299309 2.87676e-05 -0.00426772 -0.00299314 0.999994 0.00176906 -0.236414 -2.34721e-05 -0.00176914 0.999998 17.2822 
0.999987 -0.00511926 -0.000232036 0.00413469 0.00511913 0.999987 -0.000553928 -0.293109 0.000234869 0.000552734 1 21.3413 
0.999999 0.000142485 0.00124543 -0.00736932 -0.000141531 1 -0.000766073 -0.346812 -0.00124553 0.000765897 0.999999 24.0721 
0.999997 -0.00105089 0.00236924 -0.00506118 0.00103793 0.999985 0.00546529 -0.38714 -0.00237494 -0.00546281 0.999982 26.8203 
0.99998 -0.00593323 0.00198489 0.00528159 0.00593062 0.999981 0.00131719 -0.432898 -0.00199267 -0.00130539 0.999997 29.5701 
0.999991 -0.00286426 0.00317328 0.00682708 0.00286867 0.999995 -0.00138571 -0.485013 -0.00316929 0.0013948 0.999994 32.3353 
0.999993 -0.00102145 0.00349843 0.0101734 0.00103531 0.999992 -0.00396309 -0.543116 -0.00349435 0.00396669 0.999986 35.1108 
0.999996 -0.000188957 0.00298614 0.0151148 0.000189138 1 -6.04535e-05 -0.599901 -0.00298613 6.10187e-05 0.999996 37.9059 
0.999982 0.00505155 0.00310141 0.0194295 -0.00504983 0.999987 -0.000561303 -0.643712 -0.00310421 0.000545632 0.999995 40.7044 
0.999961 0.00830831 0.00284362 0.0213443 -0.008309 0.999965 0.000228539 -0.694132 -0.00284162 -0.000252157 0.999996 43.5186 
0.999983 0.00580017 0.000761619 0.0340803 -0.00580012 0.999983 -6.59817e-05 -0.761031 -0.000761989 6.15638e-05 1 47.757 
0.999977 0.00664891 -0.00130382 0.0317553 -0.00664754 0.999977 0.0010528 -0.805635 0.00131079 -0.00104411 0.999999 50.6022 
0.99997 0.00688278 -0.0035883 0.0253698 -0.0068758 0.999974 0.00195412 -0.845384 0.00360166 -0.00192939 0.999992 53.4572 
0.999982 0.00171938 -0.00565444 0.0132291 -0.00170585 0.999996 0.00239685 -0.907244 0.00565854 -0.00238716 0.999981 57.7455 
0.999986 -0.000836491 -0.00530079 0.00652425 0.000854902 0.999994 0.00347204 -0.944604 0.00529785 -0.00347652 0.99998 60.6032 
0.999983 -0.00379255 -0.00448879 -0.00130824 0.00380903 0.999986 0.00366913 -0.98781 0.00447481 -0.00368616 0.999983 63.452 
0.999981 -0.00522046 -0.00335959 -0.00595393 0.00522805 0.999984 0.00225172 -1.0297 0.00334779 -0.00226924 0.999992 66.2894 
0.999998 -0.000648136 -0.00206877 -0.0193644 0.000655685 0.999993 0.00365043 -1.07607 0.00206639 -0.00365178 0.999991 69.1159 
0.999978 0.00665993 -0.000528741 -0.0351344 -0.00665692 0.999963 0.00551082 -1.11823 0.000565424 -0.00550718 0.999985 71.9398 
0.999899 0.0142169 0.000850324 -0.0467759 -0.0142207 0.999888 0.00462105 -1.15331 -0.000784532 -0.00463267 0.999989 74.7425 
0.99986 0.0166377 0.00188362 -0.0545851 -0.0166459 0.999851 0.00447234 -1.19794 -0.00180893 -0.00450307 0.999988 77.5408 
0.999897 0.0142363 0.00195937 -0.0495425 -0.0142434 0.999892 0.0036846 -1.23666 -0.0019067 -0.00371213 0.999991 80.3255 
0.999907 0.0135342 0.00144846 -0.0483881 -0.0135396 0.999901 0.00383319 -1.27868 -0.00139644 -0.00385245 0.999992 83.0972 
0.99991 0.0134348 0.000187047 -0.06072 -0.0134354 0.999903 0.0036812 -1.32024 -0.000137573 -0.00368338 0.999993 85.8656 
0.999938 0.0109306 -0.00187798 -0.0843762 -0.0109202 0.999925 0.00545859 -1.36298 0.0019375 -0.00543774 0.999983 88.6291 
0.99997 0.00680326 -0.00371164 -0.111047 -0.00677963 0.999957 0.00634212 -1.39978 0.00375462 -0.00631677 0.999973 91.3752 
0.999981 0.00428222 -0.00446849 -0.14546 -0.00425922 0.999978 0.00514399 -1.43596 0.00449042 -0.00512486 0.999977 94.1034 
0.999979 0.00473858 -0.00448741 -0.191341 -0.00472032 0.999981 0.00407044 -1.47621 0.00450661 -0.00404917 0.999982 96.8138 
0.999965 0.00752926 -0.00362721 -0.248572 -0.00751145 0.99996 0.00490014 -1.535 0.00366396 -0.00487272 0.999981 100.86 
0.999961 0.00817387 -0.0033382 -0.305326 -0.00816552 0.999964 0.0025071 -1.59605 0.00335858 -0.00247974 0.999991 104.885 
0.999992 0.00314211 -0.00262588 -0.350813 -0.00312962 0.999984 0.00474478 -1.66128 0.00264075 -0.00473653 0.999985 108.906 
0.999999 0.000676165 -0.00100019 -0.394315 -0.000672199 0.999992 0.00396047 -1.7101 0.00100286 -0.00395979 0.999992 111.577 
0.999989 0.00453267 0.000748283 -0.421968 -0.00453219 0.999989 -0.000645575 -1.75399 -0.000751201 0.000642177 1 114.229 
0.999953 0.00899672 0.00359694 -0.433478 -0.00900143 0.999959 0.0012921 -1.79423 -0.00358517 -0.00132442 0.999993 116.893 
0.999953 0.00807788 0.00544954 -0.430614 -0.00810203 0.999957 0.00442471 -1.82585 -0.00541357 -0.00446865 0.999975 119.561 
0.999917 0.0103503 0.00770925 -0.447293 -0.0103751 0.999941 0.00318368 -1.88093 -0.00767584 -0.0032634 0.999965 122.268 
0.999864 0.0131373 0.00996312 -0.462255 -0.013155 0.999912 0.00171644 -1.94033 -0.00993969 -0.00184727 0.999949 124.984 
0.999839 0.0133948 0.0119575 -0.470849 -0.0134061 0.99991 0.000867673 -2.00603 -0.0119448 -0.00102784 0.999928 127.692 
0.999844 0.0108917 0.0138962 -0.470125 -0.0109377 0.999935 0.00323538 -2.09949 -0.0138601 -0.00338687 0.999898 131.756 
0.999883 0.00714277 0.0135483 -0.465103 -0.00719965 0.999965 0.00415406 -2.16293 -0.0135182 -0.00425112 0.9999 134.461 
0.999923 0.00404864 0.0117494 -0.464495 -0.00409264 0.999985 0.00372265 -2.22631 -0.0117341 -0.00377045 0.999924 137.161 
0.999953 0.00122806 0.00965658 -0.464181 -0.00127689 0.999986 0.00505251 -2.28175 -0.00965025 -0.0050646 0.999941 139.863 
0.999975 0.000229275 0.00710214 -0.470457 -0.000261274 0.99999 0.004505 -2.34189 -0.00710104 -0.00450674 0.999965 142.562 
0.999986 -0.00177425 0.00507486 -0.478901 0.00176294 0.999996 0.00223254 -2.39502 -0.0050788 -0.00222356 0.999985 145.258 
0.999897 -0.0140957 0.00280284 -0.484415 0.0140855 0.999894 0.00360825 -2.46297 -0.00285341 -0.0035684 0.99999 147.954 
0.999686 -0.0250495 0.000133244 -0.488799 0.0250491 0.999684 0.00211337 -2.51862 -0.00018614 -0.00210937 0.999998 150.648 
0.999766 -0.0215875 0.00124882 -0.51399 0.0215919 0.99976 -0.00364513 -2.58179 -0.00116983 0.00367124 0.999993 153.337 
0.999707 -0.0240594 0.00260929 -0.518837 0.0240607 0.99971 -0.000479524 -2.64145 -0.002597 0.000542165 0.999996 156.033 
0.999428 -0.033667 0.00307072 -0.499605 0.0336562 0.999427 0.00349431 -2.68915 -0.0031866 -0.00338896 0.999989 158.732 
0.999418 -0.0339111 0.00382191 -0.484876 0.0338948 0.999416 0.0042487 -2.73678 -0.00396376 -0.00411668 0.999984 161.429 
0.999696 -0.0237031 0.00675023 -0.468784 0.023699 0.999719 0.000677608 -2.81067 -0.00676439 -0.000517427 0.999977 165.481 
0.999775 -0.0200619 0.00691939 -0.449484 0.0200497 0.999797 0.00182534 -2.86199 -0.00695461 -0.0016862 0.999974 168.2 
0.999875 -0.0146347 0.00593309 -0.438972 0.0146557 0.999886 -0.00351045 -2.91424 -0.00588104 0.00359697 0.999976 170.92 
0.999969 -0.00514315 0.00603701 -0.388112 0.00516723 0.999979 -0.00398054 -2.96077 -0.00601641 0.0040116 0.999974 173.653 
0.999977 -0.00147761 0.00669602 -0.358878 0.00147449 0.999999 0.000470138 -3.00854 -0.00669671 -0.000460253 0.999977 176.409 
0.999967 -0.0068928 0.00423197 -0.321404 0.00688578 0.999975 0.00167189 -3.02295 -0.00424339 -0.00164269 0.99999 179.161 
0.99998 -0.00624916 0.000676272 -0.308999 0.00625371 0.999956 -0.00694788 -3.0621 -0.000632824 0.00695198 0.999976 181.921 
0.999997 0.00259323 -4.98557e-05 -0.318656 -0.0025935 0.999976 -0.00647632 -3.11447 3.30603e-05 0.00647643 0.999979 184.704 
0.999987 0.00509103 0.000651288 -0.308728 -0.00509022 0.999986 -0.0012315 -3.16448 -0.000657549 0.00122817 0.999999 187.499 
0.999995 0.00295401 0.000675549 -0.307021 -0.00295426 0.999996 0.000363433 -3.22186 -0.000674472 -0.000365426 1 190.305 
0.999997 -0.00229679 0.00103953 -0.300756 0.00229594 0.999997 0.000810272 -3.28116 -0.00104139 -0.000807882 0.999999 193.121 
0.999955 -0.00936861 0.00177159 -0.29453 0.00936222 0.99995 0.00358028 -3.34437 -0.00180504 -0.00356353 0.999992 195.959 
0.999987 -0.00440476 0.00270578 -0.315003 0.00442152 0.999971 -0.00622074 -3.47136 -0.0026783 0.00623262 0.999977 200.224 
0.999899 0.0131913 0.00530312 -0.348581 -0.013178 0.99991 -0.0025273 -3.55558 -0.00533598 0.00245716 0.999983 203.095 
0.999905 0.0126263 0.00555651 -0.348136 -0.0126255 0.99992 -0.000175237 -3.60408 -0.00555828 0.000105067 0.999985 205.97 
0.999969 0.00742121 0.00274637 -0.342964 -0.00741833 0.999972 -0.00105497 -3.67436 -0.00275412 0.00103457 0.999996 210.323 
0.999946 0.0101161 0.0025245 -0.353316 -0.0101163 0.999949 6.07891e-05 -3.74177 -0.00252375 -8.63235e-05 0.999997 213.245 
0.999957 0.0091095 0.0018821 -0.357484 -0.00910674 0.999957 -0.00147266 -3.80999 -0.00189543 0.00145546 0.999997 216.186 
0.999961 0.00874363 0.000893922 -0.366905 -0.00874205 0.99996 -0.00176665 -3.89969 -0.000909333 0.00175877 0.999998 220.619 
0.999951 0.0098927 0.000348035 -0.375507 -0.009892 0.999949 -0.00197663 -3.9617 -0.000367571 0.00197309 0.999998 223.589 
0.99995 0.0100381 -0.000260453 -0.378771 -0.0100387 0.999947 -0.00226492 -4.01707 0.000237704 0.00226742 0.999997 226.569 
0.999977 0.00670894 -8.90066e-05 -0.376609 -0.00670914 0.999975 -0.00241492 -4.09904 7.28032e-05 0.00241546 0.999997 231.045 
0.999986 0.00533798 2.02216e-05 -0.376469 -0.00533794 0.999985 -0.00138978 -4.18633 -2.76396e-05 0.00138966 0.999999 235.539 
0.99997 0.00761506 0.00142164 -0.382906 -0.0076159 0.999971 0.000589276 -4.28539 -0.00141711 -0.000600085 0.999999 240.06 
0.999967 0.00756499 0.0029504 -0.379639 -0.00755914 0.999969 -0.00198958 -4.37765 -0.00296536 0.00196721 0.999994 244.602 
0.999962 0.00810169 0.00332684 -0.372157 -0.00809975 0.999967 -0.000596884 -4.43202 -0.00333157 0.000569915 0.999994 247.648 
0.99996 0.00850582 0.00279812 -0.365894 -0.00850719 0.999964 0.000474575 -4.48706 -0.00279398 -0.000498359 0.999996 250.696 
0.999935 0.0109512 0.00304427 -0.35989 -0.0109531 0.99994 0.000596336 -4.53575 -0.00303755 -0.000629641 0.999995 253.757 
0.999946 0.0099729 0.0029445 -0.351899 -0.00997571 0.99995 0.000940638 -4.58494 -0.00293497 -0.00096996 0.999995 256.823 
0.99998 0.00564903 0.00291162 -0.340799 -0.00565737 0.99998 0.00286567 -4.6376 -0.00289537 -0.00288208 0.999992 259.9 
0.999995 0.000935565 0.00288366 -0.325374 -0.00094273 0.999996 0.00248408 -4.71575 -0.00288133 -0.00248678 0.999993 264.511 
0.999992 -0.0020661 0.00345941 -0.320818 0.00205223 0.99999 0.00400846 -4.78837 -0.00346766 -0.00400133 0.999986 267.598 
0.999988 -0.00193803 0.00439599 -0.316602 0.00192754 0.999995 0.00239047 -4.86605 -0.00440061 -0.00238197 0.999988 270.677 
0.999978 0.00123293 0.0064402 -0.31404 -0.0012481 0.999996 0.00235118 -4.95022 -0.00643728 -0.00235917 0.999977 273.765 
0.999961 0.00318273 0.00819315 -0.311421 -0.00319839 0.999993 0.00189905 -5.03984 -0.00818705 -0.00192518 0.999965 276.853 
0.999946 0.00300233 0.00993542 -0.301129 -0.00301076 0.999995 0.000833953 -5.13414 -0.00993287 -0.000863821 0.99995 279.945 
0.999933 0.00149062 0.0115216 -0.27649 -0.00151734 0.999996 0.00231141 -5.21004 -0.0115181 -0.00232874 0.999931 283.05 
0.999929 -0.000578305 0.0119268 -0.24473 0.000573806 1 0.000380704 -5.2776 -0.011927 -0.000373832 0.999929 286.145 
0.999946 -0.00278339 0.0100214 -0.204525 0.00280163 0.999994 -0.00180698 -5.39048 -0.0100163 0.00183496 0.999948 290.81 
0.999961 -0.00241203 0.00844723 -0.182827 0.00243485 0.999993 -0.00269109 -5.46258 -0.00844069 0.00271155 0.999961 293.932 
0.999972 -0.00281961 0.00688721 -0.168171 0.00283259 0.999994 -0.00187537 -5.54265 -0.00688188 0.00189483 0.999974 297.072 
0.999984 -0.00188475 0.00529149 -0.14983 0.00188231 0.999998 0.000466143 -5.60566 -0.00529236 -0.000456174 0.999986 300.237 
0.999971 -0.00206617 0.00727639 -0.12458 0.00206578 0.999998 6.19216e-05 -5.70493 -0.0072765 -4.68878e-05 0.999973 305.01 
0.999955 -0.00542868 0.00775826 -0.10099 0.00545008 0.999981 -0.00274014 -5.77594 -0.00774324 0.0027823 0.999966 308.212 
0.999971 -0.00514709 0.0056444 -0.0932494 0.00517332 0.999976 -0.00464174 -5.86305 -0.00562037 0.00467081 0.999973 311.433 
0.999987 -0.00371696 0.00358398 -0.107981 0.00370907 0.999991 0.00220663 -5.99069 -0.00359215 -0.00219331 0.999991 316.295 
0.999966 -0.00696486 0.00441216 -0.10397 0.00695707 0.999974 0.00177904 -6.10684 -0.00442444 -0.00174828 0.999989 321.182 
0.999969 -0.00553186 0.00558256 -0.0964844 0.00552415 0.999984 0.00139507 -6.22409 -0.00559018 -0.00136418 0.999984 326.068 
0.999958 -0.00586721 0.00709604 -0.0849696 0.00585006 0.99998 0.00243587 -6.30543 -0.00711019 -0.00239425 0.999972 329.324 
0.999944 -0.00798854 0.0069226 -0.0642123 0.00797425 0.999966 0.00208908 -6.37224 -0.00693905 -0.00203376 0.999974 332.569 
0.999975 -0.00357196 0.0061093 -0.0494975 0.00359329 0.999988 -0.00348371 -6.49255 -0.00609678 0.00350558 0.999975 337.41 
0.999989 -0.0014623 0.00436228 -0.0425701 0.00145766 0.999998 0.00106778 -6.5714 -0.00436384 -0.00106141 0.99999 340.629 
1 -0.000444111 0.000271657 -0.0351466 0.000443834 0.999999 0.00101749 -6.65278 -0.000272108 -0.00101737 1 345.452 
0.999992 -0.00306261 -0.00262549 -0.0370718 0.00307165 0.999989 0.00344606 -6.70815 0.00261491 -0.00345409 0.999991 348.655 
0.999987 -0.00400627 -0.00327367 -0.0526102 0.00401149 0.999991 0.00158878 -6.77306 0.00326727 -0.00160189 0.999993 351.848 
0.999984 -0.00456592 -0.00326332 -0.0750661 0.00457074 0.999988 0.00147062 -6.84356 0.00325656 -0.00148551 0.999994 355.038 
0.999977 -0.0058973 -0.00334578 -0.109101 0.00589922 0.999982 0.000562851 -6.95871 0.0033424 -0.000582575 0.999994 359.813 
0.99997 -0.00699099 -0.00319939 -0.132221 0.0069857 0.999974 -0.00166381 -7.03402 0.00321094 0.00164141 0.999993 362.989 
0.999945 -0.0100072 -0.00321568 -0.1553 0.0100103 0.999949 0.000968115 -7.1124 0.00320583 -0.00100025 0.999994 366.184 
0.999951 -0.0094445 -0.00278608 -0.185891 0.00944285 0.999955 -0.000603325 -7.18829 0.00279165 0.000576988 0.999996 369.387 
0.99998 -0.00610012 -0.00180553 -0.222998 0.00610185 0.999981 0.000954059 -7.26884 0.00179968 -0.000965056 0.999998 372.615 
0.999982 -0.00587943 -0.00119997 -0.251989 0.00587933 0.999983 -9.21155e-05 -7.34494 0.00120049 8.50595e-05 0.999999 375.781 
0.999985 -0.00533583 -0.000692926 -0.270401 0.00533556 0.999986 -0.000390062 -7.41442 0.000694998 0.00038636 1 378.993 
0.999996 -0.00289136 -5.68595e-05 -0.287793 0.00289139 0.999996 0.000451874 -7.48506 5.5553e-05 -0.000452036 1 382.22 
1 -0.000874383 0.000481297 -0.303965 0.000874743 0.999999 -0.000747672 -7.55871 -0.000480642 0.000748094 1 385.451 
0.999999 0.00111654 0.00106092 -0.316454 -0.00111683 0.999999 0.000265966 -7.6316 -0.00106062 -0.00026715 0.999999 388.686 
0.999994 0.00290337 0.00183956 -0.3238 -0.00290395 0.999996 0.000314458 -7.6962 -0.00183864 -0.000319797 0.999998 391.936 
