1 1.19763e-11 1.70464e-10 -5.55111e-17 1.19763e-11 1 3.5625e-10 0 1.70464e-10 3.5625e-10 1 2.22045e-16 
0.999998 -0.00198326 -0.000810055 -0.00341804 0.00198453 0.999997 0.00156704 -0.0376694 0.000806944 -0.00156865 0.999998 2.62665 
0.999989 -0.00445288 -0.00113626 -0.006349 0.00445324 0.99999 0.000314614 -0.0670413 0.00113485 -0.00031967 0.999999 5.25815 
0.999965 -0.00830184 -0.00125455 0.0176638 0.00830499 0.999962 0.00252405 -0.125206 0.00123354 -0.00253438 0.999996 7.91231 
0.999984 -0.00522477 -0.00215005 -0.0246007 0.00522298 0.999986 -0.000836588 -0.177676 0.0021544 0.000825345 0.999997 11.9174 
0.999992 -0.00326587 -0.0021244 -0.146 0.00326285 0.999994 -0.00142552 -0.199073 0.00212904 0.00141858 0.999997 14.593 
0.999968 -0.00787916 -0.00143621 -0.288537 0.00788288 0.999966 0.00260092 -0.214981 0.00141567 -0.00261216 0.999996 17.2822 
0.999859 -0.0166427 -0.00221334 -0.260937 0.0166436 0.999861 0.000390483 -0.258341 0.00220653 -0.000427265 0.999997 21.3442 
0.999916 -0.0128607 -0.00170734 -0.253888 0.0128618 0.999917 0.000646521 -0.291595 0.00169888 -0.000668426 0.999998 24.0713 
0.99988 -0.0154843 -0.00053216 -0.294683 0.0154873 0.999861 0.00619895 -0.316117 0.000436099 -0.00620645 0.999981 26.8249 
0.999863 -0.016556 -0.000390863 -0.302838 0.0165567 0.999861 0.00188225 -0.385764 0.000359646 -0.00188847 0.999998 29.5785 
0.999873 -0.0158423 0.00167506 -0.421127 0.0158486 0.999867 -0.00381873 -0.409774 -0.00161434 0.0038448 0.999991 33.7052 
0.999921 -0.0125127 0.00154566 -0.444493 0.0125136 0.999922 -0.000586959 -0.476151 -0.00153819 0.000606254 0.999999 37.931 
0.999979 -0.00602589 0.00235616 -0.53725 0.00602624 0.999982 -0.000141929 -0.531605 -0.00235527 0.000156125 0.999997 42.1343 
0.999986 -0.00477788 0.00248293 -0.578262 0.0047787 0.999989 -0.000322055 -0.582224 -0.00248137 0.000333915 0.999997 44.9567 
0.999979 -0.00648477 0.000429919 -0.640252 0.00648438 0.999979 0.000901487 -0.665728 -0.000435756 -0.000898681 1 49.2123 
0.999989 -0.00432739 -0.00174037 -0.735634 0.00433089 0.999989 0.00201457 -0.767211 0.00173164 -0.00202209 0.999996 53.4886 
0.999951 -0.009553 -0.00266728 -0.830316 0.00956137 0.999949 0.00314351 -0.781905 0.00263711 -0.00316885 0.999992 56.3406 
0.999886 -0.0147577 -0.00326305 -0.87449 0.0147669 0.999887 0.00280705 -0.845627 0.00322126 -0.00285491 0.999991 59.1385 
0.99987 -0.0159837 -0.00216947 -0.897432 0.0159923 0.999864 0.00397485 -0.908871 0.00210564 -0.00400903 0.99999 61.9924 
0.999788 -0.0205746 -0.00116435 -0.940347 0.0205779 0.999784 0.00283151 -0.959026 0.00110584 -0.00285487 0.999995 64.8265 
0.999729 -0.0232802 0.00074743 -1.09864 0.0232785 0.999727 0.00218555 -0.938271 -0.000798106 -0.00216756 0.999997 67.631 
0.999871 -0.0159751 0.00183922 -1.09742 0.015967 0.999863 0.00433204 -0.96022 -0.00190817 -0.00430211 0.999989 70.4663 
0.999979 -0.00534825 0.00369622 -1.12604 0.00533394 0.999978 0.0038705 -1.01604 -0.00371684 -0.0038507 0.999986 74.6573 
0.999983 -0.00298511 0.00506816 -1.14036 0.00296441 0.999987 0.00408701 -1.12475 -0.00508029 -0.00407192 0.999979 78.8171 
0.999978 -0.00391086 0.00536793 -1.18548 0.00389412 0.999988 0.0031258 -1.18015 -0.00538009 -0.00310483 0.999981 82.9938 
0.99997 -0.00755714 0.00187658 -1.1917 0.00754818 0.99996 0.0047355 -1.2678 -0.00191229 -0.00472119 0.999987 88.5282 
0.999928 -0.0119819 -0.000472925 -1.19964 0.0119838 0.999919 0.00417467 -1.34667 0.000422866 -0.00418004 0.999991 94.0469 
0.999934 -0.0114752 -0.00049525 -1.22749 0.0114764 0.999931 0.00244236 -1.4195 0.00046719 -0.00244789 0.999997 98.0885 
0.999927 -0.0121007 -0.000570621 -1.28235 0.0121036 0.999913 0.00521788 -1.43994 0.000507431 -0.00522441 0.999986 101.977 
0.999922 -0.0124631 -0.000261766 -1.29036 0.0124631 0.999922 0.000227872 -1.51355 0.000258905 -0.000231117 1 106.004 
0.99979 -0.0204476 0.00136129 -1.36524 0.0204418 0.999783 0.00409063 -1.56812 -0.00144463 -0.00406194 0.999991 110.036 
0.999838 -0.0174653 0.00429333 -1.37402 0.0174731 0.999846 -0.00179769 -1.63067 -0.00426127 0.00187242 0.999989 114.059 
0.999889 -0.0129838 0.00724799 -1.38621 0.0129817 0.999916 0.000335836 -1.70135 -0.00725174 -0.000241708 0.999974 116.719 
0.999862 -0.0138048 0.00920231 -1.39575 0.0137768 0.9999 0.00310604 -1.75049 -0.00924427 -0.00297883 0.999953 119.384 
0.99987 -0.0111758 0.0115967 -1.37758 0.0111562 0.999936 0.00175275 -1.7827 -0.0116156 -0.00162314 0.999931 122.093 
0.999863 -0.00638271 0.0153006 -1.36992 0.00639146 0.999979 -0.000522589 -1.84618 -0.015297 0.00062031 0.999883 126.217 
0.999818 -0.00791666 0.0173691 -1.39602 0.00791162 0.999969 0.000358507 -1.8892 -0.0173714 -0.000221024 0.999849 128.883 
0.999773 -0.0114534 0.0179572 -1.34932 0.0114261 0.999933 0.00161936 -1.94066 -0.0179746 -0.00141381 0.999837 131.582 
0.999712 -0.0159554 0.0179147 -1.36815 0.0159157 0.999871 0.00235651 -1.95319 -0.01795 -0.00207071 0.999837 134.287 
0.999632 -0.0218034 0.0161499 -1.43111 0.0217789 0.999761 0.00169135 -1.94309 -0.0161829 -0.00133899 0.999868 136.979 
0.9996 -0.0246152 0.0138976 -1.38899 0.0245801 0.999694 0.0026874 -1.98558 -0.0139595 -0.00234473 0.9999 139.682 
0.9996 -0.0259758 0.011222 -1.37387 0.0259567 0.999661 0.00184518 -2.0153 -0.0112662 -0.00155315 0.999935 142.386 
0.99955 -0.028566 0.0091896 -1.35249 0.0285747 0.999591 -0.000822599 -2.0674 -0.00916234 0.00108482 0.999957 145.076 
0.99914 -0.0409033 0.0067903 -1.32093 0.0408997 0.999163 0.00066271 -2.09705 -0.00681173 -0.000384418 0.999977 147.764 
0.998757 -0.0496304 0.00458643 -1.28808 0.0496496 0.998758 -0.00415679 -2.17429 -0.00437443 0.00437934 0.999981 151.793 
0.998782 -0.0489387 0.00633387 -1.2778 0.0489534 0.998799 -0.0021851 -2.27638 -0.00621932 0.0024925 0.999978 155.854 
0.998256 -0.0586951 0.00634136 -1.24531 0.0586832 0.998275 0.00204642 -2.34233 -0.00645053 -0.00167072 0.999978 158.558 
0.998236 -0.0590079 0.00662282 -1.216 0.0589894 0.998254 0.0029617 -2.40013 -0.00678602 -0.0025658 0.999974 161.232 
0.998627 -0.0516566 0.00873449 -1.19215 0.0516599 0.998665 -0.000150063 -2.43799 -0.00871508 0.00060108 0.999962 163.933 
0.998804 -0.0475828 0.0112471 -1.45902 0.0475895 0.998867 -0.000329335 -2.51049 -0.0112186 0.000864183 0.999937 168.243 
0.998941 -0.0448168 0.0104205 -1.52066 0.0448772 0.998977 -0.00563593 -2.54608 -0.0101573 0.0060976 0.99993 170.957 
0.999277 -0.0365039 0.0106427 -1.57506 0.0365693 0.999313 -0.00601794 -2.57227 -0.0104157 0.00640278 0.999925 173.687 
0.999377 -0.0332281 0.0118574 -1.66602 0.0332447 0.999447 -0.00120396 -2.70854 -0.0118109 0.00159741 0.999929 176.418 
0.999105 -0.0417555 0.00680783 -1.53236 0.0417653 0.999127 -0.00130872 -2.70787 -0.00674723 0.00159188 0.999976 179.141 
0.999003 -0.0444868 0.00367521 -1.6385 0.0445222 0.998957 -0.0101696 -2.73585 -0.00321896 0.0103231 0.999942 181.892 
0.999233 -0.0390849 0.00231498 -1.68637 0.039106 0.999186 -0.00988365 -2.79444 -0.0019268 0.0099666 0.999948 184.666 
0.999365 -0.0354635 0.00348054 -1.7619 0.0354791 0.99936 -0.00454598 -2.86988 -0.00331709 0.00466658 0.999984 187.46 
0.999236 -0.0389555 0.00321217 -1.7076 0.0389626 0.999238 -0.00215217 -3.01615 -0.00312588 0.00227568 0.999993 191.662 
0.998934 -0.0459888 0.00390605 -1.74707 0.0459925 0.998941 -0.000870628 -3.08325 -0.00386187 0.00104935 0.999992 194.477 
0.998573 -0.0531372 0.00537867 -1.83069 0.0531547 0.998581 -0.0031592 -3.18341 -0.00520317 0.0034406 0.999981 198.722 
0.999545 -0.0289427 0.00849859 -1.84822 0.0289628 0.999578 -0.00225049 -3.3203 -0.00842987 0.00249561 0.999961 204.388 
0.999279 -0.0374972 0.00602678 -1.88413 0.0375119 0.999293 -0.00233513 -3.39479 -0.00593496 0.00255953 0.999979 208.709 
0.9993 -0.0370577 0.00516546 -1.94322 0.0370704 0.99931 -0.00239223 -3.52121 -0.00507325 0.00258204 0.999984 214.492 
0.999205 -0.0396409 0.00419464 -2.01382 0.0396589 0.999204 -0.00428462 -3.60645 -0.00402145 0.00444757 0.999982 220.404 
0.999142 -0.0413035 0.00290792 -2.08536 0.0413177 0.999133 -0.00502327 -3.70381 -0.00269792 0.00513911 0.999983 226.342 
0.998849 -0.0478892 0.00282562 -2.13349 0.0479014 0.998842 -0.00441976 -3.84488 -0.00261069 0.00455002 0.999986 233.777 
0.998762 -0.0495201 0.00463246 -2.20387 0.049529 0.998771 -0.00182942 -3.98552 -0.00453617 0.0020566 0.999988 241.377 
0.998637 -0.0518128 0.00623271 -2.28444 0.0518332 0.998651 -0.00316433 -4.10084 -0.00606035 0.00348308 0.999976 247.431 
0.998708 -0.0505503 0.00512917 -2.28214 0.050566 0.998716 -0.00298002 -4.18248 -0.00497194 0.00323553 0.999982 251.982 
0.998784 -0.0489272 0.00609157 -2.35507 0.0489443 0.998798 -0.00269502 -4.28701 -0.00595239 0.00298989 0.999978 256.753 
0.998361 -0.0570003 0.00517766 -2.34981 0.0570179 0.998368 -0.00332435 -4.3871 -0.00497972 0.00361412 0.999981 262.725 
0.998294 -0.0579633 0.00698732 -2.37977 0.0579675 0.998318 -0.00039657 -4.51008 -0.00695258 0.000800931 0.999976 267.345 
0.998505 -0.0537615 0.00987908 -2.40921 0.0537789 0.998552 -0.0015057 -4.61575 -0.00978382 0.00203474 0.99995 271.958 
0.998517 -0.0531701 0.0117172 -2.44748 0.0531984 0.998582 -0.00212514 -4.65064 -0.0115876 0.00274532 0.999929 275.041 
0.998558 -0.0514186 0.0153988 -2.47211 0.0514728 0.998669 -0.00313924 -4.78931 -0.0152169 0.00392734 0.999877 279.68 
0.998408 -0.0538777 0.016689 -2.45778 0.0539146 0.998544 -0.00177249 -4.84231 -0.0165692 0.00266945 0.999859 282.775 
0.998219 -0.0570171 0.0175318 -2.45486 0.0571289 0.998349 -0.00594394 -4.96936 -0.0171639 0.00693493 0.999829 287.398 
0.998349 -0.0552802 0.0156096 -2.36629 0.0553877 0.998444 -0.00653914 -5.09868 -0.0152238 0.00739292 0.999857 292.07 
0.99862 -0.0506658 0.0137935 -2.21546 0.0507595 0.99869 -0.00652791 -5.16007 -0.0134447 0.00721906 0.999884 295.189 
0.998585 -0.0519743 0.0112245 -2.23319 0.0520193 0.998639 -0.00375754 -5.28909 -0.0110139 0.00433611 0.99993 299.917 
0.998503 -0.0530341 0.0133933 -2.22206 0.0530892 0.998583 -0.00379435 -5.43302 -0.0131731 0.00449971 0.999903 304.684 
0.998374 -0.0552122 0.0142086 -2.12609 0.0553311 0.998435 -0.00811637 -5.52418 -0.0137383 0.00888934 0.999866 309.539 
0.998561 -0.052861 0.0090473 -2.098 0.0529151 0.998582 -0.00585799 -5.6216 -0.00872481 0.0063283 0.999942 314.373 
0.998356 -0.0565542 0.00927109 -2.09217 0.0565756 0.998396 -0.00206512 -5.69001 -0.00913943 0.00258624 0.999955 317.613 
0.998152 -0.0599259 0.010084 -2.06951 0.0599546 0.998198 -0.00256788 -5.83052 -0.00991198 0.00316771 0.999946 322.409 
0.998375 -0.0558819 0.0111698 -1.99997 0.0559396 0.998422 -0.00492335 -5.9194 -0.010877 0.00554018 0.999925 327.326 
0.998154 -0.0595717 0.011807 -1.96642 0.0596199 0.998214 -0.00377709 -6.00216 -0.0115609 0.00447405 0.999923 332.192 
0.998158 -0.0593947 0.0123705 -2.08089 0.0594673 0.998215 -0.00558695 -6.04718 -0.0120166 0.0063123 0.999908 335.381 
0.998333 -0.0566919 0.0108013 -2.06396 0.056786 0.998349 -0.0086108 -6.11336 -0.0102953 0.00920982 0.999905 338.589 
0.998442 -0.0550188 0.0092656 -2.13582 0.0550422 0.998481 -0.0022923 -6.18803 -0.00912541 0.00279873 0.999954 341.787 
0.998429 -0.0556963 0.00617695 -2.13604 0.05573 0.998431 -0.00541576 -6.24738 -0.00586562 0.00575149 0.999966 344.984 
0.998421 -0.056153 0.00134731 -1.99336 0.0561577 0.998415 -0.00370191 -6.35964 -0.0011373 0.00377172 0.999992 348.121 
0.998314 -0.0580384 0.00034169 -2.0007 0.0580394 0.998299 -0.00549713 -6.43734 -2.20641e-05 0.00550769 0.999985 351.312 
0.998162 -0.0605965 -0.00059381 -2.00283 0.0605919 0.998145 -0.00597707 -6.50966 0.000954898 0.0059301 0.999982 354.489 
0.997993 -0.0633105 -0.00131377 -2.019 0.0632988 0.997966 -0.00758344 -6.58174 0.00179121 0.00748506 0.99997 357.652 
0.997898 -0.0647765 -0.00204885 -2.00727 0.0647577 0.997867 -0.0082059 -6.66887 0.00257603 0.00805597 0.999964 360.818 
0.997702 -0.0677411 -0.00148822 -2.0482 0.0677283 0.997676 -0.00739491 -6.76669 0.0019857 0.00727712 0.999972 363.989 
0.99735 -0.0727296 -0.0017599 -2.09536 0.0727146 0.997325 -0.00748504 -6.84356 0.00229957 0.00733723 0.99997 367.177 
0.997281 -0.0736762 -0.0014225 -2.16614 0.0736644 0.997258 -0.00704328 -6.9151 0.00193752 0.00691934 0.999974 370.37 
0.997434 -0.0715937 -0.000391261 -2.18382 0.0715897 0.997414 -0.00640198 -6.99298 0.00084859 0.00635754 0.999979 373.633 
0.997037 -0.0769179 -0.00132933 -2.21462 0.0769066 0.997013 -0.00710419 -7.07056 0.0018718 0.0069809 0.999974 376.701 
0.997258 -0.0740028 -0.000621652 -2.25245 0.0739967 0.997234 -0.00692097 -7.17581 0.0011321 0.00685599 0.999976 381.486 
0.997319 -0.0731763 -0.000404139 -2.28338 0.07317 0.997281 -0.00878143 -7.22157 0.00104563 0.00872832 0.999961 384.714 
0.997399 -0.0720755 -0.000271348 -2.32278 0.072071 0.997367 -0.00800797 -7.29722 0.000847812 0.00796759 0.999968 387.911 
0.9975 -0.0706658 0.00089981 -2.44213 0.0706706 0.99747 -0.00773688 -7.42705 -0.000350801 0.00778113 0.99997 392.77 
