1 1.19763e-11 1.70464e-10 0 1.19763e-11 1 3.5625e-10 -1.11022e-16 1.70464e-10 3.5625e-10 1 2.22045e-16 
0.999991 0.00109838 0.00411355 -0.0120138 -0.00109865 0.999999 6.17227e-05 -0.0691185 -0.00411348 -6.62415e-05 0.999992 3.59094 
0.999975 0.00103581 0.00696844 -0.0193962 -0.00103003 0.999999 -0.000833766 -0.135883 -0.0069693 0.000826567 0.999975 7.17202 
0.999975 -0.00109149 0.00695643 -0.000307797 0.00108677 0.999999 0.000680899 -0.188291 -0.00695717 -0.000673322 0.999976 9.5573 
0.999995 -0.00302755 0.000504957 0.00424103 0.003027 0.999995 0.00109033 -0.257865 -0.000508255 -0.0010888 0.999999 13.1216 
0.999995 -0.00234867 -0.00199664 -0.0338888 0.00235096 0.999997 0.00114515 -0.324503 0.00199394 -0.00114983 0.999997 16.7017 
0.99999 -0.00297834 -0.00332683 -0.0585014 0.00298056 0.999995 0.000662796 -0.380164 0.00332484 -0.000672706 0.999994 20.2893 
0.999981 -0.0028265 -0.005429 -0.0904586 0.00282817 0.999996 0.000300225 -0.443987 0.00542813 -0.000315574 0.999985 23.86 
0.999965 -0.00201312 -0.00806921 -0.0868234 0.00202671 0.999997 0.00167551 -0.491073 0.0080658 -0.0016918 0.999966 27.4511 
0.999934 -0.00455055 -0.0105287 -0.158344 0.00454974 0.99999 -0.000100319 -0.550644 0.010529 5.2409e-05 0.999945 31.0326 
0.999934 -0.00409799 -0.0107008 -0.232227 0.0041033 0.999991 0.000473876 -0.598213 0.0106988 -0.000517754 0.999943 33.4341 
0.999901 -0.00654147 -0.0124655 -0.299519 0.00655375 0.999978 0.00094434 -0.672125 0.0124591 -0.00102594 0.999922 37.0263 
0.999885 -0.00782459 -0.0129736 -0.336715 0.00786421 0.999965 0.00300548 -0.715644 0.0129497 -0.00310716 0.999911 39.4224 
0.999899 -0.00598494 -0.0129252 -0.405152 0.00603326 0.999975 0.00370283 -0.774445 0.0129027 -0.00378043 0.99991 43.0151 
0.99993 -0.00333473 -0.0113554 -0.428095 0.0034304 0.999959 0.00841562 -0.794368 0.0113268 -0.00845398 0.9999 45.4169 
0.999961 -0.00380493 -0.00791268 -0.465853 0.00393347 0.99986 0.016293 -0.823531 0.00784958 -0.0163235 0.999836 49.0282 
0.999979 -0.00443551 -0.00462059 -0.517063 0.0044938 0.999909 0.0126834 -0.833813 0.00456392 -0.0127039 0.999909 52.6338 
0.999957 -0.00602407 -0.00705147 -0.56592 0.00610551 0.999914 0.0115857 -0.850736 0.00698107 -0.0116282 0.999908 56.2519 
0.999924 -0.00690555 -0.0102254 -0.600421 0.00703897 0.99989 0.0130699 -0.864207 0.010134 -0.0131409 0.999862 58.6644 
0.999921 -0.00626056 -0.0108706 -0.683381 0.00638874 0.99991 0.0117972 -0.876856 0.0107957 -0.0118657 0.999871 62.2759 
0.999912 -0.00700099 -0.0112474 -0.733196 0.00715135 0.999885 0.0133843 -0.897483 0.0111524 -0.0134635 0.999847 65.8714 
0.99992 -0.0052333 -0.0114853 -0.770495 0.00535304 0.999931 0.0104189 -0.912738 0.01143 -0.0104796 0.99988 68.2593 
0.999935 -0.000529524 -0.0113591 -0.81511 0.000652735 0.999941 0.010846 -0.92665 0.0113527 -0.0108527 0.999877 70.6458 
0.999949 0.00382645 -0.00938516 -0.843325 -0.00371462 0.999922 0.0119043 -0.932586 0.00942999 -0.0118688 0.999885 73.0209 
0.999995 0.00233776 -0.00212258 -0.872766 -0.00232714 0.999985 0.00499231 -0.948393 0.00213422 -0.00498735 0.999985 76.5586 
0.999994 0.00140889 0.00319158 -0.884187 -0.00143514 0.999965 0.00823795 -0.980065 -0.00317986 -0.00824248 0.999961 78.9118 
0.999954 0.000455641 0.00953429 -0.868094 -0.000531064 0.999969 0.00790977 -1.00451 -0.00953039 -0.00791447 0.999923 81.2598 
0.999867 -0.00191796 0.0161738 -0.844372 0.00189375 0.999997 0.00151243 -1.03804 -0.0161767 -0.0014816 0.999868 83.581 
0.999717 -0.00188073 0.0237037 -0.807672 0.0018232 0.999995 0.00244862 -1.08606 -0.0237082 -0.00240471 0.999716 85.8964 
0.9994 -0.000463969 0.0346229 -0.723481 0.000515154 0.999999 -0.00146944 -1.1501 -0.0346222 0.00148639 0.999399 89.3533 
0.999065 -0.00174755 0.0431888 -0.578528 0.00171258 0.999998 0.000846662 -1.21198 -0.0431902 -0.000771906 0.999067 92.8115 
0.998715 -0.00586536 0.0503392 -0.411175 0.00581681 0.999982 0.00111104 -1.2602 -0.0503449 -0.000816801 0.998732 96.2782 
0.998341 -0.00395648 0.0574477 -0.29936 0.00431585 0.999972 -0.00613286 -1.32665 -0.0574218 0.00637062 0.99833 99.7665 
0.998421 -0.00404617 0.0560359 -0.13235 0.00418157 0.999989 -0.00229921 -1.39327 -0.056026 0.0025299 0.998426 103.307 
0.998833 -0.00297471 0.048215 0.036358 0.00302765 0.999995 -0.00102507 -1.45028 -0.0482117 0.00116985 0.998836 106.898 
0.999364 -0.00376396 0.0354584 0.179613 0.00377391 0.999993 -0.000213718 -1.51081 -0.0354574 0.000347399 0.999371 110.489 
0.999762 -0.003525 0.021507 0.270195 0.00349219 0.999993 0.001563 -1.57524 -0.0215124 -0.00148752 0.999767 114.141 
0.999976 -0.00203699 0.00663689 0.292275 0.00203414 0.999998 0.000435115 -1.63477 -0.00663776 -0.000421604 0.999978 117.811 
0.999997 0.00225763 -5.91508e-05 0.306896 -0.0022576 0.999997 0.000452148 -1.66983 6.01714e-05 -0.000452013 1 120.272 
0.999977 0.00672231 -0.00102465 0.235691 -0.00672219 0.999977 0.000128309 -1.70743 0.00102549 -0.000121419 0.999999 122.729 
0.999926 0.0117265 -0.00318377 0.181078 -0.0117164 0.999926 0.0031913 -1.76094 0.00322096 -0.00315376 0.99999 126.453 
0.999921 0.0117547 -0.00453689 0.164943 -0.0117272 0.999913 0.00603913 -1.79282 0.00460748 -0.00598545 0.999971 128.954 
0.999958 0.00638762 -0.00650415 0.125731 -0.00633964 0.999953 0.00737197 -1.8336 0.00655093 -0.00733043 0.999952 132.725 
0.999971 -0.00291842 -0.00709982 0.0944691 0.00297959 0.999958 0.00862006 -1.87114 0.00707437 -0.00864096 0.999938 136.514 
0.999945 -0.00781265 -0.00701304 0.057498 0.00786791 0.999938 0.00788679 -1.91026 0.00695099 -0.00794154 0.999944 140.315 
0.99998 -0.00379852 -0.00508182 0.0205874 0.00385639 0.999927 0.0114261 -1.93765 0.00503805 -0.0114455 0.999922 142.867 
0.999985 -0.0041737 -0.00364319 -0.0426117 0.00419381 0.999976 0.00552963 -1.98073 0.00362003 -0.00554482 0.999978 146.681 
0.999981 -0.00535498 -0.00297361 -0.0598502 0.00534621 0.999981 -0.00294763 -2.04915 0.00298934 0.00293168 0.999991 150.481 
0.999984 -0.0046855 -0.00320512 -0.0966074 0.00468161 0.999988 -0.0012194 -2.12513 0.00321079 0.00120438 0.999994 154.276 
0.999988 -0.00152787 -0.00456852 -0.0879163 0.0015228 0.999998 -0.00111241 -2.16868 0.00457021 0.00110544 0.999989 158.059 
0.999981 -0.00137442 -0.00602549 -0.136019 0.00137141 0.999999 -0.000504006 -2.2371 0.00602617 0.000495733 0.999982 161.857 
0.999972 -0.000414968 -0.0075184 -0.194153 0.000393296 0.999996 -0.00288367 -2.3056 0.00751956 0.00288063 0.999968 165.651 
0.999957 0.000848794 -0.0092445 -0.260397 -0.000869912 0.999997 -0.00228061 -2.38421 0.00924254 0.00228855 0.999955 169.44 
0.999937 0.00145451 -0.0111715 -0.327276 -0.00147178 0.999998 -0.00153808 -2.4614 0.0111693 0.00155443 0.999936 173.231 
0.999906 0.00161677 -0.0136001 -0.401391 -0.00164842 0.999996 -0.00231606 -2.54802 0.0135963 0.00233826 0.999905 177.029 
0.999892 -0.00308118 -0.0143509 -0.472121 0.00301216 0.999984 -0.00482836 -2.63679 0.0143655 0.00478461 0.999885 180.811 
0.999883 -0.00230967 -0.0151 -0.554449 0.00234814 0.999994 0.00253084 -2.7151 0.015094 -0.002566 0.999883 184.586 
0.999895 -6.83716e-05 -0.0144791 -0.625922 3.11157e-05 0.999997 -0.00257329 -2.76228 0.0144793 0.00257257 0.999892 187.087 
0.999892 -0.000399083 -0.0147101 -0.664991 0.000381006 0.999999 -0.00123168 -2.81158 0.0147106 0.00122595 0.999891 189.579 
0.999894 -0.00139913 -0.0145066 -0.704573 0.00142598 0.999997 0.00184106 -2.86023 0.014504 -0.00186155 0.999893 192.065 
0.999923 -0.00387 -0.0117618 -0.756023 0.00384838 0.999991 -0.00185969 -2.93386 0.0117689 0.00181428 0.999929 195.752 
0.999965 -0.00478132 -0.00689302 -0.836628 0.00478319 0.999989 0.000253934 -3.01952 0.00689173 -0.000286895 0.999976 199.399 
0.999988 -0.00315301 -0.00374667 -0.869435 0.00315637 0.999995 0.000890678 -3.08715 0.00374384 -0.000902493 0.999993 203.008 
0.999995 -0.00249042 -0.00203903 -0.839983 0.00249202 0.999997 0.000781286 -3.14185 0.00203707 -0.000786363 0.999998 206.539 
0.99999 -0.0042108 -0.00157036 -0.863358 0.00421486 0.999988 0.00259476 -3.21125 0.00155941 -0.00260135 0.999995 209.968 
0.999991 -0.00342653 -0.00266089 -0.902272 0.00342821 0.999994 0.000625195 -3.27928 0.00265873 -0.000634311 0.999996 213.257 
0.999952 -0.00643207 -0.00739664 -0.923383 0.00643953 0.999979 0.000985284 -3.34201 0.00739015 -0.00103287 0.999972 216.429 
0.999862 -0.007338 -0.0148937 -0.957188 0.0074045 0.999963 0.00441492 -3.40598 0.0148608 -0.00452459 0.999879 219.494 
0.999704 -0.00694369 -0.02332 -1.03581 0.00704897 0.999965 0.00443533 -3.46013 0.0232884 -0.0045984 0.999718 222.381 
0.999429 -0.00737578 -0.0329824 -1.12612 0.00747912 0.999967 0.003011 -3.51549 0.0329591 -0.00325596 0.999451 225.07 
0.99917 4.1971e-05 -0.0407381 -1.27848 5.78902e-05 0.999997 0.00245012 -3.57979 0.040738 -0.00245044 0.999167 227.561 
0.999149 0.000944125 -0.0412283 -1.3838 -0.000745786 0.999988 0.00482588 -3.62764 0.0412324 -0.00479103 0.999138 229.888 
0.999131 0.00126145 -0.0416706 -1.45733 -0.00125038 0.999999 0.000291721 -3.66691 0.0416709 -0.000239364 0.999131 232.089 
0.999313 0.00232035 -0.0369897 -1.54979 -0.00238905 0.999996 -0.00181327 -3.70835 0.0369853 0.00190039 0.999314 234.247 
0.999519 0.00312046 -0.0308536 -1.62986 -0.00318031 0.999993 -0.00189089 -3.75929 0.0308475 0.00198811 0.999522 236.374 
0.999807 0.0013658 -0.0196148 -1.70118 -0.00136404 0.999999 0.000103145 -3.82207 0.0196149 -7.63697e-05 0.999808 239.17 
0.999943 0.00135365 -0.010613 -1.74688 -0.0013665 0.999998 -0.00120388 -3.86576 0.0106114 0.00121831 0.999943 241.235 
0.999996 0.00197836 -0.00221434 -1.77206 -0.00197876 0.999998 -0.000176206 -3.90253 0.00221398 0.000180587 0.999998 243.328 
0.999987 0.00258976 0.00443053 -1.78492 -0.00257191 0.999989 -0.00403076 -3.94777 -0.00444092 0.00401931 0.999982 245.445 
0.999982 0.00139604 0.00588063 -1.78771 -0.00135704 0.999977 -0.00663051 -3.98882 -0.00588975 0.00662241 0.999961 247.609 
0.999969 0.00330362 0.00712747 -1.8078 -0.00324906 0.999965 -0.00765294 -4.01313 -0.00715251 0.00762955 0.999945 249.084 
0.999971 -0.00149422 0.00747438 -1.79164 0.00157986 0.999933 -0.0114654 -4.05514 -0.00745675 0.0114768 0.999906 250.582 
0.999959 -0.00263078 0.00864492 -1.77818 0.00270326 0.999961 -0.00838377 -4.08764 -0.00862253 0.0084068 0.999927 252.118 
0.99991 -7.73472e-05 0.0134047 -1.78599 9.36743e-05 0.999999 -0.00121739 -4.13142 -0.0134046 0.00121854 0.999909 254.484 
0.999706 0.00367046 0.0239756 -1.749 -0.00340953 0.999935 -0.0109151 -4.17295 -0.0240141 0.0108301 0.999653 256.899 
0.999442 -0.0033736 0.0332269 -1.67317 0.00351487 0.999985 -0.00419428 -4.21935 -0.0332123 0.00430872 0.999439 259.4 
0.999207 -0.00326917 0.0396797 -1.57677 0.00359003 0.999961 -0.00801766 -4.27102 -0.0396519 0.00815376 0.99918 261.904 
0.999029 -0.00174561 0.0440191 -1.47424 0.00199772 0.999982 -0.00568404 -4.31757 -0.0440084 0.00576646 0.999015 263.581 
0.998826 0.000485396 0.0484413 -1.37339 -0.0002836 0.999991 -0.00417258 -4.35701 -0.0484429 0.00415394 0.998817 265.263 
0.998458 -0.00537251 0.0552482 -1.24644 0.00561421 0.999975 -0.0042206 -4.41156 -0.0552242 0.00452427 0.998464 267.799 
0.998331 -0.00680866 0.0573438 -1.11503 0.00708774 0.999964 -0.00466478 -4.45484 -0.05731 0.00506343 0.998344 270.363 
0.998451 -0.00639356 0.0552668 -0.977791 0.00664134 0.999969 -0.00430082 -4.51187 -0.0552376 0.0046612 0.998462 272.927 
0.998707 -0.00387017 0.0506883 -0.866372 0.00418757 0.999972 -0.00615703 -4.57541 -0.0506631 0.00636133 0.998696 275.491 
0.998931 -0.00250775 0.0461537 -0.784382 0.00276449 0.999981 -0.00549976 -4.62473 -0.046139 0.00562147 0.998919 277.192 
0.999405 -0.00601141 0.0339698 -0.699598 0.00601518 0.999982 -8.70476e-06 -4.68141 -0.0339691 0.000213034 0.999423 279.74 
0.999763 -0.00714327 0.0205507 -0.676802 0.0071042 0.999973 0.00197359 -4.71861 -0.0205642 -0.00182712 0.999787 282.216 
0.999923 -0.0095589 0.00787883 -0.667026 0.00954575 0.999953 0.00170477 -4.76181 -0.00789475 -0.00162943 0.999968 284.567 
0.999944 -0.0097714 -0.00410319 -0.679619 0.00977478 0.999952 0.00080278 -4.80293 0.00409515 -0.000842843 0.999991 286.751 
0.999724 -0.00507234 -0.022946 -0.749745 0.00497651 0.999979 -0.00423149 -4.85746 0.0229669 0.00411613 0.999728 288.759 
0.997965 -0.00367253 -0.0636562 -0.853226 0.00336413 0.999982 -0.00495127 -4.9083 0.0636733 0.00472705 0.99796 290.632 
0.991396 0.00166595 -0.13089 -1.09395 -0.00227689 0.999987 -0.00451814 -4.95352 0.130881 0.00477729 0.991387 292.362 
0.974793 0.00415056 -0.223071 -1.44734 -0.00456969 0.999989 -0.00136271 -4.9882 0.223063 0.00234773 0.974801 293.981 
0.942153 0.00773598 -0.335094 -1.95956 -0.0063558 0.999966 0.00521519 -5.01839 0.335123 -0.00278371 0.94217 295.45 
0.867692 0.00750759 -0.497045 -2.92586 -0.00217906 0.999934 0.0112995 -5.05558 0.497097 -0.00872135 0.867651 297.143 
0.782137 0.00959166 -0.623033 -3.84993 -0.000458608 0.99989 0.0148177 -5.07036 0.623106 -0.0113037 0.782055 298.237 
0.667138 0.00680907 -0.744903 -4.96402 0.011546 0.999744 0.0194792 -5.05881 0.744845 -0.021596 0.666888 299.062 
0.518615 0.0180645 -0.854817 -6.16829 0.0082841 0.999624 0.0261506 -5.04383 0.854968 -0.0206435 0.518271 299.639 
0.34627 0.0269598 -0.937748 -7.36364 0.00781835 0.999469 0.0316213 -5.04827 0.938102 -0.0182811 0.345875 300.078 
0.169933 0.036724 -0.984771 -8.60531 0.0130953 0.999133 0.0395193 -5.01503 0.985369 -0.0196115 0.169305 300.177 
-0.0284394 0.0535523 -0.99816 -9.91372 0.020166 0.998391 0.0529901 -4.97891 0.999392 -0.0186219 -0.0294736 300.143 
-0.230011 0.0735994 -0.970401 -11.3086 0.031293 0.99718 0.0682132 -4.92676 0.972685 -0.014677 -0.231665 299.809 
-0.413435 0.079909 -0.90702 -12.6772 0.0415169 0.99676 0.068891 -4.83687 0.909586 -0.00917464 -0.415413 299.136 
-0.566573 0.0796716 -0.820151 -14.0256 0.0479771 0.996816 0.0636899 -4.71931 0.822614 -0.00326342 -0.568591 298.172 
-0.675413 0.0902588 -0.731895 -15.3213 0.0593421 0.995915 0.0680557 -4.65189 0.735048 0.00253353 -0.67801 296.821 
-0.774287 0.0933708 -0.625909 -16.6401 0.0678286 0.995603 0.0646124 -4.52764 0.629189 0.00757409 -0.777215 295.247 
-0.849596 0.0847302 -0.520584 -17.8344 0.0695432 0.996391 0.0486774 -4.43359 0.522829 0.00515309 -0.852422 293.328 
-0.908415 0.0802218 -0.4103 -18.9058 0.0687174 0.99672 0.0427363 -4.34399 0.412383 0.0106276 -0.910949 291.08 
-0.951527 0.0867495 -0.295078 -19.7751 0.0779379 0.996093 0.0415164 -4.24335 0.297527 0.0165062 -0.954571 288.496 
-0.978505 0.0881384 -0.186439 -20.3944 0.0830465 0.995932 0.0349626 -4.15578 0.188762 0.018728 -0.981844 285.626 
-0.992246 0.0848605 -0.0908135 -20.765 0.0826051 0.99618 0.0283198 -4.08257 0.0928699 0.0205986 -0.995465 282.528 
-0.995864 0.0834923 -0.0358266 -20.874 0.082621 0.996264 0.0251523 -4.04907 0.0377928 0.0220882 -0.999041 280.322 
-0.996694 0.074521 0.0323802 -20.8232 0.0753215 0.996864 0.0242471 -3.99422 -0.0304718 0.0266059 -0.999181 276.838 
-0.995873 0.0590957 0.0688815 -20.6013 0.0607284 0.997915 0.0218527 -3.93947 -0.0674465 0.0259455 -0.997385 273.213 
-0.995772 0.0548467 0.0736931 -20.4364 0.0565822 0.998163 0.0216704 -3.90617 -0.0723691 0.0257484 -0.997045 270.709 
-0.996185 0.0522292 0.0699164 -20.2379 0.053856 0.998315 0.0215883 -3.87466 -0.0686711 0.0252713 -0.997319 268.134 
-0.997074 0.0487998 0.0588346 -19.9779 0.0503462 0.998417 0.0250926 -3.82758 -0.0575169 0.0279813 -0.997952 264.174 
-0.997771 0.0471146 0.0472539 -19.8043 0.0485312 0.998392 0.0292926 -3.79795 -0.0457978 0.0315205 -0.998453 261.508 
-0.998496 0.0442366 0.0324007 -19.6224 0.0451653 0.998573 0.0285141 -3.76165 -0.031093 0.0299346 -0.999068 257.505 
-0.998917 0.0431965 0.0172748 -19.5244 0.0437587 0.998477 0.0336116 -3.70516 -0.0157965 0.0343311 -0.999286 253.469 
-0.998978 0.0446145 0.00721549 -19.4886 0.0448298 0.998446 0.0330894 -3.67349 -0.00572801 0.033379 -0.999426 249.379 
-0.999054 0.0434819 0.000508629 -19.4532 0.0434779 0.998617 0.0295634 -3.62098 0.00077755 0.0295576 -0.999563 245.311 
-0.999077 0.0428956 -0.00213095 -19.4453 0.0428061 0.998576 0.0318504 -3.58017 0.00349415 0.0317298 -0.99949 242.579 
-0.99893 0.0462247 -0.00171399 -19.4174 0.0461527 0.998485 0.0299616 -3.51333 0.00309636 0.0298504 -0.99955 238.446 
-0.998726 0.0504111 0.00219617 -19.4231 0.0504558 0.998205 0.0322751 -3.46248 -0.000565202 0.0323448 -0.999477 234.285 
-0.999019 0.0441761 0.00310062 -19.3548 0.0442532 0.998499 0.0322588 -3.36331 -0.0016709 0.0323643 -0.999475 230.079 
-0.999054 0.0433037 0.00386142 -19.3241 0.0433959 0.998656 0.028325 -3.29785 -0.00262966 0.0284658 -0.999591 225.864 
-0.999084 0.0426308 0.00361682 -19.2892 0.0427194 0.998647 0.0296508 -3.25996 -0.00234789 0.0297782 -0.999554 223.028 
-0.99905 0.0434179 0.00372575 -19.2689 0.0435114 0.998589 0.0304343 -3.18879 -0.0023991 0.0305675 -0.99953 218.75 
-0.998972 0.0451229 0.00426886 -19.2332 0.045235 0.998482 0.0314175 -3.12533 -0.00284473 0.0315783 -0.999497 214.444 
-0.998942 0.0457609 0.00450959 -19.2191 0.0458691 0.998559 0.027845 -3.0886 -0.00322888 0.0280224 -0.999602 211.545 
-0.99888 0.0469738 0.0056643 -19.1822 0.0471155 0.998491 0.0282164 -3.06302 -0.00433032 0.0284517 -0.999586 208.629 
-0.998914 0.0462101 0.00594428 -19.148 0.0463602 0.998526 0.028236 -3.02489 -0.00463073 0.0284809 -0.999584 205.718 
-0.998837 0.0476688 0.0072038 -19.1115 0.0478626 0.998413 0.0296849 -2.96737 -0.00577732 0.0299952 -0.999533 201.339 
-0.998788 0.0487144 0.00700648 -19.0791 0.0489095 0.998319 0.031083 -2.92754 -0.00548051 0.031388 -0.999492 198.415 
-0.998946 0.045658 0.00471204 -19.0361 0.0457916 0.998377 0.0338458 -2.88543 -0.00315906 0.0340259 -0.999416 195.492 
-0.999042 0.0436318 0.00323806 -19.0228 0.0437179 0.998444 0.0346193 -2.84723 -0.00172252 0.0347277 -0.999395 192.564 
-0.999009 0.0445088 -0.000441573 -18.9605 0.0444699 0.998464 0.0330413 -2.78056 0.00191153 0.0329889 -0.999454 188.194 
-0.999016 0.044277 -0.00236334 -18.9432 0.0441723 0.998455 0.0337104 -2.71611 0.00385228 0.0335729 -0.999429 183.86 
-0.998978 0.0450447 -0.00364894 -18.9729 0.0448858 0.998352 0.0357551 -2.66741 0.00525351 0.0355548 -0.999354 180.99 
-0.999055 0.0426022 -0.0085707 -18.9474 0.042294 0.998547 0.033407 -2.62262 0.00998145 0.033013 -0.999405 178.164 
-0.998962 0.0437292 -0.0127208 -18.9854 0.0432358 0.998388 0.0367738 -2.56478 0.0143083 0.0361856 -0.999243 175.318 
-0.998829 0.0459471 -0.0151424 -19.0387 0.045374 0.998313 0.0362399 -2.52733 0.0167819 0.0355104 -0.999228 172.534 
-0.998767 0.0457402 -0.0193024 -19.0881 0.0449623 0.998228 0.0389741 -2.48129 0.0210509 0.0380581 -0.999054 169.788 
-0.998665 0.0460174 -0.0234812 -19.1258 0.0450733 0.998212 0.0392627 -2.43627 0.0252459 0.0381519 -0.998953 167.115 
-0.99858 0.0462122 -0.0265088 -19.1564 0.0450581 0.998076 0.0425954 -2.40699 0.0284262 0.0413405 -0.998741 164.522 
-0.998571 0.045947 -0.027302 -19.1962 0.0448137 0.998163 0.0407663 -2.36336 0.029125 0.0394846 -0.998796 162.034 
-0.998584 0.0460762 -0.026574 -19.275 0.0449992 0.998194 0.0397968 -2.2992 0.0283597 0.0385446 -0.998854 158.493 
-0.998682 0.0445287 -0.0255226 -19.3276 0.0433867 0.998103 0.0436745 -2.25853 0.027419 0.0425096 -0.99872 155.167 
-0.998749 0.0433196 -0.0249793 -19.3574 0.0422566 0.99824 0.0416167 -2.22549 0.0267381 0.0405091 -0.998821 153.079 
-0.998787 0.0426797 -0.0245409 -19.3852 0.041654 0.998295 0.0408896 -2.19808 0.0262442 0.0398177 -0.998862 151.102 
-0.998793 0.0431436 -0.0234728 -19.4247 0.0421194 0.998208 0.042505 -2.1777 0.0252646 0.041465 -0.99882 149.23 
-0.99891 0.0416079 -0.0211673 -19.4768 0.0406636 0.998237 0.0432424 -2.14721 0.0229292 0.0423345 -0.99884 146.588 
-0.998728 0.0455492 -0.0216463 -19.5015 0.0447167 0.998296 0.0374996 -2.09738 0.0233175 0.0364839 -0.999062 144.101 
-0.998671 0.0470881 -0.0209602 -19.5453 0.0463303 0.998303 0.0352812 -2.06512 0.022586 0.0342633 -0.999158 141.751 
-0.998664 0.046605 -0.0223396 -19.5911 0.0457719 0.998287 0.0364538 -2.034 0.0240003 0.0353825 -0.999086 139.501 
-0.998388 0.0513584 -0.0241649 -19.6352 0.0505715 0.998204 0.0321191 -2.00616 0.025771 0.0308452 -0.999192 136.624 
-0.998509 0.048597 -0.0248629 -19.724 0.0479876 0.998546 0.0245476 -1.99939 0.0260197 0.0233179 -0.999389 133.821 
-0.998731 0.043692 -0.0250615 -19.8041 0.0430384 0.998734 0.0260528 -1.97949 0.0261681 0.0249411 -0.999346 131.062 
-0.998894 0.0409367 -0.0231102 -19.8946 0.0406634 0.999099 0.0121727 -1.96855 0.0235877 0.0112195 -0.999659 129.003 
-0.999328 0.0306182 -0.0201521 -19.8997 0.0302158 0.999344 0.0199778 -1.95748 0.0207506 0.0193555 -0.999597 126.864 
-0.999494 0.0297761 -0.0111671 -19.929 0.0295703 0.999398 0.0181647 -1.94265 0.0117013 0.0178253 -0.999773 124.619 
-0.99963 0.0271349 -0.00161572 -19.9014 0.0270821 0.999276 0.0267343 -1.92015 0.00233999 0.0266807 -0.999641 122.216 
-0.999425 0.0325184 0.00956517 -19.8918 0.0327742 0.999073 0.027926 -1.87135 -0.00864818 0.0282234 -0.999564 119.673 
-0.999128 0.0361904 0.0208082 -19.82 0.0366979 0.999025 0.0245492 -1.82814 -0.0198995 0.0252914 -0.999482 116.977 
-0.998582 0.041433 0.0334377 -19.7432 0.0423878 0.998698 0.0283693 -1.79471 -0.0322187 0.0297464 -0.999038 114.117 
-0.997949 0.044892 0.0456251 -19.6001 0.0458925 0.998723 0.0211224 -1.7532 -0.0446187 0.023173 -0.998735 111.11 
-0.997723 0.0443519 0.0508135 -19.4152 0.0453349 0.998803 0.0183588 -1.72225 -0.0499384 0.0206206 -0.998539 107.94 
-0.997751 0.045903 0.0488413 -19.1958 0.0467273 0.998782 0.0158711 -1.70214 -0.0480533 0.0181176 -0.99868 104.649 
-0.997907 0.0443611 0.0470421 -19.001 0.0454059 0.99874 0.0213787 -1.65319 -0.0460345 0.0234699 -0.998664 101.162 
-0.998129 0.0419375 0.0444838 -18.7928 0.0428321 0.998895 0.0193506 -1.61879 -0.0436232 0.0212197 -0.998823 97.5361 
-0.998275 0.0420357 0.0409775 -18.6124 0.0430321 0.998791 0.0237445 -1.57966 -0.0399299 0.0254669 -0.998878 93.7637 
-0.998876 0.0336254 0.0333942 -18.4886 0.0343237 0.999199 0.0205621 -1.52865 -0.0326761 0.0216852 -0.999231 89.8646 
-0.998929 0.036513 0.0284074 -18.4149 0.0367721 0.999286 0.00865057 -1.50777 -0.0280713 0.00968591 -0.999559 87.203 
-0.999095 0.0360251 0.0226156 -18.3257 0.0365284 0.999085 0.0222533 -1.49169 -0.0217932 0.0230593 -0.999497 84.4439 
-0.999197 0.0351525 0.0192235 -18.2808 0.03556 0.999141 0.0212877 -1.45605 -0.0184586 0.0219542 -0.999589 81.6468 
-0.99923 0.0361443 0.0152327 -18.2083 0.036454 0.999124 0.0205707 -1.42367 -0.0144759 0.0211102 -0.999672 78.7843 
-0.999177 0.0382186 0.0135856 -18.1797 0.0385178 0.999005 0.0224916 -1.38829 -0.0127125 0.0229963 -0.999655 75.8677 
-0.99931 0.0359684 0.00930016 -18.1408 0.0362124 0.998964 0.0275622 -1.36208 -0.00829916 0.02788 -0.999577 72.9206 
-0.999322 0.0363481 0.00584511 -18.1085 0.0365149 0.998835 0.031552 -1.32539 -0.00469144 0.031744 -0.999485 69.9739 
-0.999463 0.0326813 0.00253291 -18.0338 0.0327432 0.999004 0.0303193 -1.26113 -0.00153951 0.030386 -0.999537 65.6249 
-0.999459 0.0328183 0.00201977 -18.0454 0.0328645 0.998998 0.0303859 -1.22823 -0.00102054 0.0304358 -0.999536 62.701 
-0.999367 0.0355306 0.00169844 -18.0306 0.0355653 0.998929 0.0295879 -1.1946 -0.000645341 0.0296296 -0.999561 59.7951 
-0.999336 0.036386 0.00170191 -18.012 0.0364239 0.998661 0.0367274 -1.15598 -0.00036327 0.0367651 -0.999324 56.8604 
-0.999331 0.0364331 0.00330537 -17.9788 0.0365224 0.998789 0.0329681 -1.10641 -0.00210023 0.0330668 -0.999451 53.9285 
-0.99935 0.035739 0.00480037 -17.956 0.035864 0.998932 0.0291422 -1.07243 -0.00375373 0.0292954 -0.999564 51.0145 
-0.999349 0.0357728 0.00473628 -17.8965 0.0359129 0.998782 0.0338449 -1.05139 -0.00351978 0.0339929 -0.999416 48.1139 
-0.999436 0.033075 0.00588543 -17.8647 0.0332695 0.99877 0.0367595 -1.00823 -0.00466238 0.0369345 -0.999307 45.219 
-0.999472 0.032074 0.00528358 -17.8106 0.0322173 0.999038 0.029757 -0.975398 -0.00432407 0.0299115 -0.999543 42.3416 
-0.999391 0.0344201 0.00581483 -17.8095 0.0345945 0.998851 0.0331625 -0.942316 -0.0046667 0.0333434 -0.999433 39.4605 
-0.999502 0.0312042 0.00468035 -17.7737 0.0313424 0.998959 0.0331335 -0.90749 -0.00364157 0.0332637 -0.99944 36.5821 
-0.999582 0.0286115 0.00416165 -17.7516 0.0287308 0.99907 0.0321625 -0.882877 -0.00323756 0.0322687 -0.999474 33.7338 
-0.999444 0.0331479 0.00364633 -17.7451 0.0332459 0.998957 0.0313013 -0.851484 -0.00260495 0.0314051 -0.999503 30.9077 
-0.999414 0.0341007 0.00305458 -17.7284 0.0341836 0.998861 0.0332766 -0.817189 -0.00191635 0.0333615 -0.999442 28.0661 
-0.999515 0.0310612 0.00240949 -17.6926 0.0311228 0.998994 0.0322977 -0.787068 -0.00140386 0.032357 -0.999475 25.2507 
-0.999587 0.0286802 0.00157226 -17.6662 0.0287161 0.999063 0.0323809 -0.756205 -0.000642092 0.0324127 -0.999474 22.445 
-0.999649 0.0264693 0.000579734 -17.6245 0.0264736 0.999063 0.0342258 -0.720519 0.000326741 0.0342291 -0.999414 19.6612 
-0.99964 0.0268048 -0.000958072 -17.5752 0.0267539 0.999012 0.0354976 -0.674096 0.00190863 0.0354592 -0.999369 16.8886 
-0.999719 0.0236745 -0.00153982 -17.5666 0.023621 0.999315 0.028499 -0.63579 0.00221346 0.0284546 -0.999593 14.1377 
-0.999902 0.0139232 -0.00128109 -17.5429 0.0138798 0.999477 0.0292134 -0.620029 0.00168716 0.0291928 -0.999572 11.3966 
-0.999811 0.0194625 -7.01961e-05 -17.5275 0.0194478 0.999183 0.0354372 -0.553622 0.000759835 0.0354291 -0.999372 7.30436 
-0.999654 0.0263045 -0.000378797 -17.5185 0.0262743 0.99902 0.0356192 -0.503183 0.00131537 0.0355969 -0.999365 4.58738 
-0.999625 0.0273959 -0.000484709 -17.5086 0.0273682 0.999156 0.0306439 -0.445544 0.00132382 0.0306191 -0.99953 1.86697 
-0.999711 0.0240418 -0.000919901 -17.4957 0.0240033 0.999258 0.0301105 -0.406054 0.00164313 0.0300797 -0.999546 -0.871516 
-0.999727 0.0233603 -0.000587096 -17.5092 0.0233355 0.999352 0.0273999 -0.359951 0.00122679 0.0273787 -0.999624 -5.0007 
-0.999853 0.0170967 -0.00148972 -17.4543 0.0170489 0.999471 0.0276948 -0.306336 0.00196242 0.0276653 -0.999615 -9.16302 
-0.999902 0.0139204 -0.00136792 -17.4303 0.0138728 0.999448 0.0301725 -0.276995 0.00178718 0.0301506 -0.999544 -11.9597 
-0.999902 0.0139447 -0.00117562 -17.4338 0.0139084 0.999547 0.0266828 -0.249256 0.00154717 0.0266638 -0.999643 -14.7584 
-0.999924 0.0122702 -0.000719507 -17.4105 0.0122482 0.999609 0.0251246 -0.223084 0.00102751 0.0251139 -0.999684 -17.5835 
-0.99995 0.00997811 -0.000788079 -17.3806 0.00995946 0.999732 0.020912 -0.203576 0.00099653 0.0209031 -0.999781 -20.4086 
-0.999896 0.0144319 -0.000348913 -17.3685 0.0144199 0.999625 0.0232854 -0.188022 0.000684836 0.023278 -0.999729 -23.2451 
-0.999877 0.0156843 0.000364739 -17.3509 0.0156885 0.999612 0.0230191 -0.178004 -3.55888e-06 0.023022 -0.999735 -26.0901 
-0.999904 0.0138327 0.000909506 -17.3523 0.0138495 0.999658 0.0221907 -0.143374 -0.000602238 0.0222012 -0.999753 -28.9354 
-0.999753 0.0218301 0.0041063 -17.3462 0.0219219 0.999476 0.0238357 -0.0800962 -0.00358381 0.0239199 -0.999707 -33.2071 
-0.999688 0.0244658 0.00505309 -17.3175 0.0245866 0.999375 0.0254176 -0.0649721 -0.00442807 0.0255339 -0.999664 -36.0569 
-0.999563 0.0289579 0.00593162 -17.3102 0.0291052 0.999226 0.0264529 -0.0512164 -0.00516101 0.026614 -0.999632 -38.8995 
-0.9995 0.031241 0.00490739 -17.2609 0.0313699 0.999091 0.0288556 -0.0354907 -0.00400145 0.0289951 -0.999572 -41.7319 
-0.999369 0.0350556 0.00573312 -17.2352 0.0351668 0.999169 0.0206152 -0.0100099 -0.00500568 0.0208038 -0.999771 -44.5466 
-0.999338 0.0359194 0.00578937 -17.2089 0.0360401 0.999102 0.0222974 0.00385405 -0.00498326 0.0224913 -0.999735 -47.3518 
-0.999425 0.0333662 0.00609204 -17.1848 0.0334956 0.999185 0.0225374 0.0139224 -0.00533509 0.0227285 -0.999727 -50.1594 
-0.999499 0.0312664 0.00496387 -17.1496 0.0313746 0.999232 0.0234548 0.0270141 -0.00422671 0.0235988 -0.999713 -52.9689 
-0.999532 0.030305 0.00416914 -17.1441 0.030386 0.999318 0.0209688 0.0390108 -0.00353084 0.0210857 -0.999771 -55.765 
-0.999464 0.0326169 0.00268229 -17.1195 0.0326682 0.999224 0.0220123 0.0531157 -0.00196223 0.0220881 -0.999754 -58.5687 
-0.999406 0.0344242 0.00153529 -17.1119 0.0344487 0.999192 0.0206951 0.0684756 -0.000821637 0.0207357 -0.999785 -61.3701 
-0.999448 0.0332284 -7.17205e-06 -17.0926 0.0332202 0.999206 0.0219999 0.0812045 0.00073819 0.0219875 -0.999758 -64.1712 
-0.999498 0.0316741 -0.00120253 -17.0864 0.0316387 0.999242 0.0226949 0.0861446 0.00192045 0.0226454 -0.999742 -66.9693 
-0.999483 0.0320989 -0.00195393 -17.0718 0.0320494 0.999254 0.021551 0.0973973 0.00264424 0.0214773 -0.999766 -69.7534 
-0.99944 0.0334515 -0.000860129 -17.0551 0.0334272 0.999236 0.0202412 0.0992839 0.00153657 0.0202011 -0.999795 -73.914 
-0.999361 0.0357216 0.00119416 -17.0406 0.0357402 0.99906 0.0245458 0.0975569 -0.000316216 0.0245728 -0.999698 -76.6753 
-0.999327 0.0366021 0.00251256 -17.0123 0.0366444 0.999135 0.019647 0.125015 -0.00179127 0.0197258 -0.999804 -79.4112 
-0.999426 0.0336653 0.00388976 -17.0188 0.0337347 0.999242 0.0194277 0.112536 -0.00323277 0.0195477 -0.999804 -82.1376 
-0.999431 0.0335852 0.00310173 -16.992 0.0336547 0.999094 0.0260403 0.145715 -0.00222436 0.0261299 -0.999656 -86.2021 
-0.999462 0.0327239 0.00208519 -16.9535 0.0327635 0.999195 0.0231509 0.146467 -0.00132593 0.0232067 -0.99973 -88.8879 
-0.999529 0.0306916 0.000327916 -16.9295 0.030691 0.999266 0.0229445 0.159911 0.000376527 0.0229437 -0.999737 -91.5616 
-0.999561 0.0296051 -0.00145506 -16.9189 0.0295636 0.999295 0.0231273 0.174092 0.00213872 0.0230741 -0.999731 -94.2286 
-0.999577 0.0288407 -0.00364377 -16.8837 0.0287474 0.999311 0.0234733 0.182456 0.00431824 0.0233586 -0.999718 -96.8709 
-0.999564 0.0289021 -0.00606498 -16.915 0.028745 0.999285 0.0245582 0.192956 0.00677043 0.0243731 -0.99968 -100.806 
-0.999602 0.0267701 -0.00894381 -16.9081 0.0265398 0.999336 0.0249492 0.190116 0.00960576 0.0247019 -0.999649 -103.415 
-0.999542 0.0284546 -0.0103454 -16.9369 0.0282155 0.999347 0.0225718 0.222869 0.0109809 0.0222695 -0.999692 -107.323 
-0.999513 0.0287376 -0.0121398 -16.9365 0.0284661 0.999353 0.0219777 0.232086 0.0127636 0.0216215 -0.999685 -109.902 
-0.999572 0.0266301 -0.0121047 -16.948 0.0263571 0.999406 0.0221819 0.249572 0.0126883 0.0218534 -0.999681 -113.733 
-0.99957 0.0264372 -0.0126708 -16.9524 0.0261434 0.999398 0.0228159 0.257016 0.0132664 0.0224749 -0.999659 -116.265 
-0.999597 0.0256373 -0.0121799 -16.9868 0.0253317 0.999376 0.0246118 0.264892 0.0128033 0.0242934 -0.999623 -120.025 
-0.999593 0.025646 -0.0125082 -16.9854 0.0253385 0.999387 0.0241489 0.275396 0.0131199 0.0238222 -0.99963 -122.503 
-0.999614 0.0236905 -0.0145066 -17.0039 0.0233329 0.999431 0.0243432 0.286009 0.015075 0.0239954 -0.999598 -124.937 
-0.999604 0.0227979 -0.0164815 -17.0334 0.0223657 0.999413 0.0259491 0.293469 0.0170634 0.0255703 -0.999527 -127.339 
-0.999559 0.022955 -0.0188369 -17.0741 0.0225118 0.999472 0.0234124 0.294168 0.0193644 0.0229781 -0.999548 -129.698 
-0.999529 0.0229017 -0.020407 -17.1009 0.0223752 0.99942 0.0256643 0.29593 0.0209829 0.0251957 -0.999462 -132.013 
-0.999421 0.0281672 -0.0191011 -17.1524 0.0276279 0.999228 0.0279312 0.310906 0.0198731 0.0273873 -0.999427 -134.263 
-0.999437 0.0271698 -0.0196842 -17.1607 0.0266037 0.999241 0.0284701 0.329446 0.0204428 0.0279304 -0.999401 -136.442 
-0.999414 0.0266347 -0.0215127 -17.2029 0.0259699 0.999194 0.030613 0.351858 0.0223108 0.0300364 -0.9993 -138.535 
-0.999355 0.0255491 -0.0252322 -17.2356 0.0248058 0.999261 0.0293458 0.365801 0.0259633 0.028701 -0.999251 -140.521 
-0.999261 0.027821 -0.0265134 -17.2762 0.0270155 0.999177 0.0302683 0.375834 0.0273337 0.0295296 -0.99919 -142.398 
-0.999264 0.0338625 -0.0180005 -17.3276 0.0333551 0.999057 0.0277794 0.40246 0.0189242 0.0271585 -0.999452 -144.998 
-0.999023 0.042389 0.0124652 -17.3357 0.0427045 0.998743 0.0262365 0.410736 -0.0113374 0.0267432 -0.999578 -146.578 
-0.99516 0.0412371 0.0891976 -17.1459 0.0443258 0.998474 0.0329278 0.414253 -0.0877037 0.0367222 -0.99547 -148.756 
-0.979889 0.0416628 0.195145 -16.7503 0.047609 0.998531 0.0258779 0.414977 -0.19378 0.0346482 -0.980433 -150.659 
-0.941703 0.0395561 0.334112 -16.1005 0.0487708 0.998625 0.0192328 0.415231 -0.332892 0.0344065 -0.942337 -152.262 
-0.86758 0.0385604 0.4958 -15.2551 0.0520959 0.998551 0.013499 0.419767 -0.494561 0.0375407 -0.868332 -153.644 
-0.754907 0.0316527 0.655067 -14.169 0.0507755 0.998657 0.0102594 0.383002 -0.653863 0.0410062 -0.755501 -154.752 
-0.652787 0.0256648 0.757107 -13.3854 0.0514832 0.998618 0.0105378 0.363459 -0.75579 0.0458572 -0.653206 -155.389 
-0.479399 0.0122373 0.877512 -12.0517 0.0421294 0.999071 0.00908344 0.344884 -0.876585 0.0413237 -0.479469 -156.047 
-0.221096 0.0114407 0.975185 -10.1762 0.0415749 0.999133 -0.00229566 0.304924 -0.974365 0.0400356 -0.22138 -156.456 
-0.0132731 -0.0103029 0.999859 -8.69426 0.0392517 0.999171 0.0108169 0.296122 -0.999141 0.0393897 -0.0128577 -156.417 
0.19868 -0.0435659 0.979096 -7.23382 0.0368252 0.998638 0.0369628 0.264449 -0.979372 0.0287116 0.200013 -156.061 
0.409889 -0.0537933 0.910548 -5.74694 0.045166 0.998232 0.0386417 0.342187 -0.911016 0.025287 0.411594 -155.466 
0.597216 -0.0679897 0.799194 -4.34548 0.0539447 0.997549 0.044553 0.361501 -0.800264 0.0165045 0.59942 -154.474 
0.741929 -0.0658596 0.667236 -3.22866 0.0610259 0.997666 0.0306174 0.382947 -0.667695 0.0180027 0.744217 -153.127 
0.855255 -0.065998 0.513988 -2.24881 0.0617139 0.99777 0.0254279 0.419504 -0.51452 0.00997288 0.85742 -151.467 
0.935522 -0.0649793 0.347241 -1.56803 0.061438 0.997886 0.0212108 0.42745 -0.347885 0.00149068 0.937536 -149.54 
0.975986 -0.0486372 0.212334 -1.09289 0.0471908 0.998815 0.0118776 0.432178 -0.21266 -0.00157216 0.977125 -147.346 
0.992456 -0.0475658 0.112995 -0.768704 0.0465775 0.99885 0.0113718 0.447526 -0.113406 -0.006023 0.99353 -144.932 
0.99817 -0.0343961 0.0497314 -0.634033 0.0341001 0.999395 0.00678953 0.448197 -0.0499349 -0.00508126 0.99874 -142.32 
0.999003 -0.0277439 0.0349716 -0.566918 0.0275415 0.999601 0.00625394 0.42837 -0.0351311 -0.00528453 0.999369 -139.512 
0.999083 -0.0281497 0.0322502 -0.509209 0.0278897 0.999575 0.00848323 0.424077 -0.0324753 -0.00757601 0.999444 -137.543 
0.999207 -0.0297932 0.0264142 -0.44083 0.0295752 0.999526 0.00860428 0.421276 -0.026658 -0.00781625 0.999614 -134.449 
0.999243 -0.0330274 0.0205818 -0.381369 0.032819 0.999407 0.0103845 0.415378 -0.0209126 -0.00970116 0.999734 -131.191 
0.999269 -0.0339494 0.0175582 -0.328136 0.0338054 0.999393 0.00843449 0.423183 -0.0178339 -0.00783477 0.99981 -127.776 
0.999237 -0.0324874 0.021683 -0.334087 0.0323374 0.999451 0.00723555 0.420543 -0.0219062 -0.00652886 0.999739 -124.227 
0.999144 -0.0314157 0.0269087 -0.289793 0.0313555 0.999505 0.00265417 0.401879 -0.0269788 -0.00180816 0.999634 -120.534 
0.998956 -0.0351464 0.0291679 -0.16638 0.0351484 0.999382 0.00044617 0.375108 -0.0291656 0.000579499 0.999574 -116.705 
0.998913 -0.0372453 0.0280187 -0.127838 0.0373351 0.999299 -0.00269073 0.348774 -0.0278988 0.00373389 0.999604 -114.075 
0.999043 -0.0397061 0.0183549 -0.0281091 0.0397399 0.999209 -0.00148156 0.290968 -0.0182815 0.00220957 0.99983 -110.024 
0.999026 -0.0417521 0.0143001 0.0231139 0.0418103 0.999118 -0.00378854 0.235951 -0.0141293 0.00438274 0.999891 -105.841 
0.999213 -0.0372883 0.0135498 0.00722927 0.0373482 0.999293 -0.00419711 0.192896 -0.0133838 0.00469986 0.999899 -101.53 
0.999249 -0.0357404 0.0149729 0.0247603 0.0356911 0.999357 0.00355052 0.143116 -0.0150902 -0.00301345 0.999882 -97.0838 
0.999233 -0.0356768 0.0161489 0.0493023 0.0354408 0.999264 0.0146666 0.138957 -0.0166602 -0.014083 0.999762 -94.0596 
0.999325 -0.0328686 0.0164211 0.0804095 0.0325507 0.999284 0.0192701 0.137576 -0.0170428 -0.0187226 0.999679 -91.0384 
0.999278 -0.0333703 0.0181611 0.104332 0.0330809 0.999324 0.0160131 0.121624 -0.0186832 -0.0154007 0.999707 -86.4861 
0.999153 -0.0367151 0.0185876 0.179121 0.0363687 0.999165 0.0186422 0.112157 -0.0192566 -0.0179504 0.999653 -83.489 
0.999053 -0.0382693 0.0207221 0.199751 0.0379138 0.999132 0.017282 0.0951273 -0.0213655 -0.0164799 0.999636 -80.4802 
0.998886 -0.0418898 0.0217334 0.296071 0.0414223 0.99891 0.021531 0.0934056 -0.0226116 -0.0206068 0.999532 -75.9751 
0.998863 -0.0424802 0.0216294 0.345072 0.0420058 0.998877 0.021935 0.0926262 -0.0225369 -0.0210015 0.999525 -72.9763 
0.999103 -0.0373255 0.0199934 0.37903 0.0370081 0.999187 0.0160142 0.07633 -0.0205749 -0.0152599 0.999672 -69.994 
0.999048 -0.0396181 0.0182715 0.441226 0.0393155 0.999088 0.0166334 0.0539055 -0.0189138 -0.0158992 0.999695 -65.5219 
0.998949 -0.0432482 0.0151588 0.50118 0.0429693 0.998909 0.0182657 0.0544685 -0.0159322 -0.0175951 0.999718 -61.0759 
0.998894 -0.0458964 0.0101937 0.555865 0.0456842 0.998753 0.0201538 0.0475279 -0.0111059 -0.0196659 0.999745 -56.6608 
0.998921 -0.0459455 0.00679146 0.585766 0.0458122 0.998776 0.0186249 0.0487636 -0.00763888 -0.0182937 0.999803 -52.2578 
0.998941 -0.0455445 0.00652864 0.597338 0.0454223 0.99881 0.0177763 0.0347142 -0.00733048 -0.0174609 0.999821 -47.8879 
0.998869 -0.0469604 0.00749388 0.607197 0.0468172 0.998737 0.0182508 0.0200053 -0.00834148 -0.0178793 0.999805 -44.9832 
0.998737 -0.0494363 0.00895185 0.618836 0.0492467 0.998581 0.0202848 0.0111998 -0.00994195 -0.0198183 0.999754 -42.0951 
0.998777 -0.0479388 0.0121235 0.616115 0.0477355 0.998723 0.0165364 0.0330053 -0.0129007 -0.0159375 0.99979 -37.7789 
0.998925 -0.0439596 0.0147432 0.646108 0.0436596 0.998844 0.0200909 0.011571 -0.0156094 -0.0194256 0.999689 -33.4875 
0.998919 -0.0429661 0.0177415 0.676381 0.0426367 0.998918 0.0185475 0.00751467 -0.0185193 -0.017771 0.999671 -30.6355 
0.998755 -0.0451871 0.0211436 0.738044 0.0447861 0.998815 0.0190728 -0.00571637 -0.0219803 -0.0181021 0.999595 -26.3792 
0.998726 -0.0443138 0.0241321 0.837546 0.0441454 0.998997 0.00746414 -0.0411777 -0.0244387 -0.00638931 0.999681 -22.1632 
0.998605 -0.0461499 0.025658 0.941693 0.0459431 0.998907 0.00859267 -0.107857 -0.0260265 -0.00740188 0.999634 -17.9732 
0.998477 -0.0484449 0.0263958 1.03891 0.0482301 0.998798 0.00871741 -0.135746 -0.0267864 -0.00743107 0.999614 -13.8098 
0.998482 -0.0499651 0.0231702 1.12504 0.0497653 0.998719 0.00912107 -0.178957 -0.0235963 -0.00795415 0.99969 -9.67768 
0.998545 -0.0499837 0.0202215 1.20089 0.0498082 0.998717 0.0090889 -0.221131 -0.0206499 -0.00806847 0.999754 -5.57833 
0.998576 -0.0495222 0.0198387 1.2393 0.0493982 0.998757 0.00669225 -0.253968 -0.0201455 -0.00570272 0.999781 -2.84564 
0.998711 -0.0469763 0.0192013 1.30434 0.0468412 0.998875 0.00742361 -0.303588 -0.0195284 -0.00651463 0.999788 1.22842 
0.998789 -0.0456207 0.0184052 1.36815 0.0454845 0.998935 0.00775297 -0.333058 -0.0187393 -0.00690643 0.999801 5.30271 
0.998705 -0.0472788 0.0188056 1.40481 0.0471592 0.998865 0.00675474 -0.368526 -0.0191036 -0.00585914 0.9998 8.01497 
0.998777 -0.0463015 0.0173467 1.45779 0.0461471 0.998892 0.00919788 -0.408892 -0.0177534 -0.00838613 0.999807 10.7201 
0.998731 -0.0468206 0.0185628 1.49775 0.0466775 0.998877 0.00806915 -0.450588 -0.0189198 -0.00719245 0.999795 14.7758 
0.998681 -0.0474058 0.0197155 1.54922 0.0472359 0.998843 0.00899948 -0.490629 -0.0201193 -0.00805634 0.999765 18.8278 
0.998766 -0.0456332 0.0195985 1.60804 0.0454811 0.998932 0.008139 -0.53004 -0.019949 -0.0072376 0.999775 22.8657 
0.998755 -0.0463231 0.0185359 1.63518 0.0461861 0.998903 0.00775046 -0.567661 -0.0188746 -0.0068847 0.999798 25.5583 
0.998732 -0.0466177 0.0190145 1.66789 0.0464344 0.998872 0.00996905 -0.609471 -0.0194578 -0.00907348 0.99977 29.5793 
0.998714 -0.0469497 0.0191126 1.7264 0.0467893 0.998866 0.00875055 -0.639242 -0.0195018 -0.00784503 0.999779 32.2344 
0.998533 -0.050057 0.0206278 1.78783 0.0498638 0.998708 0.0097763 -0.677808 -0.0210906 -0.00873337 0.999739 36.192 
0.998392 -0.0528715 0.0204303 1.82913 0.0526552 0.998552 0.0109871 -0.707423 -0.0209816 -0.00989365 0.999731 38.8132 
0.998415 -0.0536499 0.0169964 1.88891 0.05345 0.998498 0.0120067 -0.738094 -0.017615 -0.0110792 0.999783 42.7166 
