1 1.19763e-11 1.70464e-10 5.55111e-17 1.19763e-11 1 3.5625e-10 0 1.70464e-10 3.5625e-10 1 2.22045e-16 
0.999851 -0.0118584 0.0125396 0.0705324 0.0118954 0.999925 -0.0028753 -0.0288315 -0.0125046 0.00302403 0.999917 1.50086 
0.99936 -0.00884888 -0.0346539 0.0349382 0.00867917 0.99995 -0.00504468 -0.05404 0.0346968 0.00474069 0.999387 2.51677 
0.995456 -0.0059497 -0.0950316 -0.0713028 0.00537901 0.999966 -0.00626034 -0.0774298 0.0950656 0.00572072 0.995455 3.63071 
0.986685 -0.00375923 -0.1626 -0.355562 0.0031539 0.999987 -0.00398076 -0.113755 0.162613 0.00341493 0.986684 5.24872 
0.981204 -0.00817602 -0.192802 -0.622388 0.00656866 0.999938 -0.00897463 -0.139892 0.192863 0.00753949 0.981197 6.58694 
0.976306 -0.0114973 -0.216088 -0.941959 0.00848762 0.999854 -0.0148511 -0.172982 0.216227 0.0126651 0.976261 8.04159 
0.97239 -0.0188226 -0.232603 -1.17809 0.0151187 0.999729 -0.0176965 -0.201607 0.232874 0.0136913 0.972411 9.07598 
0.965998 -0.013826 -0.258178 -1.60092 0.00693571 0.999595 -0.0275799 -0.273656 0.258454 0.0248515 0.965704 10.6997 
0.959127 -0.0154908 -0.282551 -2.07322 0.00560377 0.999344 -0.0357666 -0.356684 0.28292 0.0327214 0.958585 12.4111 
0.954999 -0.017963 -0.296066 -2.43094 0.00386345 0.998833 -0.0481395 -0.414923 0.296585 0.0448293 0.953954 13.6035 
0.952471 -0.018583 -0.304062 -2.81937 -0.00121639 0.997898 -0.0647976 -0.478137 0.304627 0.0620877 0.950446 14.8415 
0.948193 -0.0153812 -0.317321 -3.47158 -0.0130072 0.99611 -0.0871505 -0.630815 0.317428 0.086763 0.944305 16.7949 
0.944906 -0.012224 -0.327113 -3.95102 -0.0211499 0.994935 -0.098274 -0.769005 0.326657 0.0997781 0.939861 18.1139 
0.934288 -0.00752904 -0.35644 -5.28531 -0.0295075 0.994714 -0.098355 -1.17489 0.355297 0.10241 0.929127 21.6551 
0.927739 -0.00507723 -0.373195 -5.89573 -0.0307004 0.995481 -0.0898626 -1.35312 0.371964 0.0948263 0.923391 23.1412 
0.916801 0.00348662 -0.39933 -6.89367 -0.0379648 0.996194 -0.0784635 -1.60697 0.397536 0.0870958 0.913444 25.3849 
0.908864 0.00326854 -0.417081 -7.60633 -0.0387532 0.996305 -0.0766397 -1.76197 0.415289 0.0858182 0.905632 26.9144 
0.897202 0.00400336 -0.441603 -8.75708 -0.0382014 0.996914 -0.068576 -1.99023 0.439966 0.0783964 0.894586 29.2614 
0.889627 0.00652417 -0.456641 -9.5807 -0.0373265 0.997591 -0.0584665 -2.13002 0.45516 0.0690582 0.887728 30.8642 
0.882564 0.00476447 -0.470168 -10.4443 -0.034988 0.997842 -0.0555652 -2.25826 0.468888 0.06549 0.880826 32.4921 
0.876405 0.0044446 -0.481554 -11.3541 -0.0336562 0.998078 -0.0520406 -2.38108 0.480397 0.0618159 0.87487 34.1521 
0.870192 0.00231948 -0.492707 -12.7925 -0.0326558 0.998062 -0.0529764 -2.57088 0.491629 0.0621894 0.868581 36.722 
0.869635 0.00297516 -0.493686 -13.7845 -0.0319506 0.998225 -0.0502656 -2.70734 0.492661 0.0594863 0.868186 38.5166 
0.868773 1.96643e-05 -0.49521 -14.808 -0.0285815 0.998335 -0.0501023 -2.84176 0.494385 0.0576814 0.867327 40.3431 
0.866109 -0.00315282 -0.499846 -15.8674 -0.0247012 0.998488 -0.0490991 -2.97659 0.499245 0.0548719 0.864722 42.1904 
0.861212 -0.00251556 -0.508239 -16.9452 -0.0211271 0.998946 -0.0407442 -3.1089 0.507806 0.045827 0.860251 44.0351 
0.852081 -0.00580495 -0.523377 -18.0467 -0.0181624 0.999008 -0.0406495 -3.23564 0.523094 0.0441424 0.851131 45.8569 
0.839803 -0.0103353 -0.542793 -19.2123 -0.0160177 0.998912 -0.0438028 -3.35651 0.542655 0.04548 0.838724 47.6623 
0.828712 -0.00160584 -0.559674 -20.4338 -0.0205063 0.999237 -0.0332308 -3.46527 0.5593 0.0390155 0.828047 49.4334 
0.820883 -0.00430657 -0.57108 -21.6751 -0.0222318 0.998973 -0.0394898 -3.57473 0.570664 0.0451126 0.819944 51.1581 
0.81458 -0.00693314 -0.580009 -22.9253 -0.0249219 0.998587 -0.0469375 -3.69662 0.579515 0.0526893 0.813257 52.8739 
0.807862 -0.00279969 -0.589364 -24.2013 -0.0243917 0.998973 -0.03818 -3.82252 0.588866 0.0452197 0.806965 54.5969 
0.80164 -0.000716807 -0.597807 -25.4948 -0.0255765 0.999043 -0.0354952 -3.92143 0.59726 0.0437442 0.800854 56.3134 
0.794043 -0.00449012 -0.607845 -26.809 -0.0246916 0.998909 -0.0396343 -4.0193 0.607359 0.04648 0.793066 58.0151 
0.785123 -0.00569829 -0.619313 -28.1597 -0.0235569 0.998959 -0.0390552 -4.12609 0.618891 0.0452522 0.784172 59.6958 
0.774757 -0.0065275 -0.632225 -29.5412 -0.0236716 0.998946 -0.039322 -4.24826 0.631815 0.0454308 0.773787 61.3609 
0.757811 -0.0105098 -0.65239 -31.6783 -0.0222484 0.998873 -0.0419351 -4.43169 0.652095 0.0462935 0.756722 63.8405 
0.739035 -0.0135369 -0.673531 -33.9024 -0.0196637 0.998939 -0.0416532 -4.62179 0.67338 0.0440272 0.737985 66.2939 
0.726076 -0.015436 -0.687442 -35.4526 -0.017872 0.998987 -0.0413079 -4.75947 0.687383 0.0422787 0.725064 67.891 
0.713385 -0.0164426 -0.70058 -37.0546 -0.019198 0.998891 -0.0429928 -4.90623 0.700509 0.0441201 0.712278 69.473 
0.702843 -0.0150363 -0.711187 -38.6925 -0.0208797 0.99891 -0.0417542 -5.05786 0.711039 0.044196 0.701762 71.0526 
0.687532 -0.020307 -0.72587 -41.1928 -0.0211282 0.998626 -0.0479499 -5.29236 0.725846 0.0483034 0.686159 73.4057 
0.677418 -0.0202918 -0.735318 -42.9145 -0.0214254 0.998651 -0.047297 -5.44397 0.735286 0.0477944 0.676069 74.9579 
0.667116 -0.0212421 -0.744651 -44.6583 -0.0199325 0.998726 -0.046347 -5.60232 0.744687 0.0457616 0.665843 76.5097 
0.657692 -0.0232386 -0.752929 -46.4323 -0.0180077 0.998753 -0.0465557 -5.7518 0.753072 0.0441778 0.656453 78.0513 
0.649816 -0.0259303 -0.759649 -48.239 -0.0145525 0.99881 -0.0465424 -5.89842 0.759953 0.0412988 0.648665 79.5962 
0.640457 -0.0354895 -0.767173 -50.076 -0.00685873 0.998628 -0.0519224 -6.06436 0.767963 0.0385159 0.639335 81.1292 
0.616297 -0.0442673 -0.786269 -52.8957 0.00631046 0.998664 -0.051279 -6.32682 0.787489 0.0266414 0.615753 83.3966 
0.588564 -0.043998 -0.807253 -55.8416 0.005492 0.998713 -0.0504291 -6.57787 0.808432 0.0252473 0.588047 85.5773 
0.558199 -0.0482677 -0.828302 -58.8809 0.00899574 0.9986 -0.0521292 -6.83733 0.829659 0.0216472 0.557851 87.6763 
0.526713 -0.0496383 -0.848592 -62.0219 0.0103153 0.998593 -0.0520099 -7.10298 0.849981 0.0186408 0.526484 89.6838 
0.487756 -0.0491068 -0.871598 -66.3733 0.00582533 0.998577 -0.0530011 -7.46567 0.872961 0.0207743 0.487348 92.2009 
0.464232 -0.0505598 -0.884269 -69.7287 0.00832206 0.998574 -0.0527264 -7.73132 0.885675 0.0171184 0.463991 93.9987 
0.445296 -0.06019 -0.893358 -73.1306 0.0138246 0.998081 -0.0603549 -8.01191 0.895277 0.0145255 0.445274 95.7283 
0.432213 -0.0565396 -0.899997 -76.5802 0.0211231 0.998393 -0.0525769 -8.30801 0.901524 0.00371369 0.432713 97.4151 
0.423285 -0.0552364 -0.904311 -79.9353 0.0262915 0.998468 -0.0486813 -8.57492 0.905615 -0.00316968 0.424089 99.0067 
0.41603 -0.0555315 -0.907654 -83.2801 0.0324628 0.998404 -0.0462042 -8.828 0.908771 -0.0102426 0.417169 100.563 
0.40792 -0.0562215 -0.911285 -87.6204 0.0410825 0.998222 -0.0431952 -9.14951 0.912093 -0.0198177 0.409504 102.509 
0.413915 -0.057771 -0.90848 -91.8228 0.0356433 0.998247 -0.0472399 -9.46262 0.909617 -0.0128279 0.415249 104.327 
0.431814 -0.0570946 -0.900154 -94.8824 0.0322541 0.998334 -0.0478493 -9.68029 0.901386 -0.00837171 0.432935 105.733 
0.458354 -0.0547039 -0.887084 -97.8684 0.0295935 0.99849 -0.0462831 -9.88676 0.888277 -0.00503785 0.459281 107.211 
0.490094 -0.0574627 -0.869774 -100.755 0.0249701 0.998341 -0.0518867 -10.0936 0.871312 0.00371105 0.490715 108.779 
0.527775 -0.0508167 -0.847863 -103.56 0.0203956 0.998679 -0.0471601 -10.2764 0.849139 0.00759722 0.528114 110.48 
0.551244 -0.0509488 -0.832787 -105.378 0.0209941 0.998665 -0.0472005 -10.3773 0.83408 0.00853542 0.551577 111.659 
0.573517 -0.053129 -0.817469 -107.124 0.0231514 0.998547 -0.0486552 -10.4838 0.818866 0.00897901 0.573914 112.86 
0.595181 -0.051216 -0.801958 -108.816 0.0230414 0.998644 -0.0466768 -10.5997 0.803261 0.00930296 0.595554 114.087 
0.615348 -0.0466776 -0.786873 -110.448 0.0219338 0.998873 -0.0421009 -10.7145 0.787951 0.00864758 0.615678 115.333 
0.635275 -0.0458613 -0.770923 -112.022 0.0183267 0.998849 -0.0443183 -10.8275 0.772069 0.0140258 0.635384 116.59 
0.653929 -0.043555 -0.755301 -113.542 0.0179591 0.998954 -0.0420567 -10.9407 0.756342 0.0139376 0.654027 117.859 
0.671133 -0.0409619 -0.740205 -115.015 0.0183221 0.999084 -0.0386755 -11.0507 0.741111 0.0123943 0.671269 119.133 
0.68663 -0.0393402 -0.725942 -116.434 0.016544 0.999122 -0.0384962 -11.1556 0.726819 0.0144227 0.686678 120.414 
0.701959 -0.0341544 -0.711398 -117.79 0.014903 0.999335 -0.0332731 -11.2426 0.712061 0.0127543 0.702001 121.689 
0.717465 -0.0317896 -0.695869 -119.079 0.0132068 0.999399 -0.0320393 -11.3261 0.69647 0.0137969 0.717454 122.948 
0.734817 -0.0258078 -0.677774 -120.305 0.0094602 0.999569 -0.0278045 -11.4058 0.678199 0.0140194 0.734744 124.211 
0.764701 -0.0196025 -0.644088 -122.023 0.00465687 0.999679 -0.0248959 -11.5109 0.644369 0.0160385 0.764547 126.144 
0.794839 -0.0183472 -0.606542 -123.611 0.00402513 0.99968 -0.0249645 -11.6082 0.606807 0.0174014 0.794659 128.115 
0.83237 -0.0129699 -0.554069 -125.557 0.00531622 0.999867 -0.0154189 -11.7356 0.554195 0.00988868 0.832328 130.849 
0.86639 -0.009696 -0.499274 -127.751 0.00422119 0.999918 -0.0120936 -11.8933 0.49935 0.00837023 0.86636 134.424 
0.888738 -0.0102415 -0.458302 -129.799 0.00630721 0.999929 -0.0101141 -11.9762 0.458373 0.00609818 0.888739 138.221 
0.905145 0.00265696 -0.425095 -131.85 -0.00098345 0.999991 0.00415619 -12.017 0.425102 -0.00334389 0.905139 142.308 
0.923746 -0.00241959 -0.382998 -133.832 0.00489341 0.999973 0.005485 -12.025 0.382974 -0.00694091 0.923733 146.748 
0.9395 0.00116569 -0.342548 -134.944 -1.171e-05 0.999994 0.00337087 -12.0506 0.34255 -0.00316292 0.939494 149.597 
0.959268 0.0100817 -0.282318 -135.912 -0.00781379 0.999927 0.00915806 -12.0754 0.28239 -0.00657905 0.959277 152.613 
0.971037 0.0117623 -0.23864 -136.447 -0.00900955 0.99988 0.0126226 -12.0932 0.23876 -0.0101069 0.971026 154.717 
0.98514 0.0177017 -0.170839 -137.094 -0.0138115 0.999618 0.023933 -12.0954 0.171197 -0.0212178 0.985008 158 
0.99432 0.0183433 -0.104843 -137.536 -0.016294 0.99966 0.0203701 -12.0652 0.105181 -0.0185461 0.99428 161.425 
0.997808 0.0175376 -0.0638029 -137.716 -0.0160158 0.999577 0.0242858 -12.0363 0.0642018 -0.0232107 0.997667 163.797 
0.999566 0.0189688 -0.022535 -137.802 -0.0183825 0.999494 0.0259496 -11.9995 0.0230159 -0.0255241 0.999409 166.228 
0.998961 0.022794 0.0394624 -137.76 -0.0237843 0.999409 0.0248089 -11.9608 -0.0388736 -0.0257217 0.998913 169.938 
0.994869 0.0249369 0.0980525 -137.488 -0.0268326 0.999477 0.0180628 -11.9371 -0.0975508 -0.0206011 0.995017 173.74 
0.987625 0.0277097 0.154369 -136.98 -0.0285562 0.999587 0.0032683 -11.965 -0.154215 -0.00763604 0.988008 177.606 
0.977574 0.034351 0.207773 -136.257 -0.033116 0.999407 -0.00942041 -12.0426 -0.207973 0.00232853 0.978132 181.545 
0.965142 0.0326489 0.259682 -135.291 -0.0299421 0.999448 -0.0143735 -12.1685 -0.260008 0.00609709 0.965587 185.551 
0.949969 0.0378993 0.310036 -134.118 -0.0334572 0.999247 -0.0196349 -12.3157 -0.310547 0.00827957 0.950522 189.577 
0.93129 0.0436519 0.361655 -132.704 -0.0354524 0.998942 -0.0292802 -12.4735 -0.36255 0.0144468 0.931852 193.619 
0.907064 0.0499974 0.418013 -131.035 -0.0348534 0.998433 -0.04379 -12.6947 -0.419547 0.0251511 0.907385 197.647 
0.869333 0.0618831 0.490337 -129.061 -0.0424778 0.997814 -0.0506192 -12.973 -0.492398 0.0231765 0.870062 201.617 
0.825168 0.0684833 0.56072 -126.731 -0.0432265 0.997369 -0.0582001 -13.2946 -0.56323 0.0237869 0.825957 205.446 
0.793555 0.0726658 0.604145 -124.994 -0.0391401 0.996884 -0.0684927 -13.5373 -0.607239 0.0307063 0.793925 207.898 
0.746315 0.0763897 0.661195 -122.129 -0.0339956 0.99647 -0.076753 -13.9531 -0.664724 0.0348042 0.746278 211.424 
0.716494 0.0777793 0.693243 -120.073 -0.0296529 0.996262 -0.0811294 -14.2463 -0.696963 0.0375721 0.716123 213.663 
0.687314 0.0810311 0.721827 -117.911 -0.0243741 0.995771 -0.088575 -14.5546 -0.725951 0.0432849 0.686383 215.82 
0.657112 0.0839609 0.749102 -115.657 -0.0218451 0.995481 -0.0924131 -14.8897 -0.753476 0.0443616 0.655977 217.895 
0.623725 0.0860337 0.776895 -113.327 -0.0241943 0.995573 -0.090826 -15.2293 -0.78127 0.037854 0.623045 219.882 
0.588341 0.0884689 0.803759 -110.946 -0.0295791 0.995686 -0.0879427 -15.5659 -0.808072 0.0279659 0.58842 221.745 
0.552815 0.0950467 0.827866 -108.535 -0.0319238 0.99516 -0.0929363 -15.8986 -0.832692 0.0249479 0.553173 223.465 
0.513424 0.0942652 0.852942 -106.071 -0.0329122 0.99538 -0.0901958 -16.2328 -0.857504 0.0182365 0.514155 225.055 
0.471096 0.091264 0.877348 -103.583 -0.0333863 0.995765 -0.0856552 -16.5541 -0.88145 0.0110605 0.472149 226.502 
0.428665 0.0896088 0.899009 -101.071 -0.031666 0.995948 -0.0841723 -16.8614 -0.902909 0.00761373 0.429766 227.793 
0.387206 0.089209 0.917667 -98.5491 -0.0266526 0.995975 -0.0855756 -17.1616 -0.921608 0.00867709 0.388025 228.935 
0.345936 0.0866898 0.934245 -96.0257 -0.0203263 0.996181 -0.0849105 -17.4558 -0.938038 0.0103839 0.346377 229.936 
0.305397 0.0904669 0.947918 -93.5117 -0.0191822 0.995859 -0.0888622 -17.749 -0.952032 0.00895509 0.305868 230.819 
0.266852 0.108134 0.957652 -91.0401 -0.0216851 0.994107 -0.106208 -18.0604 -0.963494 0.00757505 0.267624 231.573 
0.2269 0.112763 0.967368 -88.5775 -0.0268599 0.993621 -0.109523 -18.3936 -0.973548 -0.00113258 0.228481 232.223 
0.187395 0.113145 0.975747 -86.1384 -0.0321106 0.993519 -0.109039 -18.7242 -0.98176 -0.0108985 0.189813 232.764 
0.149539 0.111724 0.982423 -83.7128 -0.0316205 0.993628 -0.108185 -19.0486 -0.98825 -0.0148868 0.152119 233.199 
0.111784 0.115377 0.987012 -81.3171 -0.0332629 0.993115 -0.112324 -19.3698 -0.993176 -0.0202749 0.114852 233.532 
0.0600304 0.110194 0.992096 -77.7781 -0.0313674 0.993605 -0.108464 -19.8473 -0.997704 -0.0246083 0.063103 233.86 
0.02258 0.102634 0.994463 -74.3374 -0.0276361 0.9944 -0.102 -20.295 -0.999363 -0.0251799 0.02529 234.018 
0.0011021 0.110341 0.993893 -71.0234 -0.0293055 0.99347 -0.110262 -20.7249 -0.99957 -0.029005 0.0043285 234.086 
-0.0127112 0.114916 0.993294 -67.8108 -0.0295388 0.992897 -0.115248 -21.1677 -0.999483 -0.0308057 -0.00922648 234.097 
-0.0165002 0.100636 0.994786 -65.6953 -0.0272839 0.994506 -0.10106 -21.4353 -0.999492 -0.0288092 -0.0136638 234.082 
-0.014548 0.108023 0.994042 -62.6125 -0.0294356 0.99367 -0.108413 -21.818 -0.999461 -0.0308374 -0.0112762 234.073 
-0.0058541 0.110999 0.993803 -59.5852 -0.0353475 0.993176 -0.111137 -22.2049 -0.999358 -0.035779 -0.00189063 234.093 
0.00492835 0.112802 0.993605 -57.59 -0.0383704 0.992907 -0.112532 -22.4645 -0.999251 -0.0375704 0.00922164 234.13 
0.0191743 0.109927 0.993755 -55.6126 -0.0354265 0.993388 -0.109203 -22.723 -0.999188 -0.0331114 0.0229419 234.183 
0.0336 0.110685 0.993287 -53.6495 -0.034713 0.993378 -0.109521 -22.976 -0.998832 -0.0308001 0.0372197 234.267 
0.0538402 0.105298 0.992982 -50.7175 -0.0373327 0.993942 -0.103375 -23.353 -0.997852 -0.0315049 0.057445 234.447 
0.0746412 0.110376 0.991083 -47.8287 -0.0369629 0.993479 -0.107859 -23.7182 -0.996525 -0.0285825 0.0782342 234.685 
0.0877187 0.112992 0.989716 -45.9147 -0.0409743 0.993114 -0.109749 -23.9657 -0.995302 -0.0309259 0.0917445 234.881 
0.107395 0.108327 0.988297 -43.0566 -0.0436042 0.993603 -0.10417 -24.3358 -0.99326 -0.0319065 0.111432 235.221 
0.128276 0.109404 0.985685 -40.2266 -0.04158 0.993616 -0.104873 -24.6872 -0.990866 -0.0275321 0.132006 235.615 
0.156337 0.114613 0.981031 -37.4365 -0.040405 0.993155 -0.109591 -25.0356 -0.986877 -0.0225054 0.159898 236.072 
0.173534 0.112132 0.978423 -34.6718 -0.0469443 0.993309 -0.105512 -25.3786 -0.983708 -0.0276215 0.177637 236.603 
0.179136 0.11591 0.976972 -32.8112 -0.0470737 0.992908 -0.10917 -25.6026 -0.982698 -0.0264334 0.183322 236.971 
0.185396 0.114956 0.975917 -30.928 -0.0446095 0.993094 -0.108505 -25.8331 -0.981651 -0.0234187 0.189244 237.349 
0.192539 0.116576 0.97434 -29.03 -0.0436867 0.992952 -0.11017 -26.0741 -0.980316 -0.0213536 0.196275 237.739 
0.199995 0.11096 0.973494 -27.1205 -0.0411431 0.993641 -0.104804 -26.3238 -0.978933 -0.0190923 0.203288 238.152 
0.209656 0.111422 0.971406 -25.2064 -0.0396639 0.993637 -0.105411 -26.5759 -0.97697 -0.0164296 0.212742 238.575 
0.222471 0.112559 0.96842 -23.2884 -0.0379311 0.99356 -0.106768 -26.8181 -0.974201 -0.0129805 0.225308 239.015 
0.238246 0.11015 0.964938 -21.3629 -0.0365136 0.993861 -0.104436 -27.0613 -0.970518 -0.0103518 0.240806 239.49 
0.270045 0.110181 0.956523 -18.5276 -0.0303682 0.993911 -0.105914 -27.4226 -0.962369 -0.000446302 0.271747 240.269 
0.30268 0.108349 0.946914 -15.7165 -0.0345995 0.994112 -0.10269 -27.7835 -0.952464 -0.00168056 0.304646 241.163 
0.333613 0.111125 0.936138 -12.9442 -0.0406579 0.9938 -0.103481 -28.1455 -0.941833 -0.00353884 0.336063 242.152 
0.358309 0.107849 0.927353 -10.2022 -0.0432927 0.994156 -0.0988904 -28.5052 -0.932599 -0.00471423 0.360884 243.217 
0.381873 0.108034 0.917879 -7.50411 -0.0468517 0.994131 -0.0975161 -28.855 -0.923027 -0.00576542 0.384693 244.352 
0.406594 0.107192 0.907299 -4.8639 -0.0481803 0.994227 -0.0958707 -29.1959 -0.912338 -0.00473348 0.409411 245.543 
0.432472 0.0993495 0.896157 -2.27928 -0.0491877 0.99503 -0.0865736 -29.5182 -0.900305 -0.00663932 0.435209 246.794 
0.45758 0.098787 0.883664 0.218328 -0.0541054 0.995061 -0.0832235 -29.8129 -0.887521 -0.00972959 0.460665 248.106 
0.48258 0.0984124 0.870305 2.67098 -0.0562045 0.995099 -0.0813587 -30.095 -0.874047 -0.00965297 0.485746 249.481 
0.506995 0.0963701 0.856545 5.06951 -0.0569139 0.995304 -0.0782943 -30.3632 -0.860068 -0.00905455 0.510099 250.915 
0.52242 0.090227 0.847901 7.45074 -0.0591806 0.995825 -0.0695048 -30.6179 -0.850632 -0.0138685 0.525579 252.416 
0.530069 0.0830575 0.843877 9.80162 -0.0596197 0.996379 -0.060618 -30.8879 -0.845856 -0.01818 0.533101 254.032 
0.533178 0.0859192 0.841629 11.3695 -0.0603145 0.996158 -0.0634849 -31.0576 -0.84385 -0.0169137 0.536312 255.107 
0.536706 0.085185 0.839458 12.9533 -0.059276 0.996239 -0.0631965 -31.2265 -0.841684 -0.0158418 0.539737 256.177 
0.5398 0.0789024 0.838087 14.5484 -0.054663 0.996782 -0.0586352 -31.3919 -0.840017 -0.0141611 0.542376 257.244 
0.542098 0.0727815 0.837158 16.1492 -0.0547312 0.997185 -0.0512532 -31.5397 -0.838531 -0.0180344 0.544555 258.322 
0.543359 0.0722412 0.836386 17.751 -0.0544838 0.997225 -0.0507378 -31.6777 -0.83773 -0.0180006 0.545787 259.4 
0.544199 0.0701377 0.83602 19.3692 -0.0558322 0.997318 -0.0473264 -31.815 -0.837097 -0.0209218 0.546655 260.486 
0.545397 0.0652764 0.835632 21.0087 -0.0552106 0.997595 -0.0418937 -31.9445 -0.836357 -0.023287 0.54769 261.577 
0.547454 0.0626292 0.834488 22.6477 -0.0545284 0.997746 -0.0391093 -32.0667 -0.835057 -0.0240928 0.549636 262.667 
0.550167 0.0581159 0.83303 24.2841 -0.0537142 0.997972 -0.034148 -32.1828 -0.833325 -0.0259584 0.552173 263.758 
0.557091 0.0542615 0.828677 26.7183 -0.0529627 0.998153 -0.0297538 -32.3453 -0.828761 -0.0273134 0.558936 265.404 
0.564641 0.0472749 0.823982 28.3374 -0.0503485 0.998472 -0.0227842 -32.4411 -0.8238 -0.0286213 0.566158 266.511 
0.576728 0.0433417 0.815786 29.9363 -0.0459838 0.998731 -0.0205526 -32.5292 -0.815641 -0.0256597 0.577989 267.632 
0.588496 0.044873 0.807254 31.5154 -0.0489166 0.998606 -0.0198491 -32.6112 -0.807019 -0.027807 0.589871 268.787 
0.601943 0.0390396 0.797584 33.0674 -0.0479605 0.998769 -0.0126909 -32.681 -0.797097 -0.0306133 0.603075 269.951 
0.617583 0.0377524 0.785599 34.6062 -0.0446984 0.998918 -0.0128649 -32.7432 -0.785235 -0.0271699 0.618602 271.144 
0.635902 0.0351635 0.770968 36.1231 -0.0416152 0.99907 -0.0112425 -32.796 -0.770647 -0.0249349 0.636774 272.38 
0.654068 0.0316858 0.755772 37.619 -0.0401563 0.999168 -0.00713776 -32.8471 -0.755369 -0.0256804 0.654796 273.665 
0.672123 0.0294513 0.739854 39.0971 -0.0407179 0.999167 -0.00278336 -32.8903 -0.739319 -0.0282545 0.672762 274.998 
0.689751 0.0241462 0.723644 40.5627 -0.040219 0.999178 0.00499519 -32.9224 -0.722929 -0.0325497 0.690155 276.384 
0.707249 0.0144253 0.706818 42.011 -0.0345938 0.9993 0.0142204 -32.9405 -0.706118 -0.0345089 0.707253 277.814 
0.726589 0.0090017 0.687013 43.4393 -0.0265977 0.999533 0.0150334 -32.9423 -0.686557 -0.0291961 0.726489 279.297 
0.745738 0.00318813 0.666231 44.8305 -0.0236353 0.999486 0.021673 -32.9389 -0.66582 -0.0319089 0.74543 280.834 
0.76424 0.000115799 0.644932 46.188 -0.0220929 0.999418 0.0260005 -32.9205 -0.644553 -0.034119 0.763798 282.426 
0.782149 -0.00393819 0.62308 47.5142 -0.01879 0.999376 0.0299036 -32.8956 -0.622809 -0.0350968 0.781587 284.071 
0.796905 -0.00181212 0.604102 48.8009 -0.021343 0.999287 0.0311522 -32.867 -0.603727 -0.0377187 0.796298 285.763 
0.808479 0.00259819 0.588519 50.0565 -0.0266213 0.999128 0.0321601 -32.8339 -0.587923 -0.041668 0.807843 287.501 
0.819505 0.00664819 0.573033 51.2941 -0.0308874 0.998992 0.0325826 -32.8014 -0.572239 -0.0444012 0.818884 289.274 
0.829154 0.00997911 0.558932 52.5038 -0.0388397 0.998453 0.039791 -32.7584 -0.55767 -0.0547016 0.828259 291.092 
0.83698 0.0155114 0.547013 53.6939 -0.0468585 0.997958 0.0433992 -32.7041 -0.545223 -0.0619565 0.835998 292.94 
0.841744 0.022007 0.539429 54.8752 -0.0521235 0.997814 0.0406277 -32.6516 -0.537355 -0.0623151 0.841051 294.81 
0.843591 0.0323464 0.536011 56.0538 -0.0576123 0.997874 0.0304538 -32.6091 -0.533887 -0.0565714 0.843661 296.691 
0.844685 0.0328333 0.534256 57.2467 -0.0587194 0.997777 0.0315188 -32.5763 -0.532034 -0.0579947 0.844735 298.599 
0.845655 0.0314004 0.532805 58.4455 -0.0576465 0.997802 0.0326907 -32.5429 -0.530607 -0.0583594 0.845607 300.513 
0.846979 0.0311971 0.530711 59.6482 -0.0558093 0.997978 0.0304032 -32.5121 -0.528689 -0.0553694 0.847008 302.439 
0.849588 0.0283791 0.526683 60.8558 -0.052109 0.998182 0.0302718 -32.4882 -0.524867 -0.0531635 0.849523 304.377 
0.855331 0.0260421 0.517427 62.0439 -0.0499537 0.998228 0.0323348 -32.4637 -0.515668 -0.0535043 0.855116 306.331 
0.865464 0.0231134 0.500438 63.2007 -0.0458112 0.998401 0.0331141 -32.441 -0.498872 -0.0515847 0.865139 308.299 
0.877811 0.0239362 0.478409 64.3056 -0.0460108 0.998346 0.034473 -32.416 -0.476792 -0.0522727 0.87746 310.296 
0.890032 0.0250621 0.455209 65.3499 -0.0473087 0.998174 0.0375429 -32.3861 -0.453437 -0.0549497 0.889593 312.312 
0.901886 0.0232722 0.431348 66.3362 -0.0452686 0.998141 0.0407981 -32.3494 -0.429596 -0.0563217 0.901263 314.343 
0.913344 0.0239146 0.406486 67.2617 -0.0449973 0.998088 0.0423854 -32.3085 -0.404695 -0.0570032 0.912673 316.393 
0.923714 0.0306715 0.381853 68.1161 -0.0504824 0.997843 0.0419689 -32.2656 -0.379742 -0.0580441 0.92327 318.458 
0.931221 0.0401163 0.362241 68.9112 -0.0594466 0.997332 0.0423714 -32.2196 -0.359575 -0.0609911 0.931121 320.538 
0.935952 0.042535 0.349549 69.6814 -0.0612842 0.997204 0.0427493 -32.1709 -0.346753 -0.0614331 0.935942 322.62 
0.93936 0.0398119 0.340613 70.4443 -0.0576238 0.99744 0.0423342 -32.1238 -0.338055 -0.0593945 0.93925 324.702 
0.943082 0.0372062 0.330473 71.1851 -0.0537316 0.997713 0.0410083 -32.0804 -0.328192 -0.056431 0.942924 326.783 
0.946629 0.0381883 0.320056 71.8974 -0.053136 0.99786 0.0380982 -32.0425 -0.317916 -0.0530713 0.946632 328.869 
0.952977 0.0402406 0.300358 72.9073 -0.0555747 0.997542 0.0426815 -31.9887 -0.297902 -0.0573668 0.952871 332.015 
0.957991 0.0396536 0.284045 73.8468 -0.0536511 0.99769 0.0416671 -31.9283 -0.281736 -0.055156 0.957905 335.152 
0.959984 0.0359468 0.277737 74.4568 -0.0492177 0.997948 0.0409566 -31.8909 -0.275695 -0.0529872 0.959784 337.228 
0.958282 0.0407414 0.282906 75.0417 -0.0547301 0.997629 0.0417169 -31.8601 -0.280536 -0.05546 0.95824 339.278 
0.951383 0.0475674 0.304315 75.6466 -0.0633685 0.997095 0.0422537 -31.8304 -0.301421 -0.0594834 0.951634 341.266 
0.944591 0.0458603 0.325031 76.2867 -0.0631094 0.997092 0.0427209 -31.8026 -0.322126 -0.0608662 0.944738 343.179 
0.940157 0.0420844 0.338131 76.9406 -0.0597743 0.997325 0.0420708 -31.7755 -0.335456 -0.0597647 0.940158 345.02 
0.93907 0.0400968 0.341379 77.588 -0.056207 0.997717 0.0374276 -31.7489 -0.339099 -0.054335 0.93918 346.811 
0.940185 0.0379668 0.338542 77.9057 -0.0535242 0.997891 0.036734 -31.7352 -0.336433 -0.052657 0.940234 347.705 
0.942534 0.0358614 0.33218 78.2171 -0.0508838 0.998032 0.0366333 -31.7223 -0.330213 -0.0514307 0.942504 348.599 
0.945726 0.0327766 0.323308 78.5169 -0.0469942 0.998237 0.0362649 -31.7069 -0.32155 -0.0494902 0.945599 349.49 
0.954039 0.0282855 0.298344 79.0765 -0.0409278 0.998506 0.0362116 -31.6729 -0.296874 -0.0467579 0.953771 351.282 
0.964625 0.0216156 0.262737 79.5717 -0.0326206 0.99876 0.0375962 -31.6409 -0.261599 -0.0448369 0.964135 353.078 
0.975557 0.0187498 0.218947 79.9816 -0.0273287 0.99897 0.0362198 -31.6084 -0.218042 -0.0413179 0.975064 354.876 
0.985553 0.0190285 0.168297 80.2892 -0.0251812 0.999087 0.0345 -31.5773 -0.167487 -0.0382395 0.985132 356.68 
0.993433 0.022638 0.112153 80.4873 -0.0262634 0.999176 0.0309544 -31.5418 -0.11136 -0.0336967 0.993209 358.514 
0.998429 0.0224357 0.0513339 80.5779 -0.0241229 0.999181 0.0324869 -31.5089 -0.0505629 -0.0336742 0.998153 360.347 
0.999653 0.024178 -0.010437 80.554 -0.023848 0.999245 0.0306638 -31.4812 0.0111705 -0.0304043 0.999475 362.182 
0.997447 0.0278688 -0.0657493 80.4224 -0.0261127 0.999283 0.0274182 -31.4585 0.0664663 -0.0256313 0.997459 364.022 
0.993888 0.0356711 -0.104475 80.2083 -0.0326203 0.998994 0.0307662 -31.43 0.105468 -0.0271701 0.994051 365.886 
0.991494 0.0466837 -0.121488 79.9483 -0.0424367 0.998402 0.0373153 -31.3969 0.123036 -0.0318423 0.991891 367.765 
0.990911 0.0527084 -0.12376 79.5529 -0.0501812 0.998465 0.0234515 -31.3423 0.124806 -0.017028 0.992035 370.624 
0.991654 0.052528 -0.117741 79.3057 -0.050011 0.998455 0.0242328 -31.3244 0.118832 -0.0181422 0.992749 372.585 
0.992793 0.0450163 -0.111064 78.9618 -0.0439078 0.998958 0.0124078 -31.3058 0.111507 -0.00744183 0.993736 375.591 
0.993207 0.0460982 -0.10684 78.6094 -0.0449313 0.998901 0.0133051 -31.3039 0.107336 -0.00841431 0.994187 378.714 
0.99292 0.0523491 -0.106627 78.2369 -0.0510949 0.998589 0.014462 -31.2977 0.107234 -0.00891147 0.994194 381.936 
0.992644 0.0539043 -0.108405 77.9805 -0.0528826 0.998525 0.0122808 -31.2953 0.108907 -0.00645769 0.994031 384.12 
0.992315 0.0499864 -0.113195 77.7243 -0.0495175 0.998749 0.00695231 -31.3122 0.113401 -0.00129375 0.993548 386.332 
0.991343 0.0409603 -0.124742 77.4537 -0.0401437 0.999153 0.00905375 -31.336 0.125007 -0.00396778 0.992148 388.562 
0.989042 0.0327088 -0.143963 77.1443 -0.0318782 0.999459 0.00807251 -31.3627 0.14415 -0.00339475 0.98955 390.785 
0.986162 0.0289146 -0.163242 76.7857 -0.0284082 0.999582 0.00543655 -31.3927 0.16333 -0.000723926 0.986571 392.998 
0.982921 0.0274968 -0.181962 76.3813 -0.0267002 0.99962 0.00682635 -31.4246 0.18208 -0.00185134 0.983282 395.209 
0.97945 0.0266276 -0.199923 75.9369 -0.0260102 0.999645 0.00571452 -31.4571 0.200004 -0.000397053 0.979795 397.401 
0.975848 0.02682 -0.216798 75.4531 -0.0268934 0.999635 0.00261256 -31.4923 0.216789 0.00328097 0.976213 399.564 
0.972544 0.02735 -0.231105 74.9473 -0.0275637 0.999617 0.00230466 -31.5408 0.231079 0.00412871 0.972926 401.713 
0.969834 0.0213734 -0.242828 74.425 -0.0222054 0.999753 -0.000689482 -31.5892 0.242753 0.00606077 0.970069 403.843 
0.967085 0.0119735 -0.254172 73.8806 -0.014917 0.999842 -0.0096563 -31.6441 0.254016 0.0131299 0.967111 405.96 
0.964225 0.00966536 -0.26491 73.3004 -0.0120392 0.999901 -0.00733877 -31.6999 0.264813 0.0102655 0.964245 408.08 
0.961945 0.00648045 -0.273167 72.6958 -0.00877244 0.999936 -0.00716983 -31.749 0.273103 0.00929332 0.96194 410.2 
0.960369 0.00814162 -0.278613 72.077 -0.0098749 0.99994 -0.0048182 -31.8039 0.278557 0.00737853 0.960391 412.325 
0.959611 0.00507931 -0.281286 71.4523 -0.00485955 0.999987 0.00147885 -31.8418 0.28129 -5.21939e-05 0.959623 414.455 
0.959022 -0.00510013 -0.283284 70.8311 0.00582576 0.999981 0.00171911 -31.8719 0.28327 -0.00329901 0.959035 416.589 
0.958384 -0.0115053 -0.285252 70.1995 0.0123743 0.999923 0.00124416 -31.9002 0.285215 -0.00472217 0.958452 418.733 
0.957619 -0.0143205 -0.287683 69.5554 0.0155612 0.999877 0.00202619 -31.9304 0.287618 -0.00641699 0.957724 420.879 
0.956934 -0.0103718 -0.290122 68.8972 0.0127763 0.999898 0.00639487 -31.9587 0.290026 -0.00982613 0.956968 423.028 
0.9566 -0.00533712 -0.291356 68.2361 0.0089361 0.999899 0.0110233 -31.9793 0.291268 -0.0131484 0.956551 425.167 
0.957076 -0.00208391 -0.28983 67.5828 0.0063983 0.999882 0.0139392 -31.9908 0.289767 -0.0151953 0.956977 427.297 
0.95809 -0.00107637 -0.286464 66.9449 0.00650288 0.999817 0.0179924 -31.9984 0.286392 -0.0191012 0.957922 429.428 
0.958979 0.00269273 -0.283463 66.3132 0.00393023 0.999733 0.0227932 -32.0034 0.283448 -0.0229723 0.958712 431.553 
0.960261 0.0051698 -0.279056 65.3917 0.00160655 0.99971 0.0240489 -32.0079 0.279099 -0.0235416 0.959974 434.718 
0.961188 0.00188303 -0.275888 64.5017 0.00720436 0.999464 0.0319215 -32.0015 0.2758 -0.0326702 0.96066 437.857 
0.962059 -0.00428424 -0.272808 63.6349 0.0139431 0.999342 0.0334765 -31.9743 0.272485 -0.0360102 0.961486 440.951 
0.962095 -0.0107514 -0.272501 63.0684 0.0209441 0.999184 0.0345231 -31.9518 0.271907 -0.0389218 0.961536 442.995 
0.961939 -0.0134534 -0.272931 62.235 0.0243094 0.99904 0.0364327 -31.9228 0.272179 -0.0416809 0.961343 446.017 
0.961573 -0.0133531 -0.274224 61.4055 0.0249738 0.99893 0.0389293 -31.887 0.273411 -0.0442818 0.960878 448.987 
0.961222 -0.0143817 -0.275401 60.5885 0.0266867 0.998803 0.0409851 -31.8394 0.274482 -0.0467453 0.960455 451.906 
0.96075 -0.0148161 -0.277021 59.7736 0.0275126 0.998739 0.0420016 -31.7727 0.27605 -0.0479746 0.959945 454.771 
0.9609 -0.00955592 -0.276731 58.9594 0.023352 0.998641 0.046601 -31.6879 0.27591 -0.0512411 0.959817 457.599 
0.960765 -0.00655818 -0.277285 58.1387 0.0226788 0.99823 0.0549701 -31.5928 0.276434 -0.0591018 0.959214 460.379 
0.959803 -0.00596861 -0.28061 57.5952 0.0244655 0.997748 0.06246 -31.5162 0.279605 -0.0668146 0.957787 462.219 
0.958704 -0.00830628 -0.284283 57.0547 0.0282909 0.997401 0.0662648 -31.4303 0.282994 -0.071571 0.956448 464.035 
0.957625 -0.00937175 -0.287866 56.5131 0.0303643 0.997186 0.0685466 -31.3505 0.286413 -0.0743828 0.955214 465.838 
0.957107 -0.0115958 -0.289504 55.9752 0.0331265 0.997026 0.0695817 -31.2685 0.287836 -0.0761874 0.954644 467.616 
0.957609 -0.0113001 -0.287849 55.4431 0.0328739 0.996989 0.0702253 -31.1895 0.286189 -0.0767111 0.955098 469.359 
0.958089 -0.0170345 -0.285963 54.6862 0.0392712 0.996616 0.0722067 -31.0678 0.283765 -0.0804106 0.955516 471.908 
0.958565 -0.0202761 -0.284151 53.9577 0.040953 0.996911 0.0670158 -30.9514 0.281914 -0.0758758 0.956435 474.335 
0.959316 -0.0200649 -0.281621 53.2567 0.0399396 0.997085 0.0650104 -30.8419 0.279495 -0.0736133 0.957321 476.667 
0.961049 -0.0224695 -0.275465 52.5824 0.0413894 0.997151 0.0630634 -30.7371 0.273263 -0.0720082 0.959241 478.964 
0.964293 -0.0244932 -0.263703 52.159 0.042038 0.997246 0.0610962 -30.6725 0.261481 -0.0700001 0.962667 480.495 
0.97339 -0.0155141 -0.22863 51.5794 0.0330471 0.99678 0.0730588 -30.5647 0.226761 -0.0786702 0.970768 482.808 
0.980884 -0.0147041 -0.194039 51.2648 0.0306584 0.996365 0.0794773 -30.4834 0.192165 -0.0839069 0.977769 484.35 
0.988603 -0.0107329 -0.150166 51.0139 0.023514 0.996222 0.0835985 -30.3874 0.148701 -0.0861767 0.98512 485.899 
0.994989 -0.0116668 -0.0992985 50.8561 0.0203664 0.995995 0.0870533 -30.2904 0.0978853 -0.0886394 0.991242 487.456 
0.998858 -0.0149869 -0.0453684 50.7896 0.0187796 0.996258 0.0843608 -30.1898 0.0439343 -0.0851164 0.995402 489.04 
0.999795 -0.0185178 0.00821824 50.7981 0.0177601 0.996285 0.0842635 -30.0926 -0.00974808 -0.0841002 0.99641 490.61 
0.997861 -0.0242696 0.0606976 50.8958 0.018913 0.996001 0.0873174 -29.9942 -0.062574 -0.0859826 0.99433 492.187 
0.993405 -0.0293888 0.110828 51.0769 0.0195127 0.995826 0.0891655 -29.889 -0.112986 -0.0864149 0.989832 493.768 
0.986342 -0.0346798 0.161016 51.3453 0.0203927 0.995773 0.0895501 -29.7821 -0.163441 -0.0850435 0.982881 495.368 
0.977274 -0.0381445 0.208522 51.6902 0.0202457 0.995976 0.0873073 -29.6766 -0.211013 -0.0811014 0.974113 496.954 
0.967529 -0.0423354 0.249188 52.1039 0.021622 0.996122 0.0852826 -29.566 -0.251832 -0.0771255 0.964693 498.538 
0.957328 -0.0421914 0.285909 52.5773 0.0187873 0.996279 0.0841137 -29.4588 -0.288394 -0.0751529 0.954558 500.13 
0.946159 -0.0436213 0.32075 53.115 0.0176635 0.99636 0.0833986 -29.3487 -0.32322 -0.0732428 0.943485 501.727 
0.933372 -0.0448906 0.356091 53.7184 0.0159963 0.996364 0.0836777 -29.2429 -0.358553 -0.0724063 0.930697 503.31 
0.919318 -0.0505148 0.390261 54.397 0.0176039 0.996013 0.0874539 -29.1344 -0.393123 -0.0735278 0.916541 504.885 
0.904549 -0.0503895 0.423382 55.1285 0.0153299 0.996193 0.0858115 -29.0295 -0.426094 -0.0711303 0.901878 506.441 
0.888878 -0.048348 0.455585 55.92 0.0125411 0.996611 0.0812947 -28.921 -0.457972 -0.0665475 0.886472 507.988 
0.858799 -0.0439808 0.510422 57.2209 0.00300788 0.996724 0.0808225 -28.7695 -0.512304 -0.067875 0.856118 510.261 
0.818779 -0.0480727 0.572093 58.7036 -0.000923859 0.996376 0.0850473 -28.6201 -0.574108 -0.0701635 0.815768 512.434 
0.768688 -0.0537149 0.637364 60.3569 -0.000936108 0.996372 0.0850999 -28.4656 -0.639623 -0.0660119 0.765849 514.474 
0.716285 -0.0623702 0.695015 62.148 0.00201241 0.996178 0.0873225 -28.3133 -0.697805 -0.0611491 0.713673 516.349 
0.684684 -0.0638312 0.726039 63.41 0.00253721 0.99636 0.0852044 -28.2152 -0.728835 -0.056496 0.682354 517.523 
0.655881 -0.0697424 0.751635 64.7264 0.00273223 0.995936 0.0900263 -28.1095 -0.754859 -0.0569929 0.653406 518.668 
0.626682 -0.0677932 0.77632 66.0813 -0.00102509 0.996136 0.0878164 -28.003 -0.779274 -0.0558288 0.624191 519.763 
0.579397 -0.0770061 0.811399 68.2267 -0.00326804 0.995299 0.0967928 -27.8248 -0.815039 -0.0587331 0.576422 521.333 
0.522391 -0.0802358 0.848923 70.4901 -0.00688308 0.995134 0.0982905 -27.6319 -0.852678 -0.0571893 0.519297 522.775 
0.457994 -0.085595 0.884825 72.882 -0.00277062 0.995211 0.0977076 -27.4317 -0.888951 -0.047201 0.455564 524.054 
0.38832 -0.0909325 0.917027 75.4026 -0.000981455 0.995078 0.0990876 -27.2269 -0.921524 -0.0393777 0.386319 525.153 
0.314972 -0.0870086 0.945104 78.0489 -0.00831795 0.995498 0.0944201 -27.0258 -0.949064 -0.037601 0.31283 526.099 
0.237766 -0.0880954 0.967319 80.8123 -0.0146621 0.99544 0.0942603 -26.8293 -0.971212 -0.0365948 0.23539 526.846 
0.184423 -0.0893801 0.978774 82.7154 -0.0123426 0.995567 0.0932393 -26.6943 -0.982769 -0.0292761 0.182502 527.212 
0.132089 -0.0921512 0.986945 84.662 -0.0115584 0.995458 0.094493 -26.5521 -0.99117 -0.0238891 0.130424 527.496 
0.0815332 -0.0899164 0.992606 86.6344 -0.0115447 0.99577 0.0911513 -26.4093 -0.996604 -0.0188912 0.0801502 527.669 
0.0313321 -0.0926842 0.995202 88.6443 -0.0134752 0.995562 0.0931419 -26.2693 -0.999418 -0.0163288 0.0299441 527.749 
-0.0172363 -0.0971677 0.995119 90.686 -0.0157703 0.995169 0.0968995 -26.1243 -0.999727 -0.0140231 -0.0186854 527.745 
-0.0667737 -0.0952386 0.993212 92.7424 -0.0209662 0.995348 0.0940339 -25.9789 -0.997548 -0.0145448 -0.0684599 527.632 
-0.116931 -0.0929672 0.988779 94.8118 -0.0232653 0.995592 0.0908564 -25.8355 -0.992868 -0.0123804 -0.118578 527.412 
-0.164627 -0.0949003 0.98178 96.8923 -0.022649 0.995462 0.092425 -25.6915 -0.986096 -0.00702067 -0.166029 527.084 
-0.207728 -0.0902972 0.97401 98.9759 -0.019421 0.995915 0.088186 -25.5494 -0.977994 -0.000597577 -0.208633 526.669 
-0.24807 -0.0896357 0.964586 101.063 -0.0223753 0.995975 0.0867981 -25.4125 -0.968484 -5.09108e-05 -0.249077 526.158 
-0.309121 -0.0831082 0.947384 104.195 -0.0299898 0.996531 0.0776342 -25.2245 -0.95055 -0.00441353 -0.310541 525.225 
-0.367657 -0.0864269 0.925937 107.306 -0.0365716 0.996246 0.0784682 -25.0472 -0.929242 -0.00501366 -0.369437 524.079 
-0.410357 -0.0870865 0.907757 110.385 -0.0350061 0.9962 0.0797467 -24.855 -0.911253 0.000947573 -0.411847 522.744 
-0.430787 -0.0798693 0.898912 113.46 -0.0211811 0.996696 0.0784069 -24.6615 -0.902205 0.0147367 -0.431056 521.282 
-0.437589 -0.0809387 0.895525 116.567 -0.0131784 0.996411 0.0836175 -24.4551 -0.899078 0.0247886 -0.437085 519.769 
-0.440884 -0.0903899 0.893001 119.739 -0.0169685 0.995578 0.0923952 -24.226 -0.897404 0.0255827 -0.440468 518.237 
-0.44386 -0.0856858 0.89199 122.982 -0.0139579 0.995958 0.0887276 -23.9808 -0.895988 0.0269323 -0.443262 516.641 
-0.445947 -0.0836997 0.891137 125.078 -0.0118467 0.996083 0.0876283 -23.8307 -0.894981 0.0285205 -0.445192 515.601 
-0.448051 -0.0879835 0.889668 127.26 -0.012906 0.995678 0.0919676 -23.6728 -0.893915 0.0297241 -0.44725 514.516 
-0.450409 -0.0917926 0.888091 129.459 -0.0140146 0.995305 0.0957664 -23.5003 -0.892712 0.0306879 -0.449581 513.419 
-0.452194 -0.092258 0.887135 131.674 -0.0137644 0.995239 0.0964843 -23.321 -0.891814 0.0314187 -0.451311 512.304 
-0.453639 -0.0859985 0.887027 133.9 -0.00835828 0.9957 0.09226 -23.1418 -0.891146 0.0344387 -0.452407 511.172 
-0.452968 -0.0901139 0.886961 136.165 -0.00957589 0.995313 0.0962319 -22.9628 -0.891476 0.0350965 -0.451707 510.03 
-0.452964 -0.0878117 0.887194 138.449 -0.0124565 0.995664 0.092188 -22.7822 -0.891442 0.0307066 -0.452094 508.889 
-0.452354 -0.0806272 0.888186 140.757 -0.0108998 0.99633 0.084893 -22.6106 -0.891772 0.0287207 -0.451573 507.73 
-0.452994 -0.0859236 0.887363 143.11 -0.0101675 0.995778 0.091231 -22.4397 -0.891455 0.0323049 -0.451955 506.549 
-0.453415 -0.0856968 0.88717 145.478 -0.0111271 0.995834 0.0905063 -22.2564 -0.89123 0.0311652 -0.452479 505.36 
-0.454241 -0.0879536 0.886527 149.083 -0.0132343 0.995671 0.0920009 -21.9825 -0.890781 0.030058 -0.453438 503.55 
-0.455406 -0.0850305 0.886214 152.738 -0.0112176 0.995897 0.08979 -21.7056 -0.890213 0.0309497 -0.454491 501.704 
-0.455962 -0.0878414 0.885654 155.205 -0.0115797 0.995619 0.0927864 -21.5136 -0.889924 0.0320515 -0.454982 500.459 
-0.456369 -0.0882759 0.885401 157.696 -0.0187912 0.995801 0.0895973 -21.3178 -0.889592 0.0242516 -0.456111 499.214 
-0.456845 -0.0930563 0.884666 160.202 -0.0275439 0.995516 0.0904927 -21.125 -0.88912 0.016974 -0.45736 497.968 
-0.456738 -0.0882971 0.885208 163.964 -0.0196126 0.99582 0.0892108 -20.8348 -0.889385 0.0233848 -0.456561 496.056 
-0.456289 -0.0899243 0.885276 167.729 -0.0149824 0.995516 0.0933999 -20.5489 -0.889706 0.0293538 -0.45559 494.14 
-0.45577 -0.0913949 0.885393 170.241 -0.0172243 0.995434 0.0938874 -20.3576 -0.889931 0.0275407 -0.455263 492.866 
-0.456077 -0.086223 0.885753 172.746 -0.0120484 0.995802 0.090732 -20.1696 -0.889859 0.0307089 -0.455202 491.587 
-0.454192 -0.0810711 0.887208 175.255 -0.00703131 0.996146 0.0874261 -19.9835 -0.890876 0.03347 -0.453012 490.315 
-0.452041 -0.0949428 0.88693 177.785 -0.0153859 0.995001 0.0986698 -19.7919 -0.891864 0.0309565 -0.451242 489.062 
-0.448204 -0.0922009 0.889164 180.295 -0.0181094 0.995399 0.0940884 -19.5851 -0.893748 0.0260685 -0.447811 487.82 
-0.444164 -0.0891414 0.8915 182.791 -0.0187305 0.995745 0.0902329 -19.4004 -0.89575 0.02338 -0.443944 486.582 
-0.442504 -0.0905358 0.892185 185.287 -0.0208381 0.99566 0.0907009 -19.2213 -0.896524 0.0215441 -0.44247 485.358 
-0.441699 -0.0923674 0.892396 187.779 -0.020733 0.995471 0.0927742 -19.0325 -0.896924 0.0224763 -0.441614 484.136 
-0.443498 -0.0900646 0.891739 190.26 -0.0211989 0.995714 0.090023 -18.8396 -0.896025 0.0210212 -0.443507 482.92 
-0.447044 -0.0857247 0.890395 192.73 -0.0173639 0.996041 0.0871781 -18.659 -0.894343 0.0235117 -0.446763 481.695 
-0.452424 -0.0869494 0.887554 195.18 -0.0149274 0.995835 0.089948 -18.4817 -0.891678 0.0274458 -0.451837 480.47 
-0.458575 -0.0900409 0.884082 197.613 -0.0157679 0.995521 0.0932118 -18.2966 -0.888516 0.0288046 -0.457941 479.239 
-0.46692 -0.0822254 0.880468 201.204 -0.0108134 0.996124 0.0872919 -18.0212 -0.884234 0.0312374 -0.465999 477.375 
