1 1.19763e-11 1.70464e-10 5.55111e-17 1.19763e-11 1 3.5625e-10 0 1.70464e-10 3.5625e-10 1 2.22045e-16 
0.999809 -0.0104076 0.0165497 0.0424855 0.0104377 0.999944 -0.00173159 -0.0199298 -0.0165307 0.001904 0.999862 1.19079 
0.999728 -0.0133959 -0.0190694 0.0276711 0.0133071 0.9999 -0.00477344 -0.0394402 0.0191314 0.00451838 0.999807 2.16251 
0.998341 -0.00459307 -0.0574006 -0.0438089 0.00426178 0.999974 -0.00589254 -0.0486608 0.0574261 0.00563813 0.998334 2.87144 
0.996957 -0.00511641 -0.0777883 -0.0930182 0.0046364 0.999969 -0.00635009 -0.0526243 0.0778184 0.00597011 0.99695 3.24159 
0.992861 -0.009827 -0.118874 -0.220288 0.00935843 0.999946 -0.00449932 -0.0690896 0.118912 0.00335472 0.992899 4.01096 
0.988321 -0.0082446 -0.152165 -0.370118 0.0078218 0.999964 -0.00337696 -0.0803959 0.152187 0.00214731 0.988349 4.81551 
0.983771 -0.00990722 -0.179157 -0.513709 0.0092347 0.999947 -0.0045874 -0.0926805 0.179193 0.00285849 0.98381 5.67461 
0.980979 -0.00741431 -0.19397 -0.67347 0.00578637 0.999943 -0.00895798 -0.113148 0.194025 0.00766522 0.980967 6.58218 
0.977872 -0.00848402 -0.20903 -0.918625 0.00592982 0.9999 -0.012843 -0.147785 0.209118 0.0113193 0.977825 7.54452 
0.973766 -0.0233057 -0.226355 -1.15494 0.020202 0.999668 -0.016019 -0.165875 0.226653 0.0110259 0.973913 8.54375 
0.969598 -0.0201819 -0.243871 -1.4338 0.0151479 0.999632 -0.0224997 -0.197571 0.244236 0.0181215 0.969547 9.59461 
0.967434 -0.0166924 -0.252574 -1.58237 0.0105823 0.999618 -0.0255306 -0.216381 0.252903 0.0220263 0.967241 10.1344 
0.965703 -0.0173811 -0.259066 -1.76876 0.0108513 0.999587 -0.0266139 -0.248208 0.259421 0.02289 0.965493 10.6693 
0.961456 -0.0184146 -0.27434 -2.12543 0.0102834 0.999465 -0.0310481 -0.301854 0.274765 0.0270302 0.961131 11.7823 
0.955308 -0.0215849 -0.294823 -2.74657 0.00821384 0.998884 -0.0465163 -0.387608 0.295498 0.0420158 0.954419 13.5553 
0.954318 -0.0223233 -0.297959 -2.97488 0.00642653 0.998508 -0.0542258 -0.425823 0.298724 0.0498338 0.953037 14.1543 
0.952627 -0.0239708 -0.303194 -3.16651 0.00491675 0.997973 -0.0634524 -0.457427 0.3041 0.0589557 0.950814 14.7806 
0.951405 -0.0229675 -0.307084 -3.38222 0.000783832 0.997392 -0.0721687 -0.504652 0.307941 0.0684209 0.948942 15.4125 
0.950107 -0.0223549 -0.311123 -3.6052 -0.00257295 0.996833 -0.0794821 -0.550645 0.311914 0.0763169 0.94704 16.0564 
0.948342 -0.0209707 -0.316557 -3.82147 -0.00674192 0.996255 -0.0861958 -0.613091 0.317179 0.0838772 0.944649 16.7317 
0.946842 -0.0188188 -0.321147 -4.04358 -0.0113782 0.995704 -0.0918935 -0.679965 0.321496 0.0906627 0.942561 17.381 
0.945533 -0.0159614 -0.325136 -4.30454 -0.016615 0.995129 -0.0971706 -0.748921 0.325103 0.0972801 0.940662 18.0484 
0.944124 -0.012432 -0.329355 -4.5672 -0.0217825 0.99475 -0.0999898 -0.828798 0.328869 0.101577 0.938897 18.7318 
0.941756 -0.0127433 -0.336055 -4.79939 -0.0228446 0.994549 -0.101733 -0.90283 0.33552 0.103485 0.936332 19.4362 
0.938433 -0.0145445 -0.345154 -5.01491 -0.0220243 0.994562 -0.101792 -0.972449 0.344758 0.103126 0.93301 20.1606 
0.935981 -0.0149262 -0.351733 -5.28419 -0.0218569 0.99471 -0.100374 -1.05397 0.351371 0.101636 0.930703 20.8781 
0.929614 -0.0162752 -0.368174 -5.86845 -0.0207524 0.995127 -0.096388 -1.20074 0.367949 0.0972442 0.924747 22.3385 
0.926517 -0.0139315 -0.375994 -6.20019 -0.0217573 0.995658 -0.0905053 -1.28372 0.375623 0.0920353 0.922192 23.0859 
0.919491 -0.00695293 -0.393049 -6.85808 -0.0271858 0.996325 -0.0812227 -1.43894 0.39217 0.0853689 0.915923 24.5763 
0.90812 -0.00943901 -0.418603 -8.01709 -0.0254518 0.996653 -0.0776885 -1.63855 0.417935 0.0812047 0.90484 26.8034 
0.89583 -0.0105379 -0.444271 -9.11386 -0.0228779 0.9973 -0.0697867 -1.85691 0.443807 0.072681 0.89317 29.1568 
0.886223 -0.00979973 -0.463156 -9.83 -0.0212209 0.997868 -0.0617184 -2.0037 0.462773 0.0645248 0.884125 30.7944 
0.878027 -0.0117737 -0.478466 -10.5767 -0.019384 0.998002 -0.0601294 -2.11767 0.478218 0.0620698 0.876045 32.3188 
0.872006 -0.0134274 -0.489311 -11.5456 -0.0167571 0.998219 -0.0572555 -2.22378 0.489209 0.0581265 0.870228 33.9406 
0.866127 -0.0165143 -0.49955 -12.4549 -0.0146427 0.998187 -0.0583861 -2.35076 0.499609 0.0578846 0.864315 35.6407 
0.865082 -0.0167875 -0.50135 -13.5904 -0.0142443 0.998215 -0.0580034 -2.47414 0.501428 0.0573191 0.863298 37.2993 
0.864602 -0.0170886 -0.502167 -14.6408 -0.0116523 0.998471 -0.05404 -2.66509 0.502322 0.0525745 0.863081 39.092 
0.863163 -0.0217399 -0.504458 -15.7637 -0.00741007 0.99842 -0.0557065 -2.78099 0.504872 0.0518219 0.861638 40.8832 
0.859681 -0.0210423 -0.510398 -16.8863 -0.00511873 0.998746 -0.0497972 -2.91671 0.510806 0.0454223 0.858495 42.7018 
0.853629 -0.019021 -0.520535 -18.0251 -0.00433098 0.999039 -0.0436087 -3.05345 0.520864 0.03948 0.852726 44.5066 
0.841936 -0.0262799 -0.538937 -19.1549 -0.000327788 0.998788 -0.0492154 -3.18362 0.539577 0.0416129 0.840907 46.3191 
0.830575 -0.0219595 -0.556474 -20.3848 -0.00276803 0.999047 -0.0435558 -3.30962 0.5569 0.0377167 0.829723 48.0845 
0.826103 -0.0162328 -0.563286 -21.0234 -0.00708812 0.999207 -0.0391905 -3.37241 0.563475 0.036368 0.825332 48.9453 
0.822835 -0.0162004 -0.568049 -21.6937 -0.00866507 0.99912 -0.0410459 -3.41767 0.568214 0.0386962 0.821971 49.77 
0.8184 -0.0156241 -0.574436 -22.9768 -0.0177618 0.998465 -0.0524625 -3.50555 0.574374 0.0531384 0.816866 51.4212 
0.812546 -0.0149128 -0.582706 -24.27 -0.0176041 0.998589 -0.0501039 -3.63239 0.582631 0.0509697 0.811137 53.1146 
0.809749 -0.0118174 -0.586658 -24.9176 -0.0182743 0.998804 -0.0453431 -3.68847 0.586492 0.0474372 0.808565 53.9733 
0.806842 -0.00963616 -0.590688 -25.5545 -0.0187175 0.998948 -0.0418632 -3.75775 0.59047 0.0448332 0.805813 54.8365 
0.80405 -0.0092389 -0.59449 -26.2203 -0.0198687 0.998903 -0.0423964 -3.81389 0.594229 0.0459006 0.802985 55.6809 
0.80099 -0.00957199 -0.598601 -26.8842 -0.0210145 0.998806 -0.0440911 -3.87798 0.598309 0.0478958 0.799833 56.528 
0.797021 -0.0121242 -0.60383 -27.5346 -0.0202487 0.9987 -0.0467798 -3.9336 0.603612 0.0495113 0.795739 57.3807 
0.79282 -0.0129096 -0.609319 -28.1924 -0.0200447 0.998682 -0.0472404 -3.99938 0.609126 0.0496667 0.791517 58.2393 
0.787736 -0.0145345 -0.615841 -28.8486 -0.0179258 0.998757 -0.046501 -4.05939 0.615752 0.04767 0.786497 59.0844 
0.783292 -0.0130928 -0.621516 -29.5309 -0.0195981 0.998761 -0.0457392 -4.1242 0.621345 0.0480076 0.782065 59.9222 
0.777955 -0.0140339 -0.628164 -30.2096 -0.0198595 0.998702 -0.0469072 -4.188 0.628006 0.0489667 0.776666 60.7659 
0.773044 -0.0146816 -0.634183 -30.9158 -0.0204076 0.998639 -0.047995 -4.2511 0.634025 0.0500444 0.771692 61.5935 
0.767224 -0.0167124 -0.641161 -31.6243 -0.0191632 0.998617 -0.0489608 -4.30806 0.641093 0.0498506 0.765843 62.4228 
0.761346 -0.0189605 -0.648069 -32.3372 -0.017796 0.998585 -0.0501221 -4.3707 0.648102 0.0496933 0.75993 63.2494 
0.756496 -0.0187774 -0.653728 -33.0885 -0.0191993 0.998519 -0.0508985 -4.45078 0.653716 0.0510556 0.755016 64.0645 
0.744233 -0.0198556 -0.667625 -34.5619 -0.0175163 0.998634 -0.0492262 -4.58299 0.667691 0.0483301 0.742868 65.709 
0.733005 -0.0176318 -0.679995 -36.0989 -0.021586 0.998558 -0.0491607 -4.75893 0.679881 0.0507134 0.731567 67.3392 
0.720543 -0.0184887 -0.693163 -37.6505 -0.0230162 0.998456 -0.050557 -4.89902 0.693028 0.0523825 0.719005 68.9626 
0.710508 -0.0174347 -0.703473 -39.2941 -0.0242447 0.998493 -0.0492335 -5.03249 0.703272 0.0520363 0.709014 70.5706 
0.699606 -0.0208933 -0.714224 -40.8978 -0.0242396 0.998303 -0.052947 -5.16321 0.714118 0.0543545 0.697912 72.16 
0.689976 -0.0235365 -0.723449 -42.5942 -0.0248014 0.998116 -0.0561263 -5.31202 0.723407 0.0566684 0.688092 73.743 
0.680014 -0.0222467 -0.732862 -44.2903 -0.0249524 0.998258 -0.053456 -5.47257 0.732775 0.0546375 0.678274 75.342 
0.670185 -0.0252606 -0.741764 -46.0375 -0.0219562 0.998308 -0.0538345 -5.61682 0.741869 0.0523654 0.668496 76.8906 
0.666285 -0.0263709 -0.74523 -46.9455 -0.0208629 0.998324 -0.0539798 -5.68117 0.745405 0.0515136 0.664619 77.6429 
0.658428 -0.0290821 -0.752081 -48.7164 -0.0183534 0.998336 -0.0546724 -5.84962 0.75242 0.0498011 0.656799 79.227 
0.654795 -0.0337416 -0.755053 -49.6354 -0.0157345 0.998178 -0.0582516 -5.91789 0.755643 0.0500232 0.653071 79.983 
0.649362 -0.0385785 -0.7595 -50.5366 -0.0108589 0.99814 -0.0599843 -5.99315 0.760402 0.0471989 0.647736 80.7772 
0.643632 -0.0415092 -0.764209 -51.4791 -0.00591841 0.998228 -0.0592049 -6.09602 0.765312 0.0426291 0.642246 81.5173 
0.626764 -0.0459994 -0.77785 -53.3671 0.00187734 0.998342 -0.0575258 -6.27704 0.779207 0.0345948 0.625811 83.0221 
0.609505 -0.0439127 -0.791565 -55.312 0.00108281 0.99851 -0.0545593 -6.4433 0.792782 0.0323971 0.608644 84.4961 
0.5906 -0.0472366 -0.805581 -57.2987 0.000771614 0.998318 -0.0579724 -6.60551 0.806964 0.0336169 0.589643 85.9241 
0.571689 -0.0491066 -0.819 -59.3317 0.00325536 0.998335 -0.0575871 -6.77518 0.820464 0.0302558 0.570897 87.3229 
0.551165 -0.0513397 -0.832815 -61.4055 0.00709992 0.998358 -0.056846 -6.92913 0.834366 0.0254186 0.550624 88.6548 
0.53096 -0.0523752 -0.845777 -63.5145 0.00519903 0.998271 -0.0585547 -7.10549 0.847381 0.026693 0.530314 89.987 
0.511343 -0.0534173 -0.857715 -65.6598 0.00375295 0.998196 -0.0599289 -7.28551 0.859369 0.0274252 0.510621 91.2646 
0.494435 -0.049573 -0.8678 -67.8517 0.00352475 0.998478 -0.0550298 -7.46602 0.869208 0.0241499 0.493857 92.5331 
0.473561 -0.0570164 -0.878914 -71.2544 0.00936098 0.998172 -0.0597091 -7.72023 0.880711 0.0200484 0.473229 94.2962 
0.461502 -0.0634427 -0.884868 -73.4978 0.0126784 0.997809 -0.0649279 -7.9048 0.887049 0.0187457 0.461296 95.4827 
0.453124 -0.0615177 -0.889322 -75.7525 0.0164322 0.998023 -0.0606645 -8.10541 0.891296 0.012875 0.453239 96.6049 
0.440807 -0.0549559 -0.895918 -79.0347 0.0154782 0.998441 -0.0536292 -8.40783 0.897468 0.00977295 0.44097 98.4736 
0.434972 -0.0535307 -0.898852 -81.2626 0.0189621 0.998555 -0.0502923 -8.56889 0.900244 0.00483162 0.435358 99.5929 
0.429576 -0.054552 -0.901381 -84.5952 0.027002 0.998503 -0.0475614 -8.79809 0.902627 -0.00390781 0.430407 101.132 
0.421946 -0.0574331 -0.9048 -87.7767 0.0319226 0.998314 -0.0484821 -8.98163 0.906059 -0.00842672 0.423068 102.735 
0.416936 -0.0597249 -0.906972 -90.8608 0.0290902 0.998204 -0.0523599 -9.19444 0.90847 -0.00455321 0.417925 104.367 
0.422687 -0.0595528 -0.904317 -92.8071 0.0260744 0.998225 -0.0535496 -9.36169 0.905901 -0.000944765 0.423489 105.338 
0.430539 -0.0565562 -0.900798 -94.7172 0.0168053 0.998364 -0.0546497 -9.46876 0.902416 0.00839067 0.430785 106.505 
0.444496 -0.0546214 -0.894114 -96.6601 0.0123992 0.998419 -0.0548293 -9.60022 0.895695 0.0132852 0.444471 107.581 
0.459155 -0.056354 -0.886567 -98.5926 0.0121142 0.99829 -0.0571816 -9.74007 0.888274 0.0155152 0.459053 108.663 
0.480558 -0.0618977 -0.874776 -100.504 0.00904427 0.997803 -0.0656344 -9.84081 0.876917 0.0236294 0.480061 109.714 
0.50708 -0.0607631 -0.859755 -102.394 0.005572 0.997722 -0.0672277 -9.96174 0.861881 0.0292992 0.506263 110.79 
0.536216 -0.0597799 -0.841961 -104.325 0.00924987 0.997845 -0.0649569 -10.119 0.84403 0.0270429 0.535613 111.754 
0.550558 -0.0564773 -0.832884 -105.984 0.00221625 0.997804 -0.0661954 -10.2914 0.834794 0.0345985 0.549474 113.062 
0.573654 -0.0511794 -0.817497 -107.649 -0.00482183 0.997818 -0.0658519 -10.4633 0.819083 0.041718 0.572155 114.249 
0.586446 -0.049815 -0.808455 -108.518 -0.00381436 0.997926 -0.0642567 -10.5421 0.809979 0.0407668 0.58504 114.819 
0.606371 -0.0484024 -0.793707 -110.193 -8.26594e-05 0.998142 -0.0609325 -10.6943 0.795181 0.0370133 0.605241 116 
0.627859 -0.0498309 -0.77673 -111.806 0.000353466 0.997967 -0.0637385 -10.8512 0.778327 0.0397442 0.6266 117.195 
0.648901 -0.0469279 -0.759424 -113.361 -0.000466961 0.998071 -0.0620738 -11.0029 0.760873 0.0406344 0.647628 118.423 
0.66593 -0.0445357 -0.744683 -114.816 0.000597906 0.998248 -0.0591654 -11.1621 0.746014 0.0389548 0.66479 119.73 
0.680148 -0.0422144 -0.731858 -116.186 -0.00162117 0.998252 -0.0590869 -11.3026 0.733073 0.0413743 0.67889 121.06 
0.696129 -0.0357827 -0.717024 -117.559 -0.00428246 0.998532 -0.0539888 -11.4402 0.717904 0.0406538 0.694954 122.321 
0.711007 -0.0338718 -0.702369 -118.837 -0.00483088 0.99858 -0.0530469 -11.576 0.703169 0.0411098 0.709834 123.598 
0.727831 -0.0279942 -0.685185 -120.042 -0.00774501 0.998767 -0.0490331 -11.7084 0.685713 0.0409946 0.726717 124.876 
0.758366 -0.0192948 -0.651544 -121.785 -0.0140329 0.998847 -0.0459135 -11.8982 0.651678 0.0439623 0.75722 126.795 
0.788392 -0.0168439 -0.614943 -123.356 -0.0148012 0.998816 -0.0463345 -12.0655 0.614995 0.0456316 0.787209 128.782 
0.8199 -0.0115062 -0.572391 -124.974 -0.0131267 0.999157 -0.0388878 -12.2369 0.572357 0.0393977 0.819058 130.793 
0.849862 -0.00875194 -0.526933 -126.875 -0.0116948 0.999303 -0.0354596 -12.4401 0.526876 0.0362982 0.849167 133.642 
0.876814 -0.00604372 -0.480793 -128.695 -0.0125782 0.999291 -0.0355001 -12.6346 0.480666 0.0371745 0.876115 136.457 
0.8919 0.000163111 -0.452232 -130.365 -0.0145658 0.999491 -0.0283663 -12.793 0.451998 0.0318871 0.891449 139.53 
0.908719 0.0084955 -0.417321 -132.361 -0.017495 0.999689 -0.0177445 -12.9161 0.417041 0.0234258 0.908586 143.705 
0.923556 0.00216561 -0.383458 -133.897 -0.0103372 0.999761 -0.0192507 -13.0166 0.383325 0.021743 0.923358 147.303 
0.93952 0.00664042 -0.342429 -135.027 -0.0150637 0.999646 -0.021945 -13.1027 0.342162 0.025776 0.939287 150.151 
0.953047 0.0180457 -0.302284 -135.712 -0.0246728 0.999531 -0.018119 -13.1637 0.301815 0.0247264 0.953046 152.018 
0.97096 0.0221645 -0.238211 -136.578 -0.0263831 0.999546 -0.0145355 -13.2243 0.237781 0.0203982 0.971105 155.131 
0.980843 0.0298021 -0.192506 -137.088 -0.0318897 0.999461 -0.00775417 -13.2703 0.192171 0.0137446 0.981265 157.273 
0.991598 0.0329106 -0.125099 -137.668 -0.0341874 0.999383 -0.00807235 -13.3281 0.124756 0.0122813 0.992111 160.647 
0.995924 0.031312 -0.0845849 -137.853 -0.0320735 0.999456 -0.00765833 -13.3595 0.0842991 0.01034 0.996387 162.993 
0.998497 0.031337 -0.0449578 -137.977 -0.031619 0.999484 -0.0055769 -13.4102 0.0447598 0.00699004 0.998973 165.393 
0.99927 0.0344966 0.0164124 -138.041 -0.0344103 0.999393 -0.00551357 -13.4578 -0.0165926 0.00494478 0.99985 169.094 
0.997681 0.0375942 0.0567361 -137.961 -0.0371258 0.999267 -0.00928707 -13.5201 -0.0570437 0.00715916 0.998346 171.594 
0.994877 0.0367499 0.094177 -137.851 -0.0356291 0.999273 -0.0135556 -13.6146 -0.0946068 0.0101307 0.995463 174.133 
0.990511 0.0384481 0.131942 -137.591 -0.0357846 0.999106 -0.0224999 -13.682 -0.13269 0.0175649 0.991002 176.704 
0.982216 0.0420189 0.182993 -136.938 -0.0356498 0.998643 -0.0379581 -13.8787 -0.18434 0.0307593 0.982381 180.618 
0.970965 0.0401588 0.235827 -136.259 -0.0314613 0.998683 -0.04053 -14.151 -0.237144 0.0319338 0.97095 184.624 
0.96313 0.0373346 0.266433 -135.562 -0.0249027 0.998444 -0.0498887 -14.3119 -0.267881 0.0414144 0.962562 187.245 
0.952884 0.042092 0.3004 -134.752 -0.0280364 0.998308 -0.0509496 -14.4534 -0.302036 0.0401269 0.952451 189.931 
0.941321 0.0459761 0.334366 -133.826 -0.0280328 0.997906 -0.0582953 -14.6272 -0.336346 0.0455014 0.940639 192.611 
0.927181 0.0521341 0.370967 -132.909 -0.0298015 0.997395 -0.0656846 -14.8413 -0.373425 0.0498462 0.92632 195.18 
0.909029 0.060981 0.412248 -131.848 -0.0327901 0.996635 -0.0751215 -15.0867 -0.415442 0.05477 0.907969 197.866 
0.872107 0.0712953 0.484093 -129.852 -0.035895 0.995984 -0.0820188 -15.5157 -0.487996 0.0541527 0.871164 201.792 
0.842959 0.0774401 0.532375 -128.353 -0.0363009 0.995518 -0.0873309 -15.7951 -0.536751 0.0542907 0.841992 204.361 
0.809474 0.0841382 0.581096 -126.832 -0.0355308 0.994885 -0.0945568 -16.0913 -0.58608 0.0558945 0.808323 206.92 
0.777607 0.088689 0.622464 -125.016 -0.0308833 0.994194 -0.103073 -16.4196 -0.627991 0.0609264 0.775832 209.313 
0.744989 0.0922772 0.660664 -123.116 -0.0273243 0.993776 -0.107992 -16.7656 -0.666517 0.0624009 0.742874 211.662 
0.71581 0.0933531 0.692027 -121.031 -0.0214339 0.993494 -0.11185 -17.1419 -0.697966 0.0652303 0.713154 213.856 
0.687705 0.0973697 0.719431 -118.835 -0.0163868 0.992795 -0.118703 -17.5542 -0.725805 0.0698437 0.684345 215.933 
0.655654 0.102682 0.748047 -116.659 -0.0151248 0.992297 -0.122953 -17.9262 -0.75491 0.0693008 0.652157 218.058 
0.623031 0.104536 0.77518 -114.316 -0.0158939 0.992517 -0.12107 -18.3442 -0.782035 0.0631101 0.62003 220.012 
0.588139 0.107477 0.801587 -111.913 -0.0208628 0.992817 -0.11781 -18.7759 -0.808491 0.0525652 0.586156 221.832 
0.553082 0.113788 0.825319 -109.486 -0.0221984 0.99229 -0.121933 -19.1905 -0.832831 0.0491181 0.551344 223.529 
0.514078 0.112438 0.850342 -107.005 -0.0215364 0.992751 -0.118248 -19.6147 -0.857473 0.0424754 0.512772 225.099 
0.471815 0.109147 0.874916 -104.517 -0.0206034 0.993402 -0.112818 -20.0076 -0.881457 0.0352029 0.470951 226.536 
0.428648 0.108197 0.896969 -101.989 -0.0187508 0.993655 -0.110899 -20.393 -0.903277 0.0307176 0.427957 227.855 
0.387743 0.107922 0.915428 -99.4723 -0.0127099 0.993654 -0.111761 -20.7587 -0.92168 0.0316995 0.386654 228.993 
0.346782 0.10548 0.931996 -96.9531 -0.00576345 0.993877 -0.110339 -21.1193 -0.937928 0.0328922 0.345267 229.999 
0.306921 0.109721 0.945389 -94.4512 -0.00343495 0.993454 -0.114184 -21.4814 -0.951729 0.0317981 0.305289 230.883 
0.268678 0.126974 0.954824 -91.9766 -0.0061209 0.991479 -0.130126 -21.8351 -0.963211 0.0291175 0.267166 231.612 
0.229295 0.132141 0.964346 -89.52 -0.00990785 0.991008 -0.133439 -22.2201 -0.973307 0.0210422 0.228542 232.249 
0.190581 0.132475 0.972692 -87.0959 -0.0133305 0.99111 -0.132372 -22.5922 -0.981581 0.0122612 0.190653 232.785 
0.152867 0.130829 0.979549 -84.6824 -0.0126044 0.991376 -0.130442 -22.966 -0.988166 0.00759363 0.153198 233.245 
0.114651 0.135169 0.984167 -82.2936 -0.0147869 0.990822 -0.134361 -23.3161 -0.993296 0.000851767 0.115598 233.595 
0.0789884 0.133819 0.987853 -79.9297 -0.0139513 0.991 -0.133129 -23.6874 -0.996778 -0.00326614 0.0801444 233.851 
0.0503269 0.125575 0.990807 -77.5892 -0.0102632 0.992077 -0.125214 -24.0308 -0.99868 -0.00386722 0.051217 233.991 
0.0269658 0.121977 0.992167 -75.3451 -0.00714972 0.992526 -0.121827 -24.373 -0.999611 -0.00380855 0.0276364 234.093 
0.0117392 0.12571 0.991998 -73.1284 -0.00755269 0.992049 -0.125627 -24.699 -0.999903 -0.00601748 0.0125953 234.156 
-0.00389757 0.14084 0.990025 -69.8964 -0.00761517 0.989999 -0.140866 -25.1815 -0.999963 -0.00808824 -0.00278607 234.207 
-0.00788222 0.123123 0.99236 -67.7673 -0.00387324 0.99238 -0.123156 -25.4979 -0.999961 -0.00481439 -0.00734527 234.171 
-0.00894356 0.122007 0.992489 -65.6872 -0.00444201 0.992514 -0.12205 -25.7772 -0.99995 -0.00550021 -0.00833466 234.159 
-0.00756442 0.127643 0.991791 -63.6425 -0.00674297 0.991791 -0.127694 -26.0706 -0.999949 -0.00765355 -0.00664163 234.186 
-0.00264137 0.129874 0.991527 -61.6218 -0.0100122 0.991477 -0.129894 -26.3673 -0.999946 -0.0102705 -0.00131854 234.202 
0.00612585 0.132581 0.991153 -59.6262 -0.0147532 0.991076 -0.132479 -26.6563 -0.999872 -0.0138111 0.00802717 234.221 
0.0193308 0.130021 0.991323 -57.6411 -0.0145928 0.991439 -0.129752 -26.9549 -0.999707 -0.011958 0.0210627 234.277 
0.0264693 0.129114 0.991276 -56.6669 -0.0127253 0.991587 -0.128815 -27.1086 -0.999569 -0.00920466 0.0278896 234.325 
0.0338587 0.130028 0.990932 -55.6877 -0.0116244 0.991485 -0.129703 -27.251 -0.999359 -0.00712744 0.0350819 234.363 
0.0477715 0.128809 0.990518 -53.7317 -0.0135597 0.991643 -0.128301 -27.5308 -0.998766 -0.00730203 0.0491188 234.45 
0.0617687 0.125268 0.990198 -51.7845 -0.0134353 0.992107 -0.124671 -27.8027 -0.998 -0.00560283 0.0629642 234.582 
0.0753465 0.127931 0.988917 -49.8614 -0.0135186 0.991776 -0.12727 -28.078 -0.997066 -0.00377938 0.0764563 234.739 
0.0895481 0.130806 0.987356 -47.9461 -0.0141138 0.991405 -0.130062 -28.3586 -0.995882 -0.00228849 0.0906246 234.918 
0.103107 0.131375 0.985956 -46.0442 -0.0175626 0.991325 -0.130254 -28.6305 -0.994515 -0.00388589 0.10452 235.12 
0.117251 0.127196 0.984923 -44.1509 -0.0177337 0.991874 -0.125983 -28.9117 -0.992944 -0.00269478 0.118554 235.326 
0.129691 0.128471 0.983197 -42.2679 -0.0193703 0.99171 -0.127028 -29.1711 -0.991365 -0.00257041 0.131104 235.613 
0.143004 0.131625 0.980931 -40.3845 -0.018828 0.9913 -0.130272 -29.4272 -0.989543 0.00016042 0.144238 235.957 
0.162544 0.135407 0.977366 -38.5376 -0.0190648 0.990785 -0.134095 -29.6946 -0.986517 0.00316301 0.163628 236.27 
0.177893 0.133491 0.974953 -35.7956 -0.0263882 0.991047 -0.13088 -30.1031 -0.983696 -0.00244468 0.179823 236.806 
0.18328 0.136672 0.973514 -33.9401 -0.0257452 0.990616 -0.134226 -30.37 -0.982724 -0.000462236 0.185079 237.187 
0.18989 0.135946 0.972348 -32.0649 -0.0232008 0.990712 -0.133983 -30.647 -0.981531 0.00288275 0.19128 237.551 
0.197905 0.137349 0.970551 -30.1875 -0.0215173 0.990505 -0.135786 -30.9302 -0.979985 0.00598902 0.198981 237.947 
0.205644 0.131284 0.969781 -28.2791 -0.0182182 0.991303 -0.130334 -31.2091 -0.978457 0.00913472 0.206247 238.328 
0.215467 0.132158 0.967527 -26.3994 -0.0186907 0.991176 -0.131226 -31.483 -0.976332 0.0101911 0.216036 238.73 
0.228336 0.133342 0.964408 -24.4982 -0.0179632 0.990985 -0.132763 -31.7665 -0.973417 0.0129908 0.228673 239.18 
0.243162 0.130029 0.961231 -22.5972 -0.0162068 0.991381 -0.130008 -32.0713 -0.96985 0.0160345 0.243174 239.705 
0.274281 0.129989 0.952824 -19.7799 -0.0111835 0.991186 -0.132004 -32.5033 -0.961585 0.0255501 0.273317 240.511 
0.306053 0.128651 0.943282 -16.9763 -0.0176352 0.991423 -0.129495 -32.9285 -0.951851 0.0229975 0.305697 241.403 
0.326794 0.131457 0.935908 -15.1288 -0.0213396 0.991053 -0.131752 -33.2068 -0.944855 0.0230838 0.326675 242.053 
0.346279 0.129737 0.929117 -13.2896 -0.0254123 0.991325 -0.128952 -33.4935 -0.937787 0.0210426 0.346572 242.714 
0.361953 0.127854 0.923387 -11.4683 -0.0274532 0.991582 -0.126536 -33.7722 -0.931792 0.0204502 0.362417 243.414 
0.376546 0.127625 0.917565 -9.66835 -0.0324012 0.991673 -0.124637 -34.0442 -0.925831 0.0172013 0.377546 244.165 
0.392302 0.130393 0.910548 -7.88836 -0.0342154 0.991285 -0.127213 -34.3192 -0.9192 0.0187513 0.393344 244.935 
0.408302 0.127762 0.903862 -6.15114 -0.0344156 0.991608 -0.124618 -34.5906 -0.912198 0.019775 0.409272 245.754 
0.424783 0.121838 0.897059 -4.45448 -0.0342403 0.992355 -0.118567 -34.8615 -0.904647 0.0196498 0.425708 246.614 
0.440577 0.119668 0.889703 -2.77054 -0.0384233 0.992681 -0.114492 -35.1056 -0.896892 0.0162574 0.441951 247.495 
0.456869 0.117801 0.881699 -1.11802 -0.0399455 0.992909 -0.111961 -35.3466 -0.888636 0.0159318 0.458335 248.382 
0.473081 0.117073 0.873206 0.520423 -0.0423455 0.993008 -0.110193 -35.5941 -0.88 0.0151541 0.474731 249.289 
0.489774 0.117758 0.86386 2.13457 -0.0434353 0.992902 -0.110722 -35.8253 -0.870767 0.0167069 0.491412 250.206 
0.505198 0.114069 0.855432 3.72042 -0.0427443 0.993317 -0.107212 -36.0533 -0.861944 0.0175986 0.506697 251.183 
0.515511 0.109886 0.849808 5.30012 -0.0433496 0.993818 -0.102211 -36.2646 -0.855786 0.0158519 0.517087 252.18 
0.522972 0.104852 0.845876 6.90078 -0.0445793 0.994411 -0.0957018 -36.4727 -0.851183 0.0123408 0.524724 253.165 
0.5271 0.100701 0.843816 8.51363 -0.0450104 0.994869 -0.0906112 -36.6738 -0.848611 0.00978064 0.528927 254.18 
0.530074 0.103664 0.841591 10.1114 -0.045851 0.994551 -0.0936262 -36.8735 -0.846711 0.0110411 0.531939 255.212 
0.534163 0.10246 0.839149 11.7223 -0.0445963 0.994661 -0.0930601 -37.073 -0.844204 0.0122864 0.535881 256.235 
0.536178 0.0968513 0.83853 13.3223 -0.042288 0.99523 -0.0879104 -37.2746 -0.843045 0.0116759 0.537717 257.294 
0.538737 0.0905071 0.837598 14.9269 -0.0408224 0.995849 -0.0813503 -37.4618 -0.841484 0.00963364 0.540196 258.359 
0.539729 0.0898251 0.837033 16.5407 -0.0419111 0.995925 -0.0798517 -37.653 -0.840795 0.00801738 0.541295 259.425 
0.538936 0.0894392 0.837585 18.1458 -0.0452071 0.995985 -0.0772655 -37.8327 -0.841133 0.00377639 0.540816 260.529 
0.540862 0.0841814 0.836888 19.7934 -0.0447108 0.99645 -0.0713358 -38.0122 -0.839922 0.00116488 0.542705 261.602 
0.541709 0.0818615 0.836571 21.4208 -0.0444752 0.996644 -0.0687261 -38.1791 -0.839389 2.28567e-05 0.543531 262.708 
0.54445 0.0767899 0.835271 23.0485 -0.0427144 0.997047 -0.0638203 -38.34 -0.837705 -0.000931141 0.546122 263.803 
0.550337 0.074121 0.831646 24.6902 -0.0415068 0.997249 -0.0614136 -38.4992 -0.83391 -0.000720738 0.5519 264.865 
0.554686 0.0707164 0.829049 26.2858 -0.0428564 0.997487 -0.0564103 -38.645 -0.830955 -0.00424002 0.556323 265.983 
0.565561 0.0647615 0.82216 27.9008 -0.0393856 0.997895 -0.051511 -38.7915 -0.823766 -0.00324862 0.566921 267.096 
0.57704 0.0650355 0.814123 29.4717 -0.0399112 0.997879 -0.0514261 -38.9187 -0.81574 -0.0028177 0.578411 268.244 
0.58954 0.0624552 0.805321 31.0385 -0.0411316 0.998034 -0.0472901 -39.0456 -0.806691 -0.00524479 0.59095 269.417 
0.603479 0.0570853 0.795333 32.5672 -0.0391099 0.998353 -0.0419815 -39.1649 -0.796419 -0.00577046 0.604718 270.613 
0.621114 0.0561932 0.781703 34.1069 -0.0365882 0.998418 -0.0427002 -39.2814 -0.782866 -0.00207942 0.622187 271.809 
0.629205 0.056201 0.775205 34.8394 -0.0365879 0.998418 -0.0426866 -39.3372 -0.776378 -0.00150443 0.630266 272.443 
0.638994 0.0531993 0.76737 35.6125 -0.0337909 0.998584 -0.0410907 -39.394 -0.768469 0.000326584 0.639887 273.071 
0.646579 0.0533116 0.760982 36.3252 -0.0368242 0.998573 -0.0386681 -39.4452 -0.761958 -0.00302056 0.64762 273.725 
0.664543 0.0513136 0.745486 37.8091 -0.0384538 0.998666 -0.034462 -39.5548 -0.74626 -0.00576529 0.66563 275.041 
0.682511 0.0456287 0.72945 39.2882 -0.0382271 0.998912 -0.0267169 -39.6467 -0.729875 -0.00965019 0.683512 276.413 
0.700039 0.0373609 0.713127 40.7481 -0.0347861 0.999229 -0.0182022 -39.7317 -0.713257 -0.0120646 0.700799 277.823 
0.719647 0.0323647 0.693585 42.177 -0.0282053 0.999451 -0.0173722 -39.7943 -0.693767 -0.00706091 0.720165 279.293 
0.72975 0.0302515 0.683045 42.8956 -0.0281658 0.999503 -0.0141755 -39.8326 -0.683134 -0.00889395 0.730239 280.035 
0.739339 0.0268917 0.672797 43.5942 -0.0262223 0.999594 -0.0111381 -39.8623 -0.672823 -0.00940744 0.739744 280.806 
0.748058 0.0255959 0.663139 44.27 -0.02678 0.999606 -0.00837346 -39.8879 -0.663092 -0.011495 0.748449 281.598 
0.757273 0.025102 0.652616 44.9499 -0.0271237 0.999608 -0.00697518 -39.9144 -0.652535 -0.0124193 0.757657 282.398 
0.766268 0.0212743 0.642168 45.6159 -0.0243129 0.999696 -0.00410735 -39.9374 -0.64206 -0.0124656 0.766553 283.215 
0.774724 0.0229571 0.631883 46.2626 -0.0267772 0.999635 -0.0034876 -39.9458 -0.631732 -0.0142181 0.775056 284.057 
0.782076 0.0234787 0.622741 46.9023 -0.0281708 0.9996 -0.00230852 -39.9649 -0.622546 -0.0157376 0.782425 284.9 
0.794502 0.0281359 0.606609 48.1837 -0.0353715 0.999374 -2.56842e-05 -40.006 -0.60623 -0.0214363 0.795 286.608 
0.799987 0.0307896 0.599227 48.8113 -0.0378646 0.999283 -0.00079482 -40.0259 -0.598822 -0.0220537 0.800579 287.48 
0.805527 0.034504 0.591554 49.4466 -0.0414521 0.999139 -0.00183157 -40.0311 -0.591108 -0.0230458 0.806263 288.352 
0.815502 0.0366964 0.57759 50.6811 -0.048748 0.998797 0.00537022 -40.0589 -0.576698 -0.0325358 0.816309 290.143 
0.823885 0.0424842 0.565162 51.8878 -0.0573642 0.998316 0.00857949 -40.0748 -0.563846 -0.0394886 0.824935 291.97 
0.830273 0.0464685 0.555417 53.1003 -0.0642379 0.997856 0.0125421 -40.0843 -0.553643 -0.0460922 0.831478 293.807 
0.833334 0.0562792 0.549898 54.2954 -0.0688462 0.997625 0.00223017 -40.0964 -0.548466 -0.0397169 0.835229 295.669 
0.834475 0.0623255 0.547509 55.4973 -0.0730681 0.997325 -0.00216466 -40.1153 -0.546179 -0.0381991 0.836797 297.547 
0.835298 0.0609194 0.546412 56.7081 -0.0729886 0.997333 0.000385004 -40.1576 -0.544931 -0.0402034 0.837517 299.456 
0.836716 0.0590407 0.544445 57.9371 -0.0698157 0.99756 -0.000882797 -40.198 -0.543169 -0.0372722 0.838796 301.361 
0.838969 0.0573813 0.541146 59.1619 -0.0665362 0.997781 -0.00264669 -40.2413 -0.540097 -0.0337853 0.840924 303.283 
0.840874 0.0549269 0.538437 59.7846 -0.0639205 0.997953 -0.00197875 -40.2566 -0.537444 -0.0327533 0.842663 304.24 
0.843999 0.0523576 0.533784 60.4055 -0.061603 0.998101 -0.000497048 -40.2816 -0.532796 -0.0324632 0.845621 305.202 
0.852832 0.0527013 0.519519 61.6396 -0.0614229 0.998112 -0.000420397 -40.3101 -0.51856 -0.0315518 0.854459 307.122 
0.858588 0.0508996 0.510133 62.2142 -0.059795 0.99821 0.00104046 -40.3308 -0.509167 -0.0313967 0.860095 308.108 
0.864684 0.0508528 0.499736 62.7708 -0.0601095 0.998189 0.0024313 -40.346 -0.498707 -0.0321412 0.866174 309.106 
0.877544 0.0525323 0.476609 63.8713 -0.0613207 0.998114 0.00289217 -40.3868 -0.475558 -0.031764 0.879111 311.11 
0.883775 0.0515927 0.465059 64.3814 -0.061448 0.998092 0.00604653 -40.3985 -0.463859 -0.0339207 0.885259 312.119 
0.8898 0.0504109 0.453557 64.8869 -0.0608889 0.998108 0.008518 -40.4133 -0.452269 -0.0351959 0.891187 313.133 
0.901821 0.0494367 0.429273 65.849 -0.0594574 0.998181 0.00995418 -40.4369 -0.428001 -0.0345004 0.90312 315.166 
0.907912 0.048668 0.416325 66.3156 -0.0586247 0.998218 0.0111567 -40.4411 -0.41504 -0.0345363 0.909147 316.188 
0.913017 0.0535072 0.404398 66.7557 -0.0635348 0.997914 0.0114063 -40.452 -0.402944 -0.0361075 0.914512 317.216 
0.918045 0.0574345 0.392294 67.179 -0.0670007 0.997695 0.0107253 -40.4564 -0.390774 -0.0361303 0.919777 318.249 
0.925124 0.0687531 0.373388 68.0039 -0.0788735 0.996814 0.0118743 -40.4698 -0.371382 -0.0404356 0.927599 320.318 
0.929539 0.0714094 0.361744 68.7863 -0.0814018 0.996604 0.0124376 -40.4855 -0.359627 -0.0410078 0.932195 322.393 
0.933092 0.0688671 0.352982 69.5583 -0.0781847 0.996864 0.0121888 -40.4929 -0.351036 -0.0389711 0.935551 324.474 
0.935334 0.0654902 0.34765 69.9359 -0.0742869 0.997164 0.0120197 -40.5014 -0.345877 -0.0370683 0.937547 325.512 
0.937159 0.0646377 0.342864 70.2949 -0.0727448 0.997292 0.0108228 -40.5084 -0.341236 -0.0350842 0.939323 326.555 
0.939049 0.063293 0.337907 70.6513 -0.0705366 0.997467 0.00918788 -40.5178 -0.336469 -0.0324627 0.941135 327.595 
0.941061 0.063607 0.332201 71.0134 -0.0702051 0.997501 0.00788428 -40.5278 -0.33087 -0.0307418 0.943176 328.637 
0.945484 0.0652259 0.319068 71.7186 -0.0717398 0.997386 0.00869222 -40.5393 -0.317667 -0.0311083 0.947692 330.719 
0.949694 0.0651192 0.306334 72.3751 -0.0733456 0.997188 0.0154075 -40.5582 -0.304469 -0.0371006 0.9518 332.821 
0.952857 0.0641797 0.296556 73.012 -0.0705698 0.997447 0.0108818 -40.5637 -0.2951 -0.0312967 0.954954 334.91 
0.955017 0.0595255 0.290516 73.6459 -0.0652262 0.997821 0.00996973 -40.5805 -0.289289 -0.0284705 0.956818 336.986 
0.952944 0.0644584 0.296214 74.2496 -0.0714121 0.997366 0.0127042 -40.6046 -0.294615 -0.0332596 0.955037 339.031 
0.945425 0.0709907 0.318012 74.8605 -0.0790642 0.996791 0.0125354 -40.6166 -0.316101 -0.0369947 0.948004 341.018 
0.941669 0.071107 0.328942 75.1889 -0.0796071 0.996749 0.012427 -40.6284 -0.326989 -0.0378883 0.944268 341.977 
0.938504 0.069076 0.338287 75.528 -0.0780951 0.99686 0.0131057 -40.6359 -0.33632 -0.0387183 0.940952 342.922 
0.936118 0.0662713 0.345385 75.8795 -0.0753532 0.997073 0.0129194 -40.6481 -0.343517 -0.03812 0.938372 343.842 
0.934342 0.0650148 0.350398 76.2199 -0.0739356 0.997189 0.0121263 -40.6646 -0.348625 -0.037237 0.936522 344.749 
0.933533 0.0623535 0.353028 76.8691 -0.0696289 0.997541 0.00793329 -40.6905 -0.351665 -0.0319869 0.935579 346.533 
0.934668 0.0609565 0.350257 77.1915 -0.0678394 0.997669 0.00740295 -40.7051 -0.34899 -0.0306806 0.936624 347.426 
0.937309 0.058672 0.343524 77.5142 -0.0651453 0.997849 0.00732259 -40.7182 -0.342356 -0.0292425 0.939115 348.315 
0.94051 0.0569288 0.334962 77.8117 -0.0628496 0.997999 0.00685392 -40.7316 -0.333902 -0.0274984 0.942207 349.208 
0.944524 0.0548645 0.323828 78.1031 -0.0604175 0.998148 0.00711125 -40.7466 -0.322838 -0.0262816 0.946089 350.104 
0.954224 0.0508385 0.294739 78.6368 -0.0559677 0.998392 0.00898736 -40.7702 -0.293808 -0.0250718 0.955535 351.901 
0.966572 0.0420446 0.252926 79.1344 -0.0459637 0.998897 0.00960331 -40.7936 -0.252244 -0.0209077 0.967438 353.681 
0.977504 0.0441367 0.206247 79.5112 -0.0469966 0.998855 0.00898544 -40.8038 -0.205614 -0.0184762 0.978459 355.492 
0.987397 0.0432172 0.152249 79.7926 -0.0446896 0.998981 0.00626075 -40.822 -0.151824 -0.0129858 0.988322 357.297 
0.994584 0.0464166 0.0929986 79.9703 -0.0472607 0.998859 0.00689344 -40.8383 -0.0925725 -0.0112513 0.995642 359.13 
0.998397 0.0471032 0.0313775 80.0245 -0.0473929 0.99884 0.00855566 -40.8521 -0.0309381 -0.010029 0.999471 360.971 
0.998471 0.0474227 -0.0284055 79.9674 -0.0472121 0.998853 0.0080412 -40.8618 0.0287542 -0.00668783 0.999564 362.823 
0.995691 0.053315 -0.0758761 79.8238 -0.0529744 0.998575 0.00649606 -40.8691 0.0761142 -0.00244858 0.997096 364.669 
0.993983 0.058682 -0.0924877 79.7148 -0.057938 0.998263 0.0107114 -40.8647 0.0929556 -0.00528837 0.995656 365.606 
0.992538 0.0663593 -0.102296 79.5894 -0.0649498 0.997743 0.0170522 -40.8672 0.103197 -0.0102809 0.994608 366.545 
0.991208 0.0714347 -0.111376 79.35 -0.0707573 0.997443 0.0100276 -40.8583 0.111808 -0.00205873 0.993728 368.43 
0.991074 0.0754101 -0.109936 79.1048 -0.0755237 0.997139 0.00313653 -40.8631 0.109858 0.00519421 0.993934 370.347 
0.991836 0.0751999 -0.102983 78.8663 -0.0752498 0.997159 0.00340595 -40.8781 0.102946 0.00437131 0.994677 372.311 
0.992497 0.0720722 -0.098765 78.7196 -0.072814 0.997338 -0.00392249 -40.8899 0.0982194 0.0110845 0.995103 374.304 
0.993306 0.0674686 -0.0937617 78.398 -0.0687105 0.997586 -0.0100772 -40.945 0.0928554 0.0164522 0.995544 377.391 
0.993102 0.0718613 -0.0926515 78.1867 -0.0727721 0.997328 -0.00648521 -40.9845 0.0919378 0.0131829 0.995677 379.512 
0.992767 0.0756267 -0.0932404 77.9555 -0.0765899 0.99704 -0.00678999 -41.0201 0.0924509 0.0138822 0.99562 381.669 
0.992532 0.0764277 -0.0950711 77.7272 -0.0777063 0.996928 -0.00981424 -41.0465 0.094029 0.0171286 0.995422 383.856 
0.992256 0.0729927 -0.1005 77.5227 -0.0748391 0.997087 -0.014721 -41.1028 0.099133 0.0221284 0.994828 386.07 
0.991554 0.0643684 -0.112591 77.2892 -0.0661686 0.997732 -0.0123212 -41.1638 0.111542 0.0196671 0.993565 388.301 
0.98953 0.0572954 -0.132469 77.0261 -0.0594882 0.998149 -0.0126523 -41.2307 0.131499 0.0204002 0.991106 390.531 
0.986944 0.0531163 -0.152056 76.6917 -0.0559895 0.998324 -0.0146742 -41.2966 0.151022 0.0229962 0.988263 392.746 
0.983889 0.0511511 -0.171309 76.3256 -0.0541427 0.998451 -0.012834 -41.3659 0.170387 0.0219023 0.985134 394.966 
0.982416 0.0502225 -0.179822 76.1143 -0.0533855 0.998492 -0.0127906 -41.3903 0.178909 0.0221656 0.983616 396.065 
0.980825 0.0518067 -0.187877 75.8867 -0.0554763 0.998357 -0.0143226 -41.4153 0.186826 0.0244707 0.982088 397.156 
0.97909 0.0527351 -0.196471 75.6631 -0.0569394 0.998252 -0.0158082 -41.4451 0.195294 0.0266646 0.980382 398.244 
0.977494 0.0517829 -0.204508 75.4298 -0.0564594 0.998259 -0.0170946 -41.478 0.203267 0.0282563 0.978716 399.324 
0.975838 0.0520689 -0.2122 75.1856 -0.0569282 0.998236 -0.0168503 -41.5195 0.210949 0.0285233 0.977081 400.402 
0.974407 0.053434 -0.218348 74.9156 -0.0586084 0.998131 -0.0172859 -41.5529 0.217016 0.0296405 0.975718 401.468 
0.971992 0.0469206 -0.230284 74.4031 -0.0528889 0.998404 -0.0198094 -41.6245 0.228987 0.031434 0.972922 403.598 
0.969723 0.0363396 -0.24149 73.8655 -0.0447771 0.99856 -0.0295422 -41.7039 0.240068 0.0394609 0.969954 405.715 
0.967144 0.0325757 -0.252135 73.3015 -0.0406296 0.998815 -0.0268015 -41.7899 0.250964 0.0361651 0.967321 407.841 
0.964974 0.0308285 -0.260529 72.7549 -0.0389918 0.998895 -0.0262221 -41.8765 0.259433 0.0354621 0.96511 409.974 
0.963509 0.0319915 -0.265757 72.1516 -0.0396549 0.998937 -0.0235192 -41.9652 0.264722 0.0331995 0.963753 412.104 
0.96283 0.0282227 -0.268631 71.5695 -0.0342356 0.999257 -0.0177244 -42.042 0.267931 0.0262623 0.96308 414.245 
0.962792 0.0237801 -0.269196 71.2556 -0.0297247 0.999396 -0.0180276 -42.0742 0.268604 0.0253586 0.962917 415.302 
0.962484 0.0142982 -0.270961 70.6433 -0.0198312 0.999647 -0.0176928 -42.1439 0.270612 0.0224026 0.962428 417.434 
0.962008 0.0114114 -0.272782 70.0328 -0.0168599 0.999702 -0.0176382 -42.2239 0.2725 0.0215672 0.961914 419.584 
0.961008 0.0109367 -0.276305 69.4316 -0.0154711 0.999779 -0.0142365 -42.3031 0.276089 0.0179561 0.960964 421.752 
0.960229 0.0159207 -0.278761 68.7929 -0.0191903 0.999775 -0.00900412 -42.3667 0.278555 0.0139955 0.960318 423.906 
0.960031 0.0219231 -0.279033 68.1627 -0.0243666 0.999689 -0.00529121 -42.4169 0.27883 0.0118788 0.960267 426.047 
0.961082 0.0253038 -0.275102 67.5123 -0.0269565 0.999634 -0.00222805 -42.47 0.274945 0.00955714 0.961412 428.179 
0.961408 0.0263615 -0.273861 67.2162 -0.0273466 0.999626 0.000220366 -42.4964 0.273764 0.0072773 0.961769 429.249 
0.961692 0.0284422 -0.272654 66.9194 -0.0289193 0.999579 0.00226959 -42.5139 0.272604 0.0057023 0.96211 430.316 
0.961921 0.0316049 -0.271493 66.6459 -0.0315553 0.999492 0.00454959 -42.5203 0.271499 0.00419069 0.96243 431.394 
0.962724 0.0329215 -0.268475 66.0313 -0.0325361 0.999453 0.00588582 -42.5434 0.268522 0.00306873 0.963269 433.508 
0.963501 0.0332426 -0.265632 65.4372 -0.0325636 0.999445 0.00696118 -42.5766 0.265716 0.00194282 0.964049 435.605 
0.964029 0.0307468 -0.264013 64.8735 -0.0281789 0.999512 0.0135087 -42.6009 0.2643 -0.00558315 0.964424 437.706 
0.964633 0.0288214 -0.262018 64.3093 -0.0257952 0.999555 0.0149826 -42.6109 0.262333 -0.00769394 0.964947 439.782 
0.965018 0.0235269 -0.261128 63.7738 -0.0203528 0.999683 0.0148537 -42.619 0.261394 -0.00901938 0.96519 441.837 
0.965066 0.0159073 -0.261525 63.2162 -0.0127488 0.999824 0.0137695 -42.6231 0.261698 -0.00995436 0.965099 443.864 
0.965172 0.0147886 -0.261198 62.6621 -0.0108683 0.999806 0.0164473 -42.6359 0.26139 -0.0130357 0.965145 445.876 
0.965084 0.0159925 -0.261453 62.1093 -0.0111969 0.999741 0.0198215 -42.6411 0.261702 -0.016202 0.965013 447.865 
0.964933 0.0155977 -0.262031 61.5686 -0.0110173 0.99976 0.0189405 -42.6458 0.262263 -0.0153895 0.964874 449.828 
0.964672 0.0146684 -0.263044 60.75 -0.0088606 0.99969 0.023252 -42.6586 0.263304 -0.0200998 0.964504 452.727 
0.964589 0.0166337 -0.263234 59.9208 -0.0106858 0.999655 0.0240111 -42.6436 0.263542 -0.0203479 0.964433 455.574 
0.964583 0.019278 -0.263073 59.3952 -0.012417 0.999539 0.027718 -42.6391 0.263486 -0.0234698 0.964378 457.461 
0.964429 0.0215526 -0.263462 58.8823 -0.0134709 0.999383 0.0324433 -42.6191 0.263999 -0.0277402 0.964124 459.329 
0.9639 0.0214335 -0.265402 58.3605 -0.0111521 0.99913 0.0401857 -42.5894 0.266032 -0.0357752 0.9633 461.181 
0.962951 0.0190608 -0.269002 57.8287 -0.00704871 0.998937 0.0455499 -42.5422 0.269585 -0.0419662 0.962062 463.018 
0.96187 0.0164935 -0.27301 57.3371 -0.00344092 0.998831 0.0482198 -42.4925 0.273486 -0.0454418 0.960802 464.843 
0.961406 0.0165235 -0.274638 57.0719 -0.00311626 0.998785 0.0491826 -42.4671 0.275117 -0.0464285 0.960289 465.743 
0.961036 0.0148641 -0.276025 56.5652 -0.00103013 0.998739 0.0501961 -42.4077 0.276423 -0.0479559 0.959839 467.528 
0.961336 0.0158202 -0.274925 56.2874 -0.00209893 0.99874 0.0501319 -42.375 0.275372 -0.0476166 0.960158 468.4 
0.961314 0.0135833 -0.27512 56.0884 -3.89471e-05 0.99879 0.0491765 -42.3167 0.275455 -0.0472633 0.960151 469.282 
0.961983 0.00928791 -0.27295 55.7936 0.00423119 0.998795 0.0488993 -42.3006 0.273075 -0.0481952 0.960785 470.127 
0.962417 0.00792579 -0.271462 55.3087 0.00597339 0.998714 0.0503367 -42.2384 0.271512 -0.0500664 0.961132 471.82 
0.962207 0.00685179 -0.272233 54.9034 0.00591661 0.998921 0.046054 -42.1526 0.272255 -0.0459241 0.961129 473.5 
0.962656 0.00665468 -0.270647 54.4415 0.00548662 0.999013 0.0440789 -42.1252 0.270673 -0.0439178 0.961669 475.084 
