1 1.19763e-11 1.70464e-10 0 1.19763e-11 1 3.5625e-10 -1.11022e-16 1.70464e-10 3.5625e-10 1 2.22045e-16 
0.999997 -0.000306863 0.00226575 0.0104687 0.000307558 1 -0.000306419 -0.0393446 -0.00226566 0.000307115 0.999997 2.39332 
0.99998 -0.00245569 0.00580698 -0.0372373 0.00245782 0.999997 -0.000359814 -0.0833797 -0.00580608 0.000374079 0.999983 4.77081 
0.999972 -0.00194099 0.00725809 -5.22836e-06 0.00195016 0.999997 -0.00125635 -0.120101 -0.00725563 0.00127047 0.999973 7.16198 
0.99996 0.000372892 0.00892802 0.0354833 -0.000368549 1 -0.000488012 -0.146333 -0.0089282 0.000484702 0.99996 9.5396 
0.99998 0.000291488 0.00639159 0.0538105 -0.000291614 1 1.87214e-05 -0.18586 -0.00639158 -2.05849e-05 0.99998 11.9228 
0.999998 0.00076908 0.00201783 0.0890503 -0.000767936 1 -0.000567925 -0.222896 -0.00201827 0.000566375 0.999998 14.3049 
0.999996 0.00270131 0.000549958 0.0927664 -0.00270102 0.999996 -0.000529857 -0.275247 -0.000551387 0.00052837 1 17.8804 
0.999994 0.00335827 -0.000266252 0.0789063 -0.00335865 0.999993 -0.00142007 -0.318857 0.000261481 0.00142096 0.999999 20.269 
0.999981 0.00570376 -0.00216491 0.138983 -0.0057089 0.999981 -0.00237348 -0.337719 0.00215133 0.00238579 0.999995 22.652 
0.999985 0.0044662 -0.00321838 0.0718332 -0.00447534 0.999986 -0.00283903 -0.404009 0.00320565 0.00285339 0.999991 25.0387 
0.999978 0.00542103 -0.00388006 0.0533123 -0.0054236 0.999985 -0.000652165 -0.442352 0.00387646 0.000673194 0.999992 27.4391 
0.999963 0.00700494 -0.00506921 0.023935 -0.00702176 0.99997 -0.00330799 -0.480563 0.00504588 0.00334346 0.999982 31.0237 
0.999951 0.00466526 -0.00873911 0.00201034 -0.0046844 0.999987 -0.00217091 -0.545561 0.00872887 0.00221174 0.999959 33.4172 
0.999929 0.00514385 -0.0107256 0.0238684 -0.00516572 0.999985 -0.00201208 -0.592334 0.0107151 0.00206735 0.99994 35.8014 
0.99993 0.00397135 -0.0111465 -0.0145475 -0.0039897 0.999991 -0.00162457 -0.630144 0.0111399 0.00166893 0.999937 38.1938 
0.999932 0.00208993 -0.0115102 -0.082708 -0.00207804 0.999997 0.00104533 -0.698598 0.0115124 -0.00102134 0.999933 40.5863 
0.999929 0.00470682 -0.010974 -0.130321 -0.004699 0.999989 0.000738143 -0.741356 0.0109773 -0.000686524 0.99994 42.9779 
0.999909 0.0117981 -0.00659172 -0.164293 -0.0117447 0.999898 0.00808218 -0.783371 0.00668641 -0.00800403 0.999946 46.5698 
0.999945 0.00971078 -0.00391865 -0.206857 -0.00965956 0.99987 0.0128848 -0.810621 0.00404327 -0.0128463 0.999909 48.9807 
0.999934 0.0113954 0.00137207 -0.360518 -0.0114066 0.999899 0.00851812 -0.821014 -0.00127486 -0.00853321 0.999963 51.4481 
0.999937 0.0110606 0.00195364 -0.353514 -0.0110754 0.999909 0.00772925 -0.851098 -0.00186797 -0.0077504 0.999968 53.8399 
0.99991 0.0134312 -0.000477594 -0.338793 -0.0134276 0.999887 0.00681289 -0.864187 0.000569045 -0.00680587 0.999977 56.2472 
0.999938 0.0104777 -0.00363679 -0.382052 -0.0104447 0.999905 0.00897868 -0.908325 0.00373052 -0.00894014 0.999953 58.6606 
0.999922 0.00996827 -0.00748434 -0.395552 -0.00989971 0.999909 0.00914301 -0.949305 0.0075748 -0.0090682 0.99993 61.0794 
0.999934 0.00846957 -0.00773294 -0.406694 -0.00841316 0.999938 0.00729891 -0.958242 0.00779428 -0.00723337 0.999943 63.4872 
0.999937 0.00719597 -0.00866792 -0.418146 -0.00710799 0.999923 0.0101394 -0.980489 0.00874022 -0.0100771 0.999911 65.8916 
0.999936 0.00620564 -0.00950809 -0.495798 -0.0061314 0.999951 0.00781771 -1.02562 0.00955614 -0.00775891 0.999924 68.2848 
0.999922 0.00522059 -0.0113781 -0.539126 -0.00511891 0.999947 0.00894701 -1.06963 0.0114242 -0.00888806 0.999895 70.6678 
0.999937 0.00444037 -0.0103201 -0.605371 -0.00433203 0.999936 0.0104967 -1.10102 0.010366 -0.0104513 0.999892 73.0452 
0.999961 0.00682591 -0.00557826 -0.611685 -0.00677514 0.999936 0.00907008 -1.11368 0.00563981 -0.00903194 0.999943 75.4093 
0.999978 0.00658294 -0.000193262 -0.617404 -0.00658225 0.999973 0.00339189 -1.13477 0.000215585 -0.00339054 0.999994 77.7599 
0.999952 0.00727148 0.00652226 -0.61501 -0.00732333 0.999941 0.00796045 -1.15786 -0.00646399 -0.00800783 0.999947 80.1456 
0.999862 0.00832273 0.0144084 -0.589415 -0.00836658 0.999961 0.00298585 -1.18172 -0.014383 -0.00310598 0.999892 82.478 
0.999758 0.00637416 0.0210546 -0.560662 -0.00634948 0.999979 -0.00123919 -1.2296 -0.0210621 0.00110521 0.999778 84.7888 
0.999556 0.008698 0.0284845 -0.511202 -0.00873531 0.999961 0.00118588 -1.28082 -0.0284731 -0.00143417 0.999594 87.1058 
0.999337 0.00896186 0.0352848 -0.433736 -0.00885767 0.999956 -0.0031079 -1.32975 -0.0353111 0.0027933 0.999372 89.407 
0.999146 0.0059266 0.0409032 -0.331234 -0.00584292 0.999981 -0.00216509 -1.38485 -0.0409153 0.00192424 0.999161 91.7096 
0.999055 0.00416023 0.0432631 -0.304504 -0.00414446 0.999991 -0.000454336 -1.41892 -0.0432646 0.000274605 0.999064 92.8649 
0.998845 0.00132344 0.0480237 -0.175295 -0.00143349 0.999996 0.00225729 -1.45492 -0.0480206 -0.00232352 0.998844 95.1683 
0.998631 -0.000804301 0.0523056 -0.0335352 0.00099931 0.999993 -0.0037022 -1.49123 -0.0523023 0.0037494 0.998624 97.4728 
0.998426 -0.000640448 0.0560864 0.0701491 0.00106188 0.999971 -0.00748441 -1.54308 -0.05608 0.00753219 0.998398 99.7798 
0.998613 -0.00177417 0.0526155 0.320845 0.00194976 0.999993 -0.00328613 -1.63678 -0.0526092 0.00338416 0.998609 103.326 
0.99901 -0.000510524 0.0444744 0.50949 0.000600722 0.999998 -0.00201475 -1.70567 -0.0444732 0.00203947 0.999008 106.912 
0.999461 0.00104314 0.0328243 0.600345 -0.000998285 0.999999 -0.00138297 -1.75418 -0.0328257 0.00134946 0.99946 110.531 
0.999719 -0.000909695 0.0236934 0.661579 0.000908116 1 7.74106e-05 -1.79515 -0.0236935 -5.58725e-05 0.999719 112.958 
0.999906 -0.000715092 0.0137199 0.678043 0.000713655 1 0.000109627 -1.83426 -0.01372 -9.98249e-05 0.999906 115.396 
0.999992 -0.00170105 0.00369356 0.66462 0.00170421 0.999998 -0.000853072 -1.87301 -0.0036921 0.000859359 0.999993 117.84 
0.999993 0.002966 -0.00210756 0.684538 -0.0029679 0.999995 -0.000896482 -1.90895 0.00210489 0.000902731 0.999997 120.296 
0.999969 0.00627652 -0.00478854 0.705283 -0.00628125 0.99998 -0.000972734 -1.94857 0.00478234 0.00100278 0.999988 122.763 
0.999964 0.00575624 -0.00630197 0.643068 -0.00575413 0.999983 0.000354042 -1.99592 0.00630391 -0.000317767 0.99998 125.233 
0.999918 0.00980884 -0.00829175 0.590886 -0.00976498 0.999938 0.00531386 -2.05303 0.00834336 -0.00523245 0.999952 128.977 
0.99994 0.00563346 -0.00944165 0.543333 -0.00557592 0.999966 0.00610966 -2.08011 0.00947574 -0.00605664 0.999937 132.73 
0.999949 -0.00142404 -0.00999216 0.511615 0.0014961 0.999973 0.00720828 -2.11723 0.00998163 -0.00722287 0.999924 136.519 
0.999947 -0.0034219 -0.00969511 0.515124 0.00347789 0.999977 0.00576487 -2.1353 0.00967517 -0.00579828 0.999936 139.054 
0.999956 -0.00359538 -0.00864029 0.483596 0.00366386 0.999962 0.00792327 -2.1561 0.00861148 -0.00795458 0.999931 141.605 
0.999965 -0.00217242 -0.0081123 0.46593 0.00223508 0.999968 0.00772251 -2.18502 0.00809526 -0.00774037 0.999937 144.147 
0.999973 -0.00306835 -0.00660706 0.386629 0.00306664 0.999995 -0.000268878 -2.26285 0.00660786 0.00024861 0.999978 147.961 
0.999976 -0.00345868 -0.0059391 0.350807 0.00343166 0.999984 -0.00455425 -2.3206 0.00595475 0.00453376 0.999972 150.489 
0.999981 -0.00130461 -0.00606269 0.373309 0.00128003 0.999991 -0.00405707 -2.3575 0.00606792 0.00404923 0.999973 153.022 
0.999978 0.000116953 -0.00659232 0.357137 -0.000133288 0.999997 -0.00247758 -2.40821 0.00659201 0.0024784 0.999975 155.548 
0.999963 0.00256291 -0.00823683 0.347789 -0.00258243 0.999994 -0.00235984 -2.46206 0.00823073 0.00238103 0.999963 158.068 
0.999942 0.00322993 -0.010228 0.300289 -0.00324825 0.999993 -0.00177526 -2.53685 0.0102222 0.00180839 0.999946 161.842 
0.999911 0.00714522 -0.0113015 0.240232 -0.00719314 0.999965 -0.0042054 -2.59889 0.011271 0.00428632 0.999927 165.617 
0.999895 0.00736879 -0.0124729 0.138662 -0.0074133 0.999966 -0.00352612 -2.69092 0.0124465 0.00361822 0.999916 169.404 
0.999886 0.00760427 -0.0130395 0.0809063 -0.00764374 0.999966 -0.00297977 -2.73519 0.0130164 0.0030791 0.999911 171.934 
0.999835 0.0100856 -0.015081 0.0152676 -0.0101444 0.999941 -0.00382995 -2.82259 0.0150415 0.00398231 0.999879 175.696 
0.999815 0.010313 -0.0162543 -0.0343356 -0.0104157 0.999926 -0.00624635 -2.89543 0.0161887 0.00641449 0.999848 179.485 
0.999807 0.00997006 -0.016937 -0.0223188 -0.0100165 0.999946 -0.00265889 -2.93284 0.0169095 0.00282803 0.999853 182.008 
0.999816 0.00892736 -0.0169811 -0.0835099 -0.00891114 0.99996 0.00103036 -2.98411 0.0169896 -0.00087885 0.999855 184.527 
0.999808 0.0108628 -0.0162782 -0.152494 -0.0109285 0.999932 -0.00395406 -3.0359 0.0162341 0.0041312 0.99986 187.03 
0.999799 0.0101153 -0.0173226 -0.166417 -0.0101677 0.999944 -0.00293416 -3.0693 0.0172919 0.0031097 0.999846 189.524 
0.999843 0.00887464 -0.0153471 -0.225344 -0.00889595 0.99996 -0.00132042 -3.118 0.0153347 0.00145674 0.999881 193.251 
0.999859 0.00998703 -0.0134801 -0.188062 -0.0100541 0.999937 -0.00491835 -3.13658 0.0134302 0.00505319 0.999897 195.708 
0.999892 0.00721449 -0.0128126 -0.189723 -0.00727494 0.999963 -0.00467772 -3.19765 0.0127784 0.00477042 0.999907 198.108 
0.999916 0.00836584 -0.00988837 -0.236596 -0.00838813 0.999962 -0.00221461 -3.26063 0.00986947 0.00229737 0.999949 200.527 
0.999954 0.00655755 -0.00702609 -0.31261 -0.00657061 0.999977 -0.0018375 -3.32493 0.00701388 0.00188358 0.999974 202.925 
0.999954 0.00784079 -0.00547001 -0.279811 -0.00785179 0.999967 -0.00199289 -3.37793 0.00545421 0.00203575 0.999983 206.46 
0.999974 0.00474232 -0.00535657 -0.319863 -0.00474528 0.999989 -0.000540805 -3.45443 0.00535394 0.00056621 0.999986 209.896 
0.99996 0.00637719 -0.00632929 -0.327575 -0.00639013 0.999978 -0.00202699 -3.4928 0.00631622 0.00206736 0.999978 212.104 
0.999952 0.00751483 -0.00622018 -0.385596 -0.00753168 0.999968 -0.00269027 -3.55268 0.00619976 0.00273699 0.999977 214.257 
0.99993 0.00822858 -0.00854999 -0.410605 -0.00824453 0.999964 -0.00183229 -3.60497 0.00853461 0.00190265 0.999962 216.362 
0.999884 0.00957491 -0.0118068 -0.423905 -0.00956264 0.999954 0.00109521 -3.63879 0.0118167 -0.000982185 0.99993 218.406 
0.999804 0.0104351 -0.0168482 -0.471265 -0.0104201 0.999945 0.000978419 -3.68717 0.0168575 -0.000802666 0.999858 220.385 
0.999652 0.00994511 -0.0244228 -0.489619 -0.00990106 0.999949 0.001924 -3.72929 0.0244407 -0.00168152 0.9997 222.287 
0.999484 0.00961166 -0.0306591 -0.53689 -0.00957219 0.999953 0.00143414 -3.77416 0.0306714 -0.00113993 0.999529 224.101 
0.999241 0.0111515 -0.0373325 -0.598677 -0.0111196 0.999938 0.00106194 -3.81685 0.037342 -0.000646009 0.999302 225.827 
0.998976 0.0134569 -0.0432049 -0.662679 -0.0134485 0.999909 0.000484298 -3.85159 0.0432075 9.72413e-05 0.999066 227.467 
0.998948 0.0140846 -0.0436519 -0.74079 -0.014018 0.9999 0.00183061 -3.88065 0.0436733 -0.00121677 0.999045 229.036 
0.998987 0.0138396 -0.0428288 -0.818808 -0.0137598 0.999903 0.00215612 -3.91413 0.0428545 -0.00156462 0.99908 230.534 
0.999035 0.0130147 -0.04195 -0.906248 -0.013094 0.999913 -0.00161485 -3.95668 0.0419253 0.00216258 0.999118 231.994 
0.999117 0.0145745 -0.0394082 -0.960385 -0.014722 0.999886 -0.00345382 -3.98671 0.0393533 0.00403093 0.999217 233.436 
0.999254 0.0147713 -0.0356949 -1.01111 -0.0149126 0.999882 -0.00369545 -4.01673 0.0356361 0.00422499 0.999356 234.867 
0.999413 0.0151371 -0.0307361 -1.07054 -0.0152831 0.999873 -0.00452058 -4.04567 0.0306638 0.00498767 0.999517 236.282 
0.999605 0.0153355 -0.023543 -1.12322 -0.0154196 0.999875 -0.00339444 -4.07969 0.023488 0.00375612 0.999717 237.685 
0.999725 0.0156215 -0.0174846 -1.14472 -0.0156768 0.999873 -0.00303515 -4.1081 0.0174349 0.00330842 0.999843 239.065 
0.999816 0.0152898 -0.0116265 -1.164 -0.0153328 0.999876 -0.00361761 -4.13836 0.0115697 0.00379521 0.999926 240.439 
0.99988 0.0140324 -0.00663122 -1.18697 -0.0140632 0.99989 -0.00462177 -4.17699 0.00656564 0.00471447 0.999967 241.815 
0.999904 0.0137476 -0.00177929 -1.1921 -0.0137535 0.9999 -0.00334814 -4.20688 0.00173309 0.00337229 0.999993 243.212 
0.99992 0.0124466 0.00241677 -1.19837 -0.0124342 0.99991 -0.00509145 -4.23949 -0.00247993 0.00506099 0.999984 244.619 
0.999923 0.0116544 0.00426201 -1.20299 -0.0116152 0.999891 -0.00910984 -4.26954 -0.00436772 0.00905964 0.999949 246.041 
0.999937 0.0101088 0.00481259 -1.22003 -0.0100614 0.999902 -0.0097848 -4.31234 -0.00491103 0.00973576 0.999941 247.487 
0.999922 0.0113012 0.0052356 -1.2341 -0.0112451 0.99988 -0.0106248 -4.35269 -0.00535505 0.0105651 0.99993 248.96 
0.99992 0.0111913 0.0058546 -1.23237 -0.0111175 0.99986 -0.0125003 -4.37124 -0.00599367 0.0124342 0.999905 249.705 
0.999975 0.00429329 0.00560133 -1.17734 -0.00420637 0.999872 -0.0154387 -4.41499 -0.0056669 0.0154147 0.999865 251.209 
0.999939 0.00909295 0.00630619 -1.19891 -0.0090579 0.999943 -0.00556495 -4.45582 -0.00635643 0.00550749 0.999965 252.765 
0.999937 0.00606035 0.00944096 -1.21263 -0.0060196 0.999972 -0.00433812 -4.49923 -0.00946699 0.00428101 0.999946 254.344 
0.999824 0.00744825 0.0171994 -1.22245 -0.00720806 0.999876 -0.0139851 -4.53434 -0.0173014 0.0138587 0.999754 255.944 
0.999684 0.00687269 0.0241814 -1.22707 -0.0066009 0.999914 -0.0113017 -4.57984 -0.024257 0.0111385 0.999644 257.589 
0.999536 9.73165e-05 0.0304498 -1.20513 8.79881e-05 0.999981 -0.00608418 -4.63172 -0.0304498 0.00608404 0.999518 259.259 
0.999333 0.000760606 0.0365019 -1.17882 -0.000473507 0.999969 -0.00787331 -4.67253 -0.0365067 0.00785077 0.999303 260.951 
0.999158 0.000741505 0.0410307 -1.13118 -0.000318137 0.999947 -0.0103239 -4.71166 -0.0410362 0.0103021 0.999105 262.634 
0.99891 0.000883711 0.0466661 -1.06049 -0.000574642 0.999978 -0.006636 -4.75454 -0.0466709 0.00660195 0.998889 264.313 
0.998651 0.00205586 0.0518889 -0.98199 -0.00169183 0.999974 -0.00705838 -4.80278 -0.051902 0.00696107 0.998628 265.991 
0.998367 -0.00155676 0.0570974 -0.899165 0.00196634 0.999973 -0.00711775 -4.83422 -0.0570848 0.0072184 0.998343 267.681 
0.998287 -0.00504447 0.0582836 -0.802435 0.00547227 0.999959 -0.00718273 -4.87575 -0.058245 0.00748937 0.998274 269.375 
0.998312 -0.0050705 0.057862 -0.694156 0.00545789 0.999964 -0.00653888 -4.91776 -0.0578267 0.00684364 0.998303 271.076 
0.998418 -0.00541736 0.0559567 -0.618128 0.00581013 0.99996 -0.006859 -4.97004 -0.0559173 0.00717327 0.99841 272.795 
0.998649 -0.00586044 0.0516234 -0.516748 0.00632903 0.99994 -0.00891837 -5.00836 -0.051568 0.00923306 0.998627 274.496 
0.998864 -0.00711607 0.0471162 -0.43436 0.00756334 0.999928 -0.00932155 -5.06508 -0.0470464 0.00966731 0.998846 276.184 
0.999132 -0.00887397 0.0407076 -0.35496 0.00917756 0.999931 -0.00727715 -5.11395 -0.0406402 0.00764443 0.999145 277.857 
0.999428 -0.0107912 0.0320454 -0.309005 0.0109038 0.999935 -0.00334061 -5.15523 -0.0320072 0.00368812 0.999481 279.543 
0.999668 -0.0112481 0.0232002 -0.28703 0.0112777 0.999936 -0.00114611 -5.19995 -0.0231859 0.00140737 0.99973 281.202 
0.999822 -0.0101513 0.0159321 -0.288133 0.0101634 0.999948 -0.000679186 -5.23217 -0.0159244 0.00084099 0.999873 282.822 
0.999926 -0.0073387 0.00974617 -0.294451 0.00735138 0.999972 -0.00126528 -5.26293 -0.00973662 0.00133684 0.999952 284.37 
0.999957 -0.0090905 0.00176097 -0.303739 0.00909259 0.999958 -0.00117985 -5.2952 -0.00175017 0.00119581 0.999998 285.844 
0.999946 -0.00818529 -0.00642244 -0.342145 0.00816388 0.999961 -0.00335248 -5.33267 0.00644963 0.00329987 0.999974 287.235 
0.999758 -0.00492885 -0.021428 -0.354063 0.00478302 0.999965 -0.00685136 -5.37502 0.021461 0.00674721 0.999747 288.551 
0.998907 -0.00857816 -0.0459543 -0.435354 0.00820025 0.999931 -0.00840573 -5.40284 0.0460232 0.0080197 0.998908 289.802 
0.994781 -0.00373762 -0.101962 -0.723127 0.00299935 0.999968 -0.00739301 -5.46742 0.101986 0.00704861 0.994761 291.579 
0.975339 0.00208024 -0.220703 -1.10146 -0.00313962 0.999985 -0.00444932 -5.52031 0.220691 0.00503252 0.975331 293.764 
0.927746 0.00631591 -0.37316 -1.80247 -0.0050367 0.999978 0.00440293 -5.57608 0.373179 -0.0022053 0.927757 295.695 
0.868268 0.00404798 -0.496079 -2.58354 -0.000184538 0.999969 0.00783671 -5.58762 0.496096 -0.00671281 0.868242 296.961 
0.782026 0.00526764 -0.623223 -3.49523 0.00224105 0.999934 0.0112638 -5.6149 0.623241 -0.0102053 0.781963 298.071 
0.709469 0.00397913 -0.704725 -4.21579 0.00696887 0.999896 0.0126615 -5.61704 0.704702 -0.0138941 0.709367 298.646 
0.622249 0.00435207 -0.782808 -5.03149 0.0141855 0.999758 0.0168342 -5.59593 0.782691 -0.0215795 0.622036 299.064 
0.51762 0.0140464 -0.855495 -5.80989 0.00972656 0.999704 0.0222993 -5.60282 0.855555 -0.0198636 0.51733 299.467 
0.405762 0.0203977 -0.913751 -6.62063 0.00726593 0.999647 0.0255417 -5.60285 0.91395 -0.0170031 0.405471 299.736 
0.291648 0.0254388 -0.956187 -7.43691 0.00896882 0.99953 0.0293275 -5.58203 0.956484 -0.0171292 0.291283 299.872 
0.174152 0.0316645 -0.98421 -8.27211 0.0110649 0.999357 0.0341097 -5.55392 0.984657 -0.0168304 0.173689 299.889 
-0.0188914 0.0484685 -0.998646 -9.58064 0.0120857 0.998762 0.0482456 -5.53628 0.999748 -0.0111579 -0.0194538 299.769 
-0.216341 0.0666738 -0.974039 -10.9572 0.015966 0.997774 0.0647524 -5.48678 0.976187 -0.00154289 -0.216924 299.371 
-0.403504 0.0736675 -0.912008 -12.3367 0.0267848 0.997277 0.0687046 -5.40037 0.914586 0.00329466 -0.404378 298.749 
-0.511182 0.075155 -0.85618 -13.2249 0.0313154 0.997137 0.0688313 -5.36664 0.858902 0.0083737 -0.512072 298.157 
-0.599317 0.0772735 -0.796774 -14.1221 0.0363901 0.996931 0.0693135 -5.2988 0.799685 0.0125461 -0.600289 297.454 
-0.676083 0.0894172 -0.73138 -15.0934 0.0520641 0.995925 0.0736325 -5.22688 0.734984 0.011703 -0.677983 296.624 
-0.744801 0.0977947 -0.660082 -16.004 0.0636099 0.995103 0.0756559 -5.14365 0.664248 0.0143608 -0.747374 295.588 
-0.776405 0.0958792 -0.622898 -16.4629 0.0659017 0.995293 0.0710573 -5.09287 0.626779 0.0141192 -0.779069 295.024 
-0.827669 0.0873961 -0.55437 -17.2158 0.0658714 0.996101 0.0586893 -4.99593 0.557337 0.0120582 -0.830199 293.756 
-0.872832 0.085565 -0.48046 -18.0213 0.0685876 0.996246 0.0528207 -4.92729 0.483176 0.01315 -0.875424 292.377 
-0.909798 0.0813833 -0.406994 -18.6963 0.0674798 0.996545 0.0484261 -4.86048 0.409528 0.0165942 -0.912146 290.815 
-0.9404 0.085275 -0.329205 -19.3037 0.0739098 0.996161 0.0469096 -4.79384 0.331942 0.0197823 -0.943093 289.128 
-0.963527 0.0865796 -0.25322 -19.8437 0.0769299 0.995891 0.047784 -4.72674 0.256317 0.0265609 -0.966228 287.335 
-0.985334 0.0818027 -0.149753 -20.3561 0.0769622 0.996315 0.0378483 -4.62526 0.152298 0.0257679 -0.987999 284.392 
-0.995134 0.0792119 -0.0586026 -20.6227 0.0773084 0.996425 0.0340688 -4.53743 0.0610918 0.0293725 -0.9977 281.202 
-0.997168 0.0734638 0.0161011 -20.622 0.0739714 0.996694 0.033597 -4.45382 -0.0135797 0.0346929 -0.999306 277.775 
-0.995926 0.0632827 0.0642322 -20.3649 0.0651997 0.997474 0.0282 -4.39578 -0.0622854 0.0322731 -0.997536 274.211 
-0.995675 0.0547936 0.0750271 -20.1603 0.0572347 0.997886 0.0307818 -4.33737 -0.0731818 0.0349428 -0.996706 271.74 
-0.996083 0.0496185 0.0731936 -19.9503 0.0518145 0.998252 0.0284136 -4.28941 -0.0716558 0.0320948 -0.996913 269.207 
-0.99642 0.0493947 0.0686096 -19.7806 0.0515576 0.998216 0.0301188 -4.21758 -0.0669995 0.0335483 -0.997189 266.604 
-0.997146 0.0464156 0.0595486 -19.6073 0.0484338 0.998284 0.0329073 -4.16628 -0.057919 0.0356976 -0.997683 263.954 
-0.997815 0.0449086 0.0484667 -19.4664 0.0467184 0.998227 0.0368765 -4.10689 -0.0467247 0.0390602 -0.998144 261.291 
-0.998358 0.0430548 0.0377762 -19.3331 0.0444261 0.998355 0.0362449 -4.05373 -0.0361536 0.0378637 -0.998629 258.636 
-0.998776 0.0414944 0.0269291 -19.2187 0.0424388 0.998468 0.0354995 -4.02553 -0.0254148 0.0365989 -0.999007 255.961 
-0.999009 0.0410521 0.0172165 -19.1716 0.0417338 0.998275 0.0413035 -3.95422 -0.0154912 0.0419811 -0.998998 253.272 
-0.999052 0.0425685 0.00915073 -19.1395 0.0429067 0.998252 0.0406476 -3.89582 -0.00740443 0.0410017 -0.999132 250.569 
-0.999085 0.0426008 0.00375582 -19.1424 0.0427091 0.998431 0.0362234 -3.81213 -0.00220678 0.0363506 -0.999337 247.867 
-0.999158 0.0410248 -0.000545709 -19.1493 0.0409783 0.998506 0.036134 -3.75749 0.00202729 0.0360813 -0.999347 245.139 
-0.999075 0.0429104 -0.00283345 -19.1299 0.0427705 0.99835 0.0383231 -3.70505 0.00447323 0.0381665 -0.999261 242.401 
-0.999051 0.0434608 -0.00295433 -19.1093 0.0433143 0.998313 0.0386628 -3.65854 0.00462966 0.0384982 -0.999248 239.654 
-0.998716 0.0506527 -0.00105371 -19.0591 0.0505828 0.998081 0.0357223 -3.6263 0.00286112 0.0356231 -0.999361 236.965 
-0.998624 0.0524219 0.0011683 -19.0564 0.0524274 0.997854 0.0392307 -3.55888 0.000890758 0.039238 -0.999229 234.183 
-0.998748 0.0499284 0.0029319 -19.0334 0.0500065 0.997917 0.0407674 -3.49167 -0.000890342 0.040863 -0.999164 231.383 
-0.998867 0.0474218 0.00386784 -18.9857 0.0475391 0.998061 0.0401858 -3.44074 -0.00195465 0.0403242 -0.999185 228.579 
-0.998802 0.0487078 0.00472817 -18.9773 0.0488482 0.99814 0.0364766 -3.37296 -0.00294268 0.0366639 -0.999323 225.775 
-0.998707 0.0505633 0.00519513 -18.936 0.0507246 0.99799 0.0379864 -3.32262 -0.00326397 0.0382008 -0.999265 222.939 
-0.99882 0.0484136 0.00394263 -18.8637 0.0485313 0.998049 0.0392738 -3.23235 -0.00203356 0.0394188 -0.999221 218.673 
-0.998747 0.0497607 0.00530534 -18.8442 0.04993 0.997993 0.0389425 -3.16369 -0.00335689 0.0391586 -0.999227 215.808 
-0.998667 0.0512944 0.0057455 -18.8197 0.0514825 0.997886 0.0396686 -3.09975 -0.00369857 0.0399115 -0.999196 212.928 
-0.998584 0.0528943 0.00568569 -18.788 0.0530712 0.997882 0.0376108 -3.03414 -0.00368425 0.0378593 -0.999276 210.037 
-0.998598 0.0526532 0.00546783 -18.7527 0.0528173 0.997947 0.0362329 -2.97299 -0.00354883 0.0364709 -0.999328 207.129 
-0.998783 0.0489699 0.00580135 -18.7616 0.0491622 0.998001 0.0397165 -2.8962 -0.00384485 0.0399534 -0.999194 204.226 
-0.998739 0.049829 0.00609647 -18.7435 0.0500291 0.99799 0.0388925 -2.82252 -0.00414624 0.0391485 -0.999225 201.299 
-0.998733 0.0500073 0.00555995 -18.7298 0.0501911 0.997927 0.0402761 -2.7396 -0.00353433 0.0405041 -0.999173 198.367 
-0.99876 0.0496472 0.00366041 -18.6782 0.0497591 0.997827 0.0431841 -2.68294 -0.00150848 0.0433127 -0.99906 195.448 
-0.998839 0.0481581 0.00134299 -18.6399 0.0481708 0.997884 0.0436715 -2.6094 0.000762988 0.0436855 -0.999045 192.533 
-0.998754 0.0499014 4.21919e-05 -18.6347 0.0498608 0.997906 0.0412084 -2.52728 0.00201426 0.0411592 -0.999151 189.644 
-0.998751 0.049957 -0.00123241 -18.6145 0.0498637 0.997903 0.0412703 -2.46196 0.00329157 0.0411573 -0.999147 186.747 
-0.998534 0.0541319 -0.000469058 -18.6212 0.0540638 0.997644 0.0422361 -2.40881 0.00275427 0.0421488 -0.999108 183.972 
-0.998472 0.0552529 -0.000834929 -18.6407 0.0551607 0.99748 0.0446276 -2.34901 0.00329863 0.0445133 -0.999003 181.102 
-0.998449 0.0554914 -0.00449181 -18.6473 0.0552538 0.997584 0.0421153 -2.2713 0.006818 0.0418018 -0.999103 178.245 
-0.998414 0.0556546 -0.00851902 -18.6949 0.0552171 0.997458 0.0450394 -2.18007 0.011004 0.0444976 -0.998949 175.402 
-0.998324 0.0564508 -0.0127232 -18.7186 0.05584 0.997465 0.04411 -2.10502 0.015181 0.0433257 -0.998946 172.596 
-0.998154 0.0584823 -0.0163917 -18.7482 0.0576565 0.99723 0.0469925 -2.05025 0.0190945 0.0459607 -0.998761 169.856 
-0.998207 0.0559004 -0.0213882 -18.7835 0.0548392 0.997372 0.0473424 -1.99283 0.0239784 0.0460846 -0.99865 167.195 
-0.998316 0.0526851 -0.0242659 -18.8732 0.051424 0.997427 0.0499508 -1.92627 0.0268351 0.0486188 -0.998457 164.618 
-0.998332 0.0526286 -0.0237553 -18.9989 0.051468 0.997564 0.0470767 -1.81466 0.026175 0.0457755 -0.998609 160.94 
-0.998554 0.0481758 -0.0238593 -19.0897 0.0470253 0.997804 0.046637 -1.7565 0.0260537 0.0454476 -0.998627 158.632 
-0.998505 0.0498386 -0.0224396 -19.1273 0.0486814 0.997589 0.0494593 -1.70306 0.0248505 0.048293 -0.998524 156.395 
-0.99865 0.0471605 -0.0217633 -19.1671 0.0460377 0.997713 0.0494912 -1.66843 0.0240476 0.0484225 -0.998537 154.263 
-0.998684 0.0471793 -0.0201027 -19.2281 0.0461826 0.997805 0.0474489 -1.63931 0.0222972 0.046458 -0.998671 152.252 
-0.998703 0.0479378 -0.017161 -19.3604 0.0470527 0.997704 0.0487208 -1.60961 0.0194572 0.0478501 -0.998665 150.359 
-0.998736 0.047617 -0.0160795 -19.3798 0.0467509 0.997629 0.0505111 -1.57556 0.0184465 0.0496955 -0.998594 147.664 
-0.998543 0.0519322 -0.0146569 -19.3626 0.0512187 0.997652 0.045455 -1.52186 0.0169831 0.044638 -0.998859 145.149 
-0.998513 0.0526759 -0.0140244 -19.3912 0.0520025 0.997647 0.0446882 -1.49916 0.0163454 0.0438924 -0.998903 142.755 
-0.998297 0.0550955 -0.0191923 -19.1162 0.0541994 0.997541 0.0444407 -1.44957 0.0215936 0.0433248 -0.998828 139.68 
-0.998104 0.0588305 -0.0180724 -19.3884 0.0580697 0.997508 0.0400772 -1.38213 0.0203852 0.0389517 -0.999033 136.771 
-0.998041 0.060099 -0.0173874 -19.5183 0.0595139 0.997701 0.0324093 -1.30159 0.0192952 0.031311 -0.999323 134.702 
-0.997847 0.0632772 -0.0172347 -19.5783 0.0626387 0.99741 0.0353592 -1.27339 0.0194275 0.0342035 -0.999226 132.635 
-0.998488 0.0516044 -0.0189451 -19.5634 0.0510782 0.998322 0.0272784 -1.24324 0.020321 0.0262694 -0.999448 130.588 
-0.998603 0.0492334 -0.0191631 -19.601 0.0488844 0.998637 0.0182746 -1.21196 0.0200367 0.0173123 -0.999649 129.208 
-0.999046 0.0412904 -0.0142415 -19.6621 0.0409039 0.998813 0.0264408 -1.195 0.0153163 0.0258331 -0.999549 127.05 
-0.999149 0.0397148 -0.0110923 -19.601 0.0394085 0.998869 0.0265876 -1.20455 0.0121357 0.0261279 -0.999585 125.564 
-0.999404 0.0342245 -0.00450284 -19.6291 0.0340998 0.999097 0.0253546 -1.17809 0.00536652 0.025186 -0.999668 124.024 
-0.999337 0.0362795 0.00316286 -19.6279 0.0363642 0.998794 0.0329908 -1.14109 -0.00196216 0.0330839 -0.999451 122.43 
-0.999201 0.0389783 0.00879328 -19.5718 0.0392684 0.998592 0.035671 -1.10666 -0.0073905 0.0359878 -0.999325 120.747 
-0.998966 0.0423137 0.016636 -19.5362 0.0428169 0.998597 0.0311568 -1.04559 -0.0152943 0.0318369 -0.999376 119.002 
-0.9987 0.0451866 0.0236073 -19.4633 0.0458898 0.998491 0.0301475 -1.00767 -0.0222095 0.0311916 -0.999267 117.186 
-0.99827 0.0480677 0.0338662 -19.4574 0.0491948 0.998235 0.0332733 -0.945167 -0.032207 0.0348818 -0.998872 115.294 
-0.997653 0.0536296 0.0425745 -19.3717 0.054947 0.998026 0.0304014 -0.907837 -0.0408601 0.0326694 -0.998631 113.346 
-0.99716 0.0555785 0.0508133 -19.2764 0.0569286 0.998052 0.0255179 -0.867133 -0.0492961 0.0283382 -0.998382 111.333 
-0.996919 0.0561226 0.0548006 -19.1425 0.0575622 0.998027 0.0250545 -0.838624 -0.0532864 0.0281317 -0.998183 109.234 
-0.996635 0.0590424 0.056863 -18.9777 0.0602468 0.997989 0.0197018 -0.832964 -0.0555854 0.0230613 -0.998188 107.134 
-0.996493 0.061928 0.0562643 -18.8385 0.0632001 0.997777 0.021117 -0.81316 -0.0548315 0.0245988 -0.998193 104.925 
-0.99666 0.060224 0.0551573 -18.7019 0.0618861 0.997664 0.0289367 -0.769186 -0.0532857 0.0322535 -0.998058 102.615 
-0.996879 0.0581578 0.0533906 -18.5471 0.0595897 0.997894 0.0256285 -0.736107 -0.0517877 0.02873 -0.998245 100.259 
-0.997222 0.0530517 0.0522947 -18.437 0.0544101 0.998208 0.0249042 -0.692735 -0.0508797 0.0276804 -0.998321 97.8404 
-0.997509 0.0514343 0.0482667 -18.192 0.0528953 0.998164 0.0294949 -0.662624 -0.046661 0.0319745 -0.998399 94.0731 
-0.997584 0.0523847 0.0456386 -18.0748 0.0537316 0.99814 0.0288035 -0.606573 -0.0440449 0.0311862 -0.998543 91.5377 
-0.997693 0.0540409 0.0410837 -17.9447 0.0548049 0.99834 0.017703 -0.578288 -0.0400588 0.0199137 -0.998999 88.8984 
-0.997769 0.0560131 0.03633 -17.8283 0.056858 0.998125 0.0226576 -0.557214 -0.0349927 0.0246727 -0.999083 86.214 
-0.998284 0.0512804 0.0282738 -17.6653 0.0520821 0.998239 0.0283859 -0.489378 -0.0267684 0.0298098 -0.999197 82.0304 
-0.998175 0.0559432 0.0227248 -17.554 0.0565735 0.998003 0.0281074 -0.401043 -0.021107 0.0293417 -0.999347 77.6954 
-0.998241 0.0563715 0.0183576 -17.4481 0.056944 0.997854 0.0323185 -0.371822 -0.0164964 0.033307 -0.999309 74.7654 
-0.998382 0.0549489 0.0146323 -17.3805 0.0554836 0.997695 0.0390611 -0.326662 -0.0124522 0.0398097 -0.99913 71.8153 
-0.998378 0.0559836 0.0103317 -17.3193 0.0563384 0.997687 0.0380227 -0.237348 -0.0081792 0.0385431 -0.999223 67.4096 
-0.998431 0.0553187 0.00865759 -17.2867 0.0556187 0.997673 0.0394381 -0.180374 -0.00645578 0.0398577 -0.999185 64.4855 
-0.998457 0.055031 0.00736484 -17.2866 0.0552628 0.997814 0.0362462 -0.10396 -0.00535407 0.0365973 -0.999316 61.5518 
-0.998416 0.0559294 0.00605889 -17.2408 0.0561352 0.997538 0.04203 -0.045644 -0.00369326 0.0423036 -0.999098 58.4081 
-0.998325 0.0574071 0.00715328 -17.1815 0.0576664 0.997373 0.043832 0.0113974 -0.00461822 0.0441711 -0.999013 55.5164 
-0.998379 0.0562799 0.00844244 -17.1288 0.0565575 0.997701 0.0373451 0.0746656 -0.00632124 0.0377621 -0.999267 52.6067 
-0.998428 0.055244 0.00945775 -17.0931 0.0555656 0.997731 0.0380285 0.134988 -0.00733544 0.0384943 -0.999232 49.6919 
-0.998407 0.0553103 0.0111584 -17.0648 0.0557542 0.997456 0.0444286 0.197871 -0.00867268 0.04498 -0.99895 46.8037 
-0.998385 0.055864 0.0102816 -16.9496 0.0562314 0.997624 0.0398145 0.240539 -0.00803295 0.0403284 -0.999154 43.9119 
-0.998165 0.0597872 0.00956912 -16.8505 0.0601075 0.99748 0.0376897 0.253085 -0.00729164 0.0381957 -0.999244 41.0447 
-0.997995 0.0625542 0.00966661 -16.7943 0.0629071 0.997136 0.041993 0.303213 -0.00701208 0.0425169 -0.999071 38.2305 
-0.998215 0.0592634 0.00737444 -16.7493 0.0595152 0.9974 0.0406444 0.368248 -0.00494654 0.0410107 -0.999146 35.2967 
-0.998098 0.0612044 0.00736003 -16.7254 0.0614456 0.997352 0.0389123 0.423166 -0.00495893 0.0392905 -0.999216 32.4429 
-0.997886 0.0646451 0.00666989 -16.6873 0.0648622 0.997081 0.0402881 0.473892 -0.00404599 0.0406356 -0.999166 29.6061 
-0.997806 0.0658223 0.00704439 -16.6582 0.0660533 0.997006 0.0401939 0.525781 -0.00437765 0.040571 -0.999167 26.7689 
-0.998008 0.062839 0.00555551 -16.5757 0.0630132 0.997187 0.0405771 0.56233 -0.00299006 0.0408464 -0.999161 23.9452 
-0.998203 0.0597974 0.00389011 -16.5093 0.0599087 0.997305 0.0423547 0.597014 -0.00134692 0.0425116 -0.999095 21.1532 
-0.998087 0.0617821 0.00246111 -16.4667 0.0618306 0.997137 0.04352 0.653447 0.000234689 0.0435889 -0.99905 18.3792 
-0.998133 0.0610432 0.00182602 -16.455 0.0610662 0.997262 0.0417164 0.719012 0.000725487 0.0417501 -0.999128 15.6233 
-0.998292 0.0584007 0.00174444 -16.4051 0.0584257 0.997652 0.0357339 0.762718 0.000346539 0.0357748 -0.99936 12.8921 
-0.998683 0.0512392 -0.00265591 -16.342 0.0510871 0.997848 0.0411032 0.815492 0.00475629 0.0409134 -0.999151 9.98145 
-0.998647 0.0517497 -0.00516686 -16.3377 0.0514615 0.997635 0.0455623 0.895926 0.00751248 0.0452347 -0.998948 7.19388 
-0.997793 0.0663993 -0.000660777 -16.356 0.0662945 0.996687 0.0471099 0.932137 0.00378665 0.0469621 -0.998889 4.38113 
-0.997653 0.0684763 -0.000692783 -16.3438 0.0683853 0.996756 0.0424379 1.00295 0.00359653 0.0422909 -0.999099 1.65786 
-0.997676 0.0681335 -0.000839221 -16.3495 0.0680368 0.996782 0.04239 1.08427 0.0037247 0.0422344 -0.999101 -1.08316 
-0.997746 0.067106 -0.000822687 -16.3632 0.0670205 0.996961 0.0397125 1.19474 0.00348514 0.0395679 -0.999211 -5.21134 
-0.997719 0.0675032 -0.000394725 -16.3929 0.0674351 0.996943 0.0394664 1.28533 0.00305763 0.0393498 -0.999221 -7.97358 
-0.997999 0.0632166 -0.0013323 -16.3568 0.0631019 0.99709 0.0427841 1.34817 0.00403309 0.0426144 -0.999083 -10.7567 
-0.998187 0.0601497 -0.00238691 -16.3743 0.0600092 0.99742 0.0394092 1.43925 0.0047512 0.0391945 -0.99922 -13.5566 
-0.998405 0.056387 -0.00287402 -16.3442 0.0562409 0.99772 0.0372986 1.53184 0.00497062 0.0370775 -0.9993 -17.7875 
-0.998294 0.0583329 -0.0025456 -16.2805 0.0582151 0.997741 0.0335176 1.55439 0.00449503 0.0333122 -0.999435 -20.5645 
-0.998129 0.0611085 -0.00195791 -16.3103 0.0609993 0.997494 0.0358512 1.63591 0.00414381 0.0356647 -0.999355 -23.4149 
-0.998181 0.0602606 -0.00185766 -16.3451 0.0601588 0.997574 0.0350165 1.73406 0.00396327 0.034841 -0.999385 -26.3499 
-0.998251 0.0591135 -0.000562273 -16.3364 0.0590495 0.997532 0.0380007 1.81985 0.00280724 0.0379011 -0.999278 -30.6243 
-0.997949 0.0640133 0.000351301 -16.3232 0.0639829 0.997275 0.0367359 1.88711 0.00200124 0.036683 -0.999325 -33.4788 
-0.997783 0.0665319 0.00169324 -16.3186 0.0665477 0.997038 0.038569 1.92762 0.000877847 0.0385962 -0.999255 -36.3289 
-0.997424 0.0716775 0.00259273 -16.2704 0.0717239 0.996627 0.0398902 1.94878 0.000275244 0.0399734 -0.999201 -39.1507 
-0.997093 0.0761447 0.00273795 -16.226 0.0761922 0.996188 0.0424766 1.99207 0.000506855 0.0425617 -0.999094 -41.9832 
-0.996803 0.0798412 0.00309911 -16.2008 0.0799007 0.996204 0.0345531 2.02912 -0.000328586 0.0346903 -0.999398 -44.777 
-0.996779 0.080124 0.00347139 -16.2138 0.0801972 0.996124 0.036137 2.09438 -0.000562492 0.036299 -0.999341 -47.5936 
-0.996946 0.0780237 0.00319922 -16.2411 0.0780883 0.996299 0.0359136 2.17932 -0.000385264 0.0360538 -0.99935 -50.4128 
-0.997023 0.0770303 0.00325075 -16.2241 0.0770979 0.996342 0.036866 2.22995 -0.000399061 0.0370069 -0.999315 -53.2204 
-0.997059 0.076612 0.00178527 -16.2137 0.0766283 0.996479 0.0340294 2.29382 0.000828076 0.0340662 -0.999419 -56.0083 
-0.996636 0.0819419 0.0013213 -16.2089 0.0819382 0.99603 0.0347766 2.33964 0.00153361 0.0347679 -0.999394 -58.7887 
-0.996545 0.0830498 -1.47139e-05 -16.1857 0.0830019 0.995978 0.0337559 2.3738 0.00281807 0.033638 -0.99943 -61.5655 
-0.996643 0.0818497 -0.00168437 -16.2023 0.0817402 0.996033 0.035173 2.44429 0.00455659 0.0349173 -0.99938 -64.3721 
-0.99685 0.0792448 -0.00330164 -16.2269 0.0790795 0.996242 0.035326 2.51027 0.00608863 0.0349536 -0.99937 -67.1641 
-0.996595 0.082401 -0.00283928 -16.2237 0.0822567 0.996027 0.0341254 2.55724 0.00563997 0.0337757 -0.999414 -69.9441 
-0.996697 0.0811577 -0.00275723 -16.2496 0.0810321 0.996219 0.0313286 2.61005 0.00528937 0.0310017 -0.999505 -72.7196 
-0.996432 0.0843841 -0.00138728 -16.2756 0.0842874 0.995853 0.0342336 2.65863 0.0042703 0.0339946 -0.999413 -75.4885 
-0.996392 0.0848724 0.000509148 -16.3019 0.0848365 0.995755 0.0356932 2.72734 0.00252238 0.0356076 -0.999363 -78.2571 
-0.996633 0.0819893 0.00091122 -16.2859 0.0819805 0.996198 0.029484 2.76376 0.00150962 0.0294595 -0.999565 -80.992 
-0.996554 0.0829255 0.0016155 -16.232 0.0829259 0.995808 0.0385845 2.78844 0.00159091 0.0385855 -0.999254 -85.0601 
-0.996431 0.0843956 0.00133791 -16.2613 0.084388 0.995763 0.0365206 2.87778 0.00174994 0.0365032 -0.999332 -87.7615 
-0.996468 0.0839781 0.000217887 -16.2658 0.083938 0.995905 0.0335939 2.93292 0.00260415 0.0334935 -0.999436 -90.421 
-0.996817 0.07969 -0.00238075 -16.3084 0.0795523 0.996175 0.0361586 3.0161 0.00525312 0.0358541 -0.999343 -93.1139 
-0.996607 0.0822571 -0.0030173 -16.3268 0.0821096 0.996054 0.0336689 3.07318 0.00577489 0.0333069 -0.999428 -95.7437 
-0.99644 0.0841826 -0.00452363 -16.2879 0.083965 0.99581 0.0362231 3.08717 0.00755403 0.0357143 -0.999333 -98.3587 
-0.996444 0.083972 -0.00697604 -16.3004 0.083668 0.995838 0.036144 3.14178 0.0099821 0.0354318 -0.999322 -100.989 
-0.996517 0.0829362 -0.00866901 -16.3449 0.0825763 0.99594 0.0358434 3.19435 0.0116065 0.0350027 -0.99932 -103.603 
-0.996536 0.0825614 -0.00997069 -16.3353 0.0821605 0.995986 0.0355149 3.21523 0.0128628 0.0345727 -0.999319 -106.176 
-0.996319 0.0850673 -0.0105787 -16.3379 0.0846812 0.99587 0.0327536 3.23905 0.0133212 0.0317373 -0.999407 -108.742 
-0.99614 0.0871632 -0.0104195 -16.3501 0.0867317 0.995565 0.0364454 3.27609 0.01355 0.035401 -0.999281 -111.297 
-0.996218 0.0862371 -0.0106146 -16.3636 0.0858231 0.995706 0.0346962 3.3192 0.0135611 0.033654 -0.999342 -113.852 
-0.995896 0.090193 -0.00756735 -16.4281 0.0898666 0.995306 0.0359161 3.34552 0.0107712 0.0350886 -0.999326 -116.362 
-0.995985 0.0892582 -0.0068808 -16.4667 0.0889407 0.995331 0.0374892 3.39942 0.0101949 0.0367267 -0.999273 -118.9 
-0.996149 0.0873877 -0.00705497 -16.5223 0.0870711 0.995519 0.0368875 3.46529 0.0102469 0.0361312 -0.999295 -121.391 
-0.996173 0.0870373 -0.00797802 -16.5849 0.0866955 0.995578 0.0361757 3.54035 0.0110914 0.0353456 -0.999314 -123.863 
-0.996306 0.0853113 -0.00978995 -16.6223 0.0848823 0.995664 0.0380631 3.58694 0.0129947 0.0370915 -0.999227 -126.281 
-0.996439 0.0833754 -0.012586 -16.6185 0.0828474 0.995843 0.037857 3.62554 0.01569 0.0366794 -0.999204 -128.662 
-0.996373 0.0838614 -0.0143931 -16.6522 0.0832962 0.995868 0.0361828 3.66732 0.0173679 0.0348526 -0.999242 -131.002 
-0.996174 0.0863721 -0.0133032 -16.6515 0.0857742 0.995496 0.0403689 3.68355 0.01673 0.0390734 -0.999096 -133.285 
-0.99564 0.0924848 -0.0121392 -16.6928 0.0919241 0.994937 0.0406312 3.71914 0.0158355 0.0393382 -0.9991 -135.495 
-0.995859 0.0899077 -0.0134341 -16.6802 0.0892271 0.995006 0.044743 3.75398 0.0173898 0.043359 -0.998908 -137.641 
-0.995987 0.0878364 -0.0171483 -16.7025 0.0870272 0.995265 0.0432955 3.80617 0.02087 0.0416294 -0.998915 -139.683 
-0.995959 0.0875887 -0.0198516 -16.7818 0.086636 0.99524 0.0446269 3.8447 0.0236659 0.0427267 -0.998806 -141.615 
-0.996027 0.0865631 -0.0209246 -16.8266 0.085562 0.995327 0.0447572 3.88855 0.0247011 0.042789 -0.998779 -143.434 
-0.995854 0.0899372 -0.013611 -16.8606 0.0892914 0.995107 0.0423089 3.92066 0.0173496 0.0409182 -0.999012 -145.137 
-0.995136 0.0971597 0.0162657 -16.8645 0.0977305 0.994447 0.0390353 3.95414 -0.0123827 0.0404351 -0.999105 -146.727 
-0.993175 0.0968705 0.0649586 -16.7953 0.0995869 0.994226 0.0399658 3.96849 -0.060712 0.0461621 -0.997087 -148.209 
-0.982498 0.0952854 0.160054 -16.4944 0.102125 0.994154 0.0350486 3.97664 -0.155779 0.0507808 -0.986486 -150.213 
-0.935711 0.0960195 0.339448 -15.7224 0.106828 0.994189 0.0132518 3.9788 -0.336204 0.0486624 -0.940531 -152.457 
-0.830173 0.091985 0.549865 -14.3654 0.105353 0.994408 -0.0072923 3.93213 -0.547461 0.0518757 -0.835222 -154.117 
-0.646584 0.081585 0.758468 -12.8695 0.0975824 0.994942 -0.0238338 3.8408 -0.756576 0.0586026 -0.651275 -155.582 
-0.409262 0.0674383 0.909921 -11.1366 0.0790037 0.996139 -0.0382941 3.71848 -0.90899 0.0562148 -0.41301 -156.479 
-0.21206 0.0676703 0.974911 -9.73605 0.0663122 0.996297 -0.0547306 3.60856 -0.975004 0.0530422 -0.215763 -156.758 
0.0681909 0.034349 0.997081 -7.76402 0.0496654 0.998051 -0.0377791 3.4958 -0.996435 0.0520966 0.066352 -156.671 
0.214061 0.0136316 0.976725 -6.73818 0.0388884 0.998991 -0.0224652 3.42303 -0.976046 0.0427922 0.213315 -156.478 
0.416585 0.000763782 0.909096 -5.35616 0.0345778 0.999263 -0.0166845 3.36441 -0.908439 0.038385 0.416251 -155.75 
0.600217 -0.012185 0.799744 -4.01404 0.0299136 0.999526 -0.00722161 3.29943 -0.799277 0.0282578 0.600297 -154.711 
0.788919 -0.00996982 0.614417 -2.46189 0.0267703 0.999477 -0.0181555 3.24913 -0.613914 0.0307713 0.788773 -152.885 
0.890967 -0.0107603 0.45394 -1.62095 0.0190402 0.999725 -0.0136733 3.21931 -0.453668 0.0208256 0.890927 -151.056 
0.968134 -0.000641838 0.250433 -1.05314 0.00403297 0.999907 -0.0130281 3.15107 -0.250401 0.013623 0.968046 -148.348 
0.984449 0.000818459 0.175668 -0.863222 0.00119761 0.999935 -0.0113702 3.0878 -0.175666 0.0114038 0.984384 -146.777 
0.993633 -0.000738368 0.112661 -0.745485 0.00164995 0.999967 -0.00799838 3.04404 -0.112651 0.00813334 0.993601 -145.13 
0.997887 0.00679717 0.0646146 -0.642071 -0.00625751 0.999944 -0.00855059 3.01248 -0.0646691 0.0081282 0.997874 -143.408 
0.999088 0.0164688 0.039404 -0.571209 -0.0160528 0.999812 -0.0108509 2.98464 -0.0395754 0.0102084 0.999164 -141.617 
0.999183 0.0212052 0.0344045 -0.530945 -0.0208699 0.999731 -0.0100764 2.95012 -0.0346089 0.00935011 0.999357 -139.724 
0.999228 0.0215916 0.0328224 -0.47297 -0.0213455 0.999741 -0.00783107 2.91714 -0.032983 0.00712441 0.999431 -137.799 
0.999415 0.0186803 0.0286592 -0.438349 -0.0184503 0.999796 -0.00826803 2.87411 -0.0288078 0.00773441 0.999555 -135.766 
