1 1.19763e-11 1.70464e-10 5.55111e-17 1.19763e-11 1 3.5625e-10 0 1.70464e-10 3.5625e-10 1 2.22045e-16 
0.999754 -0.0080102 0.0206713 0.0541807 0.00800831 0.999968 0.000174444 -0.0200812 -0.020672 -8.85798e-06 0.999786 0.879235 
0.999901 -0.0140506 0.000504162 0.0697684 0.014053 0.999888 -0.00509479 -0.0344022 -0.00043252 0.00510137 0.999987 1.82433 
0.99852 -0.00519683 -0.0541452 0.00341514 0.004866 0.999969 -0.00623997 -0.0630497 0.0541759 0.00596726 0.998514 2.87551 
0.995456 -0.0059497 -0.0950316 -0.0713028 0.00537901 0.999966 -0.00626034 -0.0774298 0.0950656 0.00572072 0.995455 3.63071 
0.991085 -0.00626009 -0.133084 -0.193124 0.00565728 0.999972 -0.00490715 -0.0948039 0.133111 0.00411051 0.991093 4.41836 
0.984582 -0.00488431 -0.174855 -0.441034 0.00414308 0.999981 -0.00460392 -0.123056 0.174874 0.00380849 0.984583 5.68309 
0.97974 -0.00723613 -0.200145 -0.727014 0.00521548 0.99993 -0.0106213 -0.14955 0.200208 0.00936229 0.979709 7.05753 
0.974445 -0.0179421 -0.22391 -1.05287 0.014605 0.999756 -0.0165511 -0.187051 0.224152 0.0128579 0.974469 8.55498 
0.968217 -0.0117573 -0.249833 -1.46151 0.00541003 0.999645 -0.0260775 -0.243439 0.250051 0.0238971 0.967938 10.149 
0.96361 -0.0170169 -0.26677 -1.74603 0.00936284 0.999508 -0.0299375 -0.301708 0.267148 0.0263504 0.963295 11.2615 
0.956795 -0.0164272 -0.290299 -2.24733 0.00478174 0.999157 -0.0407793 -0.386295 0.290724 0.0376293 0.956067 13.0013 
0.95371 -0.0184829 -0.300158 -2.62093 0.00161928 0.998411 -0.0563342 -0.442032 0.300723 0.0532405 0.952225 14.2169 
0.951174 -0.0179842 -0.308132 -3.02473 -0.00504506 0.997262 -0.0737789 -0.519018 0.308615 0.071731 0.948478 15.4771 
0.948193 -0.0153812 -0.317321 -3.47158 -0.0130072 0.99611 -0.0871505 -0.630815 0.317428 0.086763 0.944305 16.7949 
0.944906 -0.012224 -0.327113 -3.95102 -0.0211499 0.994935 -0.098274 -0.769005 0.326657 0.0997781 0.939861 18.1139 
0.941412 -0.0080758 -0.33716 -4.46663 -0.0282631 0.994308 -0.102732 -0.923399 0.336071 0.106242 0.935825 19.4975 
0.936868 -0.0075193 -0.349602 -5.00232 -0.0294695 0.994514 -0.100363 -1.09105 0.348439 0.10433 0.931507 20.9243 
0.927739 -0.00507723 -0.373195 -5.89573 -0.0307004 0.995481 -0.0898626 -1.35312 0.371964 0.0948263 0.923391 23.1412 
0.920624 0.00224746 -0.390443 -6.55319 -0.0364877 0.996103 -0.0803005 -1.52649 0.388741 0.0881729 0.917118 24.6298 
0.912771 0.00323587 -0.408459 -7.24616 -0.0382863 0.996244 -0.0776648 -1.68583 0.406674 0.0865285 0.909466 26.1472 
0.904883 0.00460814 -0.425635 -7.98219 -0.0402168 0.996394 -0.0747117 -1.83986 0.423756 0.084723 0.901805 27.6887 
0.897202 0.00400336 -0.441603 -8.75708 -0.0382014 0.996914 -0.068576 -1.99023 0.439966 0.0783964 0.894586 29.2614 
0.889627 0.00652417 -0.456641 -9.5807 -0.0373265 0.997591 -0.0584665 -2.13002 0.45516 0.0690582 0.887728 30.8642 
0.882564 0.00476447 -0.470168 -10.4443 -0.034988 0.997842 -0.0555652 -2.25826 0.468888 0.06549 0.880826 32.4921 
0.876405 0.0044446 -0.481554 -11.3541 -0.0336562 0.998078 -0.0520406 -2.38108 0.480397 0.0618159 0.87487 34.1521 
0.871601 0.00216716 -0.490212 -12.3023 -0.0319671 0.998113 -0.0524253 -2.50533 0.489173 0.0613646 0.870025 35.8444 
0.869749 0.00252515 -0.493488 -13.2883 -0.0322997 0.998134 -0.0518192 -2.63809 0.492437 0.0610092 0.868207 37.6162 
0.869414 0.00187386 -0.49408 -14.2895 -0.0303751 0.998304 -0.0496637 -2.77514 0.493149 0.058186 0.867997 39.4271 
0.867693 -0.00258007 -0.497094 -15.3346 -0.0261242 0.998368 -0.0507824 -2.90914 0.496414 0.0570497 0.866209 41.2652 
0.864027 -0.00213553 -0.503441 -16.4055 -0.0236476 0.998715 -0.0448213 -3.04362 0.50289 0.050632 0.862866 43.1146 
0.852081 -0.00580495 -0.523377 -18.0467 -0.0181624 0.999008 -0.0406495 -3.23564 0.523094 0.0441424 0.851131 45.8569 
0.839803 -0.0103353 -0.542793 -19.2123 -0.0160177 0.998912 -0.0438028 -3.35651 0.542655 0.04548 0.838724 47.6623 
0.828712 -0.00160584 -0.559674 -20.4338 -0.0205063 0.999237 -0.0332308 -3.46527 0.5593 0.0390155 0.828047 49.4334 
0.820883 -0.00430657 -0.57108 -21.6751 -0.0222318 0.998973 -0.0394898 -3.57473 0.570664 0.0451126 0.819944 51.1581 
0.811107 -0.00617406 -0.584865 -23.5601 -0.0243609 0.99872 -0.0443273 -3.76156 0.58439 0.050202 0.809919 53.7342 
0.804763 -0.00107241 -0.593595 -24.8457 -0.0245564 0.999082 -0.0350972 -3.8757 0.593088 0.0428215 0.803998 55.4567 
0.798095 -0.00190662 -0.602529 -26.1483 -0.0256941 0.998978 -0.0371949 -3.97158 0.601984 0.0451665 0.79723 57.1703 
0.789638 -0.00588399 -0.613545 -27.4825 -0.0238154 0.998907 -0.0402303 -4.07062 0.613111 0.0463792 0.788634 58.8646 
0.780153 -0.00523078 -0.625567 -28.845 -0.0239325 0.998984 -0.0381997 -4.18729 0.625131 0.0447729 0.779235 60.5311 
0.769223 -0.00810874 -0.63893 -30.245 -0.0229943 0.99892 -0.0403608 -4.30839 0.638567 0.0457382 0.768206 62.1921 
0.757811 -0.0105098 -0.65239 -31.6783 -0.0222484 0.998873 -0.0419351 -4.43169 0.652095 0.0462935 0.756722 63.8405 
0.74534 -0.0132177 -0.666553 -33.1606 -0.0206356 0.998867 -0.0428823 -4.55824 0.666365 0.0457166 0.744223 65.4899 
0.732543 -0.013498 -0.680587 -34.6737 -0.019273 0.998991 -0.0405571 -4.69083 0.680448 0.0428267 0.731544 67.0945 
0.719491 -0.0170822 -0.694292 -36.2506 -0.0177557 0.998918 -0.0429773 -4.83498 0.694275 0.0432494 0.718409 68.682 
0.707877 -0.0155886 -0.706164 -37.8752 -0.0197217 0.99893 -0.041821 -4.98138 0.706061 0.0435309 0.706812 70.262 
0.697899 -0.0160974 -0.716015 -39.5189 -0.0207924 0.998871 -0.0427229 -5.13733 0.715894 0.0447039 0.696776 71.839 
0.687532 -0.020307 -0.72587 -41.1928 -0.0211282 0.998626 -0.0479499 -5.29236 0.725846 0.0483034 0.686159 73.4057 
0.677418 -0.0202918 -0.735318 -42.9145 -0.0214254 0.998651 -0.047297 -5.44397 0.735286 0.0477944 0.676069 74.9579 
0.667116 -0.0212421 -0.744651 -44.6583 -0.0199325 0.998726 -0.046347 -5.60232 0.744687 0.0457616 0.665843 76.5097 
0.657692 -0.0232386 -0.752929 -46.4323 -0.0180077 0.998753 -0.0465557 -5.7518 0.753072 0.0441778 0.656453 78.0513 
0.649816 -0.0259303 -0.759649 -48.239 -0.0145525 0.99881 -0.0465424 -5.89842 0.759953 0.0412988 0.648665 79.5962 
0.640457 -0.0354895 -0.767173 -50.076 -0.00685873 0.998628 -0.0519224 -6.06436 0.767963 0.0385159 0.639335 81.1292 
0.625504 -0.042666 -0.779053 -51.9408 0.00293722 0.998625 -0.0523329 -6.24048 0.780215 0.0304462 0.62477 82.6467 
0.607344 -0.0424892 -0.793302 -53.8665 0.00668987 0.998807 -0.0483743 -6.41201 0.794411 0.0240728 0.606904 84.1349 
0.588564 -0.043998 -0.807253 -55.8416 0.005492 0.998713 -0.0504291 -6.57787 0.808432 0.0252473 0.588047 85.5773 
0.568499 -0.0474455 -0.821314 -57.8592 0.00643129 0.998561 -0.0532331 -6.74772 0.822659 0.0249808 0.567987 86.9837 
0.547628 -0.0482313 -0.835331 -59.9165 0.010468 0.998654 -0.0507988 -6.92835 0.836657 0.0190746 0.547395 88.3591 
0.526713 -0.0496383 -0.848592 -62.0219 0.0103153 0.998593 -0.0520099 -7.10298 0.849981 0.0186408 0.526484 89.6838 
0.506467 -0.0511064 -0.860743 -64.1713 0.00765584 0.998469 -0.0547791 -7.28391 0.862225 0.0211541 0.506083 90.9595 
0.487756 -0.0491068 -0.871598 -66.3733 0.00582533 0.998577 -0.0530011 -7.46567 0.872961 0.0207743 0.487348 92.2009 
0.471932 -0.0473256 -0.880364 -68.6065 0.00642676 0.998716 -0.0502427 -7.64359 0.881612 0.0180533 0.47163 93.4083 
0.457092 -0.0538699 -0.887787 -70.8583 0.0109974 0.99843 -0.0549214 -7.82005 0.889352 0.0153408 0.456967 94.5834 
0.445296 -0.06019 -0.893358 -73.1306 0.0138246 0.998081 -0.0603549 -8.01191 0.895277 0.0145255 0.445274 95.7283 
0.436156 -0.0585899 -0.897962 -75.4027 0.0178072 0.998245 -0.0564839 -8.20952 0.899695 0.00864566 0.436434 96.8445 
0.428845 -0.0558798 -0.901648 -77.6761 0.0228107 0.998437 -0.051029 -8.39673 0.90309 0.00131627 0.429449 97.9397 
0.423285 -0.0552364 -0.904311 -79.9353 0.0262915 0.998468 -0.0486813 -8.57492 0.905615 -0.00316968 0.424089 99.0067 
0.418667 -0.0552625 -0.906457 -82.1801 0.030379 0.99844 -0.0468392 -8.74144 0.907632 -0.00792726 0.419693 100.057 
0.413407 -0.0547541 -0.908899 -84.3708 0.0357078 0.998397 -0.0439042 -8.91461 0.909846 -0.0143045 0.414699 101.063 
0.409303 -0.0547943 -0.910752 -86.5468 0.0397918 0.998317 -0.0421796 -9.07269 0.911531 -0.0189762 0.410794 102.033 
0.407274 -0.0574136 -0.9115 -88.6828 0.0412123 0.998161 -0.0444579 -9.2276 0.912376 -0.0194585 0.408891 102.977 
0.409655 -0.0577658 -0.91041 -90.7863 0.0379973 0.998207 -0.046239 -9.38358 0.911449 -0.0156511 0.411116 103.874 
0.419059 -0.0580605 -0.906101 -92.8503 0.0339684 0.998257 -0.0482558 -9.54042 0.907324 -0.0105568 0.4203 104.784 
0.431814 -0.0570946 -0.900154 -94.8824 0.0322541 0.998334 -0.0478493 -9.68029 0.901386 -0.00837171 0.432935 105.733 
0.448845 -0.0551755 -0.891904 -96.8816 0.0302683 0.998458 -0.0465349 -9.81891 0.893097 -0.0061094 0.449823 106.71 
0.468177 -0.0551241 -0.881914 -98.8429 0.0285159 0.998475 -0.0472717 -9.95809 0.883174 -0.00301704 0.469035 107.719 
0.490094 -0.0574627 -0.869774 -100.755 0.0249701 0.998341 -0.0518867 -10.0936 0.871312 0.00371105 0.490715 108.779 
0.51521 -0.0531555 -0.855414 -102.636 0.0212831 0.998561 -0.049232 -10.2166 0.8568 0.007159 0.515599 109.9 
0.539687 -0.0504039 -0.840355 -104.475 0.020775 0.998699 -0.0465593 -10.3255 0.841609 0.00766912 0.540033 111.065 
0.562429 -0.0517523 -0.825224 -106.259 0.021376 0.998616 -0.0480574 -10.4273 0.826569 0.0093889 0.562757 112.256 
0.584307 -0.0536682 -0.809756 -107.976 0.0241716 0.998519 -0.048737 -10.5389 0.811172 0.00890429 0.584739 113.472 
0.605264 -0.0484412 -0.794549 -109.641 0.0232941 0.998797 -0.0431488 -10.6555 0.795684 0.00760816 0.605665 114.711 
0.625611 -0.0460318 -0.778776 -111.243 0.0199975 0.998876 -0.0429769 -10.7697 0.779879 0.0113132 0.625828 115.96 
0.644632 -0.0455626 -0.763134 -112.785 0.0181048 0.998852 -0.0443426 -10.8844 0.764279 0.0147683 0.644717 117.226 
0.662789 -0.0415659 -0.747652 -114.285 0.0177195 0.999049 -0.0398341 -10.9969 0.748596 0.0131536 0.662895 118.495 
0.679007 -0.0404149 -0.733019 -115.731 0.0172534 0.999086 -0.0391024 -11.1043 0.733929 0.0139037 0.679084 119.773 
0.694051 -0.0371652 -0.718966 -117.123 0.0159197 0.999215 -0.036284 -11.2038 0.71975 0.0137372 0.694098 121.057 
0.70952 -0.0319735 -0.703959 -118.446 0.0134061 0.999402 -0.0318804 -11.2851 0.704557 0.0131825 0.709525 122.324 
0.72569 -0.0289604 -0.687412 -119.702 0.0105753 0.999465 -0.0309429 -11.3678 0.687941 0.0151854 0.725608 123.578 
0.744327 -0.022132 -0.667448 -120.896 0.00771939 0.999669 -0.0245396 -11.4425 0.667771 0.0131132 0.744252 124.857 
0.764701 -0.0196025 -0.644088 -122.023 0.00465687 0.999679 -0.0248959 -11.5109 0.644369 0.0160385 0.764547 126.144 
0.784607 -0.0207519 -0.619646 -123.091 0.00494286 0.999617 -0.0272183 -11.5757 0.619974 0.0182929 0.784409 127.45 
0.80509 -0.0161494 -0.592933 -124.115 0.00368872 0.999746 -0.0222209 -11.6398 0.593142 0.0157027 0.804945 128.785 
0.824062 -0.0138147 -0.566331 -125.088 0.00489359 0.999839 -0.0172688 -11.7029 0.566478 0.0114591 0.823997 130.155 
0.846459 -0.0135157 -0.532282 -126.456 0.00745974 0.999881 -0.0135261 -11.8081 0.532402 0.00747857 0.846459 132.259 
0.860018 -0.0110049 -0.510145 -127.326 0.00528633 0.999906 -0.0126582 -11.8648 0.510237 0.00818952 0.859995 133.694 
0.872361 -0.0103437 -0.488754 -128.166 0.00496699 0.999912 -0.0122962 -11.9179 0.488838 0.00829904 0.872335 135.163 
0.885507 -0.0118537 -0.464475 -129.39 0.00635088 0.99989 -0.01341 -11.9648 0.464583 0.00892481 0.885485 137.439 
0.891936 -0.00621223 -0.452119 -130.215 0.00412061 0.999976 -0.00561084 -11.9897 0.452143 0.00314151 0.89194 139.017 
0.898531 -0.000852153 -0.438909 -131.035 0.000510779 0.999999 -0.000895861 -12.0077 0.43891 0.000580775 0.898531 140.63 
0.905145 0.00265696 -0.425095 -131.85 -0.00098345 0.999991 0.00415619 -12.017 0.425102 -0.00334389 0.905139 142.308 
0.912136 0.00237392 -0.409881 -132.656 0.000657765 0.999973 0.00725536 -12.0211 0.409887 -0.00688748 0.91211 144.042 
0.919683 -0.000885813 -0.392661 -133.444 0.00378608 0.999971 0.00661183 -12.0232 0.392643 -0.00756743 0.91966 145.832 
0.928291 -0.00365101 -0.371837 -134.221 0.00528238 0.99998 0.0033688 -12.0292 0.371817 -0.00509141 0.928292 147.697 
0.9395 0.00116569 -0.342548 -134.944 -1.171e-05 0.999994 0.00337087 -12.0506 0.34255 -0.00316292 0.939494 149.597 
0.952744 0.00828709 -0.303663 -135.607 -0.00612592 0.999949 0.00806893 -12.0705 0.303714 -0.0058274 0.952745 151.595 
0.965382 0.0113209 -0.260593 -136.188 -0.00891705 0.999906 0.010405 -12.0858 0.260687 -0.00772111 0.965393 153.655 
0.976227 0.0139896 -0.216299 -136.683 -0.0107177 0.99981 0.0162929 -12.0991 0.216486 -0.0135873 0.976191 155.79 
0.98514 0.0177017 -0.170839 -137.094 -0.0138115 0.999618 0.023933 -12.0954 0.171197 -0.0212178 0.985008 158 
0.991847 0.0185354 -0.126083 -137.415 -0.0159259 0.999638 0.0216739 -12.0801 0.126439 -0.0194892 0.991783 160.268 
0.996307 0.0169664 -0.0841671 -137.639 -0.015153 0.99964 0.0221385 -12.0515 0.0845125 -0.0207813 0.996206 162.601 
0.998901 0.0178565 -0.0433356 -137.77 -0.0167714 0.99954 0.0252761 -12.0173 0.0437669 -0.0245215 0.998741 165 
0.99981 0.0194102 -0.00163239 -137.812 -0.0193595 0.999452 0.0268335 -11.9852 0.00215235 -0.0267968 0.999639 167.452 
0.998961 0.022794 0.0394624 -137.76 -0.0237843 0.999409 0.0248089 -11.9608 -0.0388736 -0.0257217 0.998913 169.938 
0.996596 0.0248798 0.0785936 -137.603 -0.0265145 0.999452 0.0198251 -11.9419 -0.0780572 -0.0218415 0.99671 172.461 
0.99278 0.0251548 0.117286 -137.342 -0.0270906 0.999521 0.0149402 -11.9431 -0.116854 -0.0180096 0.992986 175.019 
0.987625 0.0277097 0.154369 -136.98 -0.0285562 0.999587 0.0032683 -11.965 -0.154215 -0.00763604 0.988008 177.606 
0.981281 0.03197 0.18991 -136.522 -0.0313867 0.999489 -0.00607944 -12.0114 -0.190008 4.98218e-06 0.981783 180.228 
0.973673 0.0339805 0.225404 -135.962 -0.0327531 0.999421 -0.00918368 -12.0826 -0.225586 0.00155921 0.974222 182.88 
0.965142 0.0326489 0.259682 -135.291 -0.0299421 0.999448 -0.0143735 -12.1685 -0.260008 0.00609709 0.965587 185.551 
0.955525 0.0357379 0.292738 -134.53 -0.0314449 0.999318 -0.0193593 -12.2671 -0.29323 0.00929313 0.955997 188.231 
0.943902 0.0416723 0.327584 -133.677 -0.0361343 0.999083 -0.0229768 -12.3638 -0.328242 0.00985078 0.944542 190.928 
0.93129 0.0436519 0.361655 -132.704 -0.0354524 0.998942 -0.0292802 -12.4735 -0.36255 0.0144468 0.931852 193.619 
0.916569 0.0466853 0.397143 -131.621 -0.03357 0.998639 -0.0399165 -12.6128 -0.398466 0.0232541 0.916888 196.301 
0.895871 0.0530942 0.441131 -130.412 -0.0370782 0.998305 -0.0448551 -12.7831 -0.442765 0.023828 0.896321 198.974 
0.869333 0.0618831 0.490337 -129.061 -0.0424778 0.997814 -0.0506192 -12.973 -0.492398 0.0231765 0.870062 201.617 
0.840394 0.0670996 0.537807 -127.547 -0.0435947 0.99746 -0.0563261 -13.1825 -0.540221 0.0238905 0.841184 204.19 
0.809425 0.0703839 0.58299 -125.88 -0.0412718 0.997155 -0.0630838 -13.4134 -0.585771 0.0270005 0.810027 206.684 
0.777712 0.074542 0.624186 -124.069 -0.0376043 0.996683 -0.0721732 -13.6703 -0.627496 0.0326578 0.777935 209.09 
0.746315 0.0763897 0.661195 -122.129 -0.0339956 0.99647 -0.076753 -13.9531 -0.664724 0.0348042 0.746278 211.424 
0.716494 0.0777793 0.693243 -120.073 -0.0296529 0.996262 -0.0811294 -14.2463 -0.696963 0.0375721 0.716123 213.663 
0.687314 0.0810311 0.721827 -117.911 -0.0243741 0.995771 -0.088575 -14.5546 -0.725951 0.0432849 0.686383 215.82 
0.657112 0.0839609 0.749102 -115.657 -0.0218451 0.995481 -0.0924131 -14.8897 -0.753476 0.0443616 0.655977 217.895 
0.623725 0.0860337 0.776895 -113.327 -0.0241943 0.995573 -0.090826 -15.2293 -0.78127 0.037854 0.623045 219.882 
0.588341 0.0884689 0.803759 -110.946 -0.0295791 0.995686 -0.0879427 -15.5659 -0.808072 0.0279659 0.58842 221.745 
0.552815 0.0950467 0.827866 -108.535 -0.0319238 0.99516 -0.0929363 -15.8986 -0.832692 0.0249479 0.553173 223.465 
0.513424 0.0942652 0.852942 -106.071 -0.0329122 0.99538 -0.0901958 -16.2328 -0.857504 0.0182365 0.514155 225.055 
0.471096 0.091264 0.877348 -103.583 -0.0333863 0.995765 -0.0856552 -16.5541 -0.88145 0.0110605 0.472149 226.502 
0.428665 0.0896088 0.899009 -101.071 -0.031666 0.995948 -0.0841723 -16.8614 -0.902909 0.00761373 0.429766 227.793 
0.387206 0.089209 0.917667 -98.5491 -0.0266526 0.995975 -0.0855756 -17.1616 -0.921608 0.00867709 0.388025 228.935 
0.345936 0.0866898 0.934245 -96.0257 -0.0203263 0.996181 -0.0849105 -17.4558 -0.938038 0.0103839 0.346377 229.936 
0.305397 0.0904669 0.947918 -93.5117 -0.0191822 0.995859 -0.0888622 -17.749 -0.952032 0.00895509 0.305868 230.819 
0.266852 0.108134 0.957652 -91.0401 -0.0216851 0.994107 -0.106208 -18.0604 -0.963494 0.00757505 0.267624 231.573 
0.2269 0.112763 0.967368 -88.5775 -0.0268599 0.993621 -0.109523 -18.3936 -0.973548 -0.00113258 0.228481 232.223 
0.187395 0.113145 0.975747 -86.1384 -0.0321106 0.993519 -0.109039 -18.7242 -0.98176 -0.0108985 0.189813 232.764 
0.149539 0.111724 0.982423 -83.7128 -0.0316205 0.993628 -0.108185 -19.0486 -0.98825 -0.0148868 0.152119 233.199 
0.111784 0.115377 0.987012 -81.3171 -0.0332629 0.993115 -0.112324 -19.3698 -0.993176 -0.0202749 0.114852 233.532 
0.0753281 0.114561 0.990556 -78.953 -0.0338641 0.993099 -0.11228 -19.687 -0.996584 -0.0250865 0.0786879 233.774 
0.045705 0.106235 0.99329 -76.5971 -0.0305118 0.994014 -0.104909 -20.0032 -0.998489 -0.0255122 0.0486728 233.929 
0.02258 0.102634 0.994463 -74.3374 -0.0276361 0.9944 -0.102 -20.295 -0.999363 -0.0251799 0.02529 234.018 
0.00711642 0.107023 0.994231 -72.1143 -0.0286288 0.99387 -0.10678 -20.5793 -0.999565 -0.0277037 0.0101367 234.07 
-0.00419388 0.118896 0.992898 -69.9512 -0.0285793 0.992487 -0.118967 -20.8751 -0.999583 -0.0288753 -0.000764409 234.094 
-0.0127112 0.114916 0.993294 -67.8108 -0.0295388 0.992897 -0.115248 -21.1677 -0.999483 -0.0308057 -0.00922648 234.097 
-0.0165002 0.100636 0.994786 -65.6953 -0.0272839 0.994506 -0.10106 -21.4353 -0.999492 -0.0288092 -0.0136638 234.082 
-0.0160762 0.105747 0.994263 -63.6313 -0.0274292 0.993971 -0.106159 -21.6885 -0.999494 -0.0289785 -0.0130788 234.073 
-0.012607 0.108618 0.994004 -61.596 -0.0319057 0.993533 -0.108972 -21.9485 -0.999411 -0.0330882 -0.00905994 234.076 
-0.0058541 0.110999 0.993803 -59.5852 -0.0353475 0.993176 -0.111137 -22.2049 -0.999358 -0.035779 -0.00189063 234.093 
0.00492835 0.112802 0.993605 -57.59 -0.0383704 0.992907 -0.112532 -22.4645 -0.999251 -0.0375704 0.00922164 234.13 
0.0191743 0.109927 0.993755 -55.6126 -0.0354265 0.993388 -0.109203 -22.723 -0.999188 -0.0331114 0.0229419 234.183 
0.0336 0.110685 0.993287 -53.6495 -0.034713 0.993378 -0.109521 -22.976 -0.998832 -0.0308001 0.0372197 234.267 
0.0470411 0.107961 0.993042 -51.6918 -0.0370849 0.993645 -0.10627 -23.2296 -0.998204 -0.0318278 0.0507459 234.381 
0.0608597 0.106565 0.992441 -49.7524 -0.0371441 0.993838 -0.104437 -23.4779 -0.997455 -0.0305073 0.0644429 234.521 
0.0746412 0.110376 0.991083 -47.8287 -0.0369629 0.993479 -0.107859 -23.7182 -0.996525 -0.0285825 0.0782342 234.685 
0.0877187 0.112992 0.989716 -45.9147 -0.0409743 0.993114 -0.109749 -23.9657 -0.995302 -0.0309259 0.0917445 234.881 
0.101026 0.11031 0.988749 -44.0088 -0.0428326 0.993395 -0.106452 -24.2145 -0.993961 -0.0315963 0.105084 235.101 
0.114095 0.107849 0.987599 -42.1097 -0.0432448 0.993687 -0.103518 -24.4546 -0.992528 -0.0308977 0.118038 235.348 
0.128276 0.109404 0.985685 -40.2266 -0.04158 0.993616 -0.104873 -24.6872 -0.990866 -0.0275321 0.132006 235.615 
0.146659 0.113581 0.982645 -38.3606 -0.0401121 0.993252 -0.10882 -24.9222 -0.988374 -0.0234565 0.150225 235.911 
0.164274 0.113956 0.97981 -36.5165 -0.0426152 0.993197 -0.108368 -25.1504 -0.985494 -0.0239528 0.168013 236.243 
0.173534 0.112132 0.978423 -34.6718 -0.0469443 0.993309 -0.105512 -25.3786 -0.983708 -0.0276215 0.177637 236.603 
0.179136 0.11591 0.976972 -32.8112 -0.0470737 0.992908 -0.10917 -25.6026 -0.982698 -0.0264334 0.183322 236.971 
0.185396 0.114956 0.975917 -30.928 -0.0446095 0.993094 -0.108505 -25.8331 -0.981651 -0.0234187 0.189244 237.349 
0.192539 0.116576 0.97434 -29.03 -0.0436867 0.992952 -0.11017 -26.0741 -0.980316 -0.0213536 0.196275 237.739 
0.199995 0.11096 0.973494 -27.1205 -0.0411431 0.993641 -0.104804 -26.3238 -0.978933 -0.0190923 0.203288 238.152 
0.209656 0.111422 0.971406 -25.2064 -0.0396639 0.993637 -0.105411 -26.5759 -0.97697 -0.0164296 0.212742 238.575 
0.222471 0.112559 0.96842 -23.2884 -0.0379311 0.99356 -0.106768 -26.8181 -0.974201 -0.0129805 0.225308 239.015 
0.238246 0.11015 0.964938 -21.3629 -0.0365136 0.993861 -0.104436 -27.0613 -0.970518 -0.0103518 0.240806 239.49 
0.258753 0.111175 0.959524 -19.4733 -0.0315619 0.993797 -0.106635 -27.3034 -0.965428 -0.00269221 0.260657 239.999 
0.281088 0.107754 0.953613 -17.5859 -0.0314673 0.994177 -0.103062 -27.5442 -0.959166 -0.00103804 0.282842 240.558 
0.30268 0.108349 0.946914 -15.7165 -0.0345995 0.994112 -0.10269 -27.7835 -0.952464 -0.00168056 0.304646 241.163 
0.323637 0.111719 0.939563 -13.8654 -0.0381775 0.993738 -0.105011 -28.0228 -0.945411 -0.00188484 0.325875 241.811 
0.342456 0.110289 0.933038 -12.0278 -0.0423245 0.993889 -0.101947 -28.2667 -0.93858 -0.00457791 0.345031 242.498 
0.358309 0.107849 0.927353 -10.2022 -0.0432927 0.994156 -0.0988904 -28.5052 -0.932599 -0.00471423 0.360884 243.217 
0.374002 0.106789 0.921259 -8.39843 -0.0462272 0.99426 -0.0964846 -28.7383 -0.926275 -0.0065018 0.376792 243.967 
0.38995 0.109775 0.914269 -6.61587 -0.0476761 0.993944 -0.0990071 -28.9684 -0.919601 -0.00498091 0.392823 244.741 
0.406594 0.107192 0.907299 -4.8639 -0.0481803 0.994227 -0.0958707 -29.1959 -0.912338 -0.00473348 0.409411 245.543 
0.423856 0.102159 0.89995 -3.1383 -0.0483927 0.994754 -0.090129 -29.4136 -0.904436 -0.00534925 0.426576 246.366 
0.44109 0.0996404 0.891915 -1.44517 -0.0516281 0.994989 -0.0856231 -29.6185 -0.895977 -0.00828039 0.444024 247.224 
0.465803 0.0981733 0.879426 1.04535 -0.0555864 0.99511 -0.0816453 -29.9107 -0.883141 -0.0108535 0.468982 248.561 
0.491024 0.0987601 0.86553 3.47195 -0.0563297 0.995073 -0.0815851 -30.185 -0.869323 -0.00869487 0.494168 249.951 
0.506995 0.0963701 0.856545 5.06951 -0.0569139 0.995304 -0.0782943 -30.3632 -0.860068 -0.00905455 0.510099 250.915 
0.518605 0.0919252 0.850058 6.6574 -0.0575855 0.995701 -0.0725432 -30.5354 -0.853073 -0.0113297 0.521669 251.91 
0.525682 0.0872398 0.846196 8.23513 -0.0598848 0.996055 -0.0654875 -30.7078 -0.848571 -0.0162487 0.528833 252.948 
0.531608 0.0840087 0.842814 10.5837 -0.0603619 0.996297 -0.0612338 -30.9749 -0.844837 -0.0183214 0.53471 254.573 
0.535014 0.0865159 0.840402 12.1562 -0.0591251 0.996138 -0.0649083 -31.143 -0.842772 -0.014962 0.538063 255.643 
0.538312 0.0815971 0.838786 13.7491 -0.0562279 0.996561 -0.0608598 -31.3114 -0.840868 -0.0144016 0.541049 256.711 
0.540872 0.0757949 0.837683 15.3464 -0.0546308 0.996994 -0.0549358 -31.4676 -0.839329 -0.0160501 0.543387 257.781 
0.542594 0.0715917 0.836939 16.9528 -0.0542755 0.997267 -0.050119 -31.6105 -0.83824 -0.018231 0.544997 258.864 
0.543784 0.0720797 0.836124 18.5572 -0.0558182 0.997205 -0.049664 -31.7454 -0.837367 -0.0196645 0.546287 259.943 
0.544846 0.0678314 0.835788 20.1889 -0.0551068 0.997465 -0.045029 -31.8809 -0.836723 -0.0215238 0.547203 261.03 
0.546325 0.0635116 0.835162 21.8285 -0.0545535 0.997702 -0.0401859 -32.0056 -0.835795 -0.0236064 0.548535 262.121 
0.548641 0.0606274 0.833857 23.4653 -0.0538552 0.997859 -0.0371172 -32.1241 -0.834322 -0.0245435 0.550731 263.212 
0.552168 0.056365 0.831826 25.0995 -0.053025 0.998066 -0.0324315 -32.239 -0.832045 -0.0261999 0.554089 264.306 
0.557091 0.0542615 0.828677 26.7183 -0.0529627 0.998153 -0.0297538 -32.3453 -0.828761 -0.0273134 0.558936 265.404 
0.564641 0.0472749 0.823982 28.3374 -0.0503485 0.998472 -0.0227842 -32.4411 -0.8238 -0.0286213 0.566158 266.511 
0.576728 0.0433417 0.815786 29.9363 -0.0459838 0.998731 -0.0205526 -32.5292 -0.815641 -0.0256597 0.577989 267.632 
0.588496 0.044873 0.807254 31.5154 -0.0489166 0.998606 -0.0198491 -32.6112 -0.807019 -0.027807 0.589871 268.787 
0.601943 0.0390396 0.797584 33.0674 -0.0479605 0.998769 -0.0126909 -32.681 -0.797097 -0.0306133 0.603075 269.951 
0.617583 0.0377524 0.785599 34.6062 -0.0446984 0.998918 -0.0128649 -32.7432 -0.785235 -0.0271699 0.618602 271.144 
0.635902 0.0351635 0.770968 36.1231 -0.0416152 0.99907 -0.0112425 -32.796 -0.770647 -0.0249349 0.636774 272.38 
0.654068 0.0316858 0.755772 37.619 -0.0401563 0.999168 -0.00713776 -32.8471 -0.755369 -0.0256804 0.654796 273.665 
0.672123 0.0294513 0.739854 39.0971 -0.0407179 0.999167 -0.00278336 -32.8903 -0.739319 -0.0282545 0.672762 274.998 
0.689751 0.0241462 0.723644 40.5627 -0.040219 0.999178 0.00499519 -32.9224 -0.722929 -0.0325497 0.690155 276.384 
0.707249 0.0144253 0.706818 42.011 -0.0345938 0.9993 0.0142204 -32.9405 -0.706118 -0.0345089 0.707253 277.814 
0.736318 0.00622278 0.676606 44.1389 -0.0248782 0.99953 0.017881 -32.9411 -0.676178 -0.0299989 0.736128 280.056 
0.754921 0.000640367 0.655815 45.5132 -0.0217149 0.999476 0.0240205 -32.9316 -0.655456 -0.0323746 0.754539 281.622 
0.773232 -0.00415567 0.634109 46.857 -0.0178972 0.999437 0.0283737 -32.9081 -0.63387 -0.0332882 0.772723 283.24 
0.789966 -0.00327042 0.613142 48.1619 -0.0193935 0.999352 0.0303168 -32.8838 -0.612844 -0.0358402 0.789391 284.909 
0.802785 0.000431403 0.596268 49.4318 -0.0249484 0.999148 0.0328663 -32.8512 -0.595746 -0.0412605 0.802112 286.627 
0.814131 0.00547863 0.580656 50.6781 -0.0288567 0.999102 0.0310329 -32.8186 -0.579964 -0.0420206 0.813557 288.383 
0.8246 0.00708737 0.565671 51.9033 -0.0347232 0.99867 0.0381048 -32.7814 -0.564649 -0.0510631 0.82375 290.18 
0.83343 0.0127744 0.552477 53.1013 -0.0425174 0.998252 0.0410572 -32.7322 -0.550987 -0.0577082 0.832516 292.012 
0.839839 0.0178492 0.542542 54.2851 -0.0501769 0.997733 0.0448477 -32.6779 -0.540512 -0.0648878 0.838831 293.874 
0.842884 0.0279789 0.537368 55.4626 -0.0552605 0.997868 0.0347229 -32.6281 -0.53525 -0.0589626 0.842633 295.748 
0.844217 0.0340783 0.534918 56.6464 -0.0595557 0.997761 0.0304271 -32.5922 -0.532683 -0.0575444 0.844356 297.643 
0.845167 0.0323358 0.533523 57.844 -0.0590907 0.997702 0.0331383 -32.5585 -0.531225 -0.0595336 0.845136 299.554 
0.846214 0.0310037 0.531941 59.0466 -0.0565172 0.997897 0.0317463 -32.5256 -0.529838 -0.0569279 0.846186 301.474 
0.848075 0.0301329 0.529018 60.2525 -0.0538845 0.99811 0.0295303 -32.4999 -0.527129 -0.0535498 0.848096 303.405 
0.851957 0.0265533 0.522938 61.4546 -0.0505321 0.998221 0.0316388 -32.4766 -0.521168 -0.0533801 0.851783 305.353 
0.859993 0.025092 0.509688 62.6268 -0.0480946 0.99833 0.0320018 -32.4529 -0.508034 -0.0520346 0.859764 307.313 
0.871464 0.0233743 0.489902 63.7612 -0.0464904 0.998303 0.0350685 -32.4286 -0.488251 -0.0533367 0.871072 309.296 
0.884056 0.0247624 0.466724 64.8349 -0.0462547 0.998329 0.0346473 -32.4013 -0.465086 -0.0522183 0.883724 311.301 
0.895924 0.023939 0.443561 65.8496 -0.0466008 0.998102 0.0402588 -32.3691 -0.441756 -0.0567392 0.895339 313.328 
0.907761 0.022899 0.418861 66.8068 -0.0441488 0.998179 0.0411096 -32.329 -0.417157 -0.0558099 0.907119 315.364 
0.918664 0.0268138 0.39413 67.6976 -0.0475122 0.997951 0.042851 -32.2872 -0.392173 -0.0580916 0.918055 317.423 
0.928002 0.0348991 0.370937 68.519 -0.0542433 0.997651 0.0418421 -32.2426 -0.368605 -0.0589503 0.927715 319.497 
0.933815 0.0423602 0.35524 69.2966 -0.0617023 0.997155 0.0432911 -32.1959 -0.352396 -0.062345 0.933772 321.58 
0.937596 0.0414824 0.345243 70.0644 -0.059955 0.997275 0.0429964 -32.1471 -0.342519 -0.0610123 0.937528 323.661 
0.941197 0.0383977 0.335669 70.8184 -0.0558012 0.997543 0.0423529 -32.1014 -0.333218 -0.0585931 0.941027 325.743 
0.944827 0.0369859 0.325474 71.5445 -0.0526263 0.997838 0.039379 -32.0606 -0.323313 -0.0543348 0.944731 327.823 
0.948548 0.039578 0.31415 72.2398 -0.0539337 0.997854 0.0371338 -32.0242 -0.312006 -0.0521664 0.948647 329.914 
0.952977 0.0402406 0.300358 72.9073 -0.0555747 0.997542 0.0426815 -31.9887 -0.297902 -0.0573668 0.952871 332.015 
0.956606 0.0409809 0.288489 73.5376 -0.0560783 0.997445 0.0442602 -31.9463 -0.285938 -0.0585175 0.95646 334.11 
0.959298 0.036565 0.280017 74.1539 -0.0494025 0.99802 0.0389227 -31.9105 -0.27804 -0.051172 0.959206 336.19 
0.959897 0.036673 0.277946 74.7513 -0.0499238 0.997922 0.040745 -31.8743 -0.275874 -0.0529871 0.959732 338.257 
0.955177 0.0449287 0.292607 75.3394 -0.0599294 0.997297 0.0425005 -31.845 -0.289906 -0.0581312 0.955288 340.28 
0.947698 0.0480819 0.315526 75.962 -0.0646559 0.997012 0.042266 -31.8169 -0.312551 -0.060456 0.947975 342.229 
0.942047 0.04302 0.332712 76.6143 -0.060776 0.997219 0.0431409 -31.7889 -0.32993 -0.0608616 0.942041 344.109 
0.939069 0.0409643 0.341279 77.2641 -0.0579841 0.997523 0.0398156 -31.7614 -0.338803 -0.0571784 0.939118 345.919 
0.940185 0.0379668 0.338542 77.9057 -0.0535242 0.997891 0.036734 -31.7352 -0.336433 -0.052657 0.940234 347.705 
0.945726 0.0327766 0.323308 78.5169 -0.0469942 0.998237 0.0362649 -31.7069 -0.32155 -0.0494902 0.945599 349.49 
0.954039 0.0282855 0.298344 79.0765 -0.0409278 0.998506 0.0362116 -31.6729 -0.296874 -0.0467579 0.953771 351.282 
0.964625 0.0216156 0.262737 79.5717 -0.0326206 0.99876 0.0375962 -31.6409 -0.261599 -0.0448369 0.964135 353.078 
0.975557 0.0187498 0.218947 79.9816 -0.0273287 0.99897 0.0362198 -31.6084 -0.218042 -0.0413179 0.975064 354.876 
0.985553 0.0190285 0.168297 80.2892 -0.0251812 0.999087 0.0345 -31.5773 -0.167487 -0.0382395 0.985132 356.68 
0.993433 0.022638 0.112153 80.4873 -0.0262634 0.999176 0.0309544 -31.5418 -0.11136 -0.0336967 0.993209 358.514 
0.998429 0.0224357 0.0513339 80.5779 -0.0241229 0.999181 0.0324869 -31.5089 -0.0505629 -0.0336742 0.998153 360.347 
0.999653 0.024178 -0.010437 80.554 -0.023848 0.999245 0.0306638 -31.4812 0.0111705 -0.0304043 0.999475 362.182 
0.997447 0.0278688 -0.0657493 80.4224 -0.0261127 0.999283 0.0274182 -31.4585 0.0664663 -0.0256313 0.997459 364.022 
0.993888 0.0356711 -0.104475 80.2083 -0.0326203 0.998994 0.0307662 -31.43 0.105468 -0.0271701 0.994051 365.886 
0.991494 0.0466837 -0.121488 79.9483 -0.0424367 0.998402 0.0373153 -31.3969 0.123036 -0.0318423 0.991891 367.765 
0.990823 0.0504087 -0.125417 79.6839 -0.0476064 0.998547 0.025244 -31.3554 0.126507 -0.0190417 0.991783 369.659 
0.991264 0.0533337 -0.120624 79.426 -0.0508242 0.998424 0.0237882 -31.3332 0.121703 -0.0174497 0.992413 371.601 
0.992085 0.0500654 -0.115154 79.1899 -0.0477996 0.998607 0.0223567 -31.3167 0.116113 -0.0166755 0.993096 373.576 
0.992793 0.0450163 -0.111064 78.9618 -0.0439078 0.998958 0.0124078 -31.3058 0.111507 -0.00744183 0.993736 375.591 
0.993209 0.0435249 -0.107893 78.7307 -0.0425924 0.999033 0.0109329 -31.3034 0.108265 -0.0062632 0.994102 377.661 
0.993185 0.0477171 -0.106332 78.4872 -0.0464277 0.998815 0.0145708 -31.3029 0.106901 -0.00953477 0.994224 379.779 
0.99292 0.0523491 -0.106627 78.2369 -0.0510949 0.998589 0.014462 -31.2977 0.107234 -0.00891147 0.994194 381.936 
0.992644 0.0539043 -0.108405 77.9805 -0.0528826 0.998525 0.0122808 -31.2953 0.108907 -0.00645769 0.994031 384.12 
0.992315 0.0499864 -0.113195 77.7243 -0.0495175 0.998749 0.00695231 -31.3122 0.113401 -0.00129375 0.993548 386.332 
0.991343 0.0409603 -0.124742 77.4537 -0.0401437 0.999153 0.00905375 -31.336 0.125007 -0.00396778 0.992148 388.562 
0.989042 0.0327088 -0.143963 77.1443 -0.0318782 0.999459 0.00807251 -31.3627 0.14415 -0.00339475 0.98955 390.785 
0.986162 0.0289146 -0.163242 76.7857 -0.0284082 0.999582 0.00543655 -31.3927 0.16333 -0.000723926 0.986571 392.998 
0.982921 0.0274968 -0.181962 76.3813 -0.0267002 0.99962 0.00682635 -31.4246 0.18208 -0.00185134 0.983282 395.209 
0.97945 0.0266276 -0.199923 75.9369 -0.0260102 0.999645 0.00571452 -31.4571 0.200004 -0.000397053 0.979795 397.401 
0.975848 0.02682 -0.216798 75.4531 -0.0268934 0.999635 0.00261256 -31.4923 0.216789 0.00328097 0.976213 399.564 
0.972544 0.02735 -0.231105 74.9473 -0.0275637 0.999617 0.00230466 -31.5408 0.231079 0.00412871 0.972926 401.713 
0.969834 0.0213734 -0.242828 74.425 -0.0222054 0.999753 -0.000689482 -31.5892 0.242753 0.00606077 0.970069 403.843 
0.967085 0.0119735 -0.254172 73.8806 -0.014917 0.999842 -0.0096563 -31.6441 0.254016 0.0131299 0.967111 405.96 
0.964225 0.00966536 -0.26491 73.3004 -0.0120392 0.999901 -0.00733877 -31.6999 0.264813 0.0102655 0.964245 408.08 
0.961945 0.00648045 -0.273167 72.6958 -0.00877244 0.999936 -0.00716983 -31.749 0.273103 0.00929332 0.96194 410.2 
0.960369 0.00814162 -0.278613 72.077 -0.0098749 0.99994 -0.0048182 -31.8039 0.278557 0.00737853 0.960391 412.325 
0.959611 0.00507931 -0.281286 71.4523 -0.00485955 0.999987 0.00147885 -31.8418 0.28129 -5.21939e-05 0.959623 414.455 
0.959022 -0.00510013 -0.283284 70.8311 0.00582576 0.999981 0.00171911 -31.8719 0.28327 -0.00329901 0.959035 416.589 
0.958384 -0.0115053 -0.285252 70.1995 0.0123743 0.999923 0.00124416 -31.9002 0.285215 -0.00472217 0.958452 418.733 
0.957619 -0.0143205 -0.287683 69.5554 0.0155612 0.999877 0.00202619 -31.9304 0.287618 -0.00641699 0.957724 420.879 
0.956934 -0.0103718 -0.290122 68.8972 0.0127763 0.999898 0.00639487 -31.9587 0.290026 -0.00982613 0.956968 423.028 
0.9566 -0.00533712 -0.291356 68.2361 0.0089361 0.999899 0.0110233 -31.9793 0.291268 -0.0131484 0.956551 425.167 
0.957076 -0.00208391 -0.28983 67.5828 0.0063983 0.999882 0.0139392 -31.9908 0.289767 -0.0151953 0.956977 427.297 
0.95809 -0.00107637 -0.286464 66.9449 0.00650288 0.999817 0.0179924 -31.9984 0.286392 -0.0191012 0.957922 429.428 
0.958979 0.00269273 -0.283463 66.3132 0.00393023 0.999733 0.0227932 -32.0034 0.283448 -0.0229723 0.958712 431.553 
0.959851 0.00551524 -0.280455 65.6926 0.00147979 0.999693 0.0247238 -32.0054 0.280506 -0.0241462 0.959549 433.668 
0.960583 0.00413218 -0.277964 65.0918 0.00301512 0.999676 0.0252806 -32.0068 0.277979 -0.0251222 0.960259 435.764 
0.961188 0.00188303 -0.275888 64.5017 0.00720436 0.999464 0.0319215 -32.0015 0.2758 -0.0326702 0.96066 437.857 
0.961811 -0.000306396 -0.273713 63.9183 0.0100382 0.999366 0.034155 -31.9844 0.273529 -0.0355983 0.961205 439.927 
0.962239 -0.00486272 -0.272163 63.3475 0.0149055 0.999282 0.0348446 -31.9629 0.271798 -0.0375855 0.96162 441.977 
0.962005 -0.0123696 -0.272751 62.7895 0.0222697 0.9992 0.0332312 -31.9421 0.272121 -0.0380426 0.961511 444.006 
0.961939 -0.0134534 -0.272931 62.235 0.0243094 0.99904 0.0364327 -31.9228 0.272179 -0.0416809 0.961343 446.017 
0.961689 -0.0130747 -0.27383 61.681 0.0248253 0.998911 0.0394906 -31.9003 0.273016 -0.0447756 0.960967 448.005 
0.961474 -0.0140957 -0.274535 61.1335 0.0255275 0.998947 0.0381121 -31.8744 0.273709 -0.043652 0.960821 449.961 
0.961222 -0.0143817 -0.275401 60.5885 0.0266867 0.998803 0.0409851 -31.8394 0.274482 -0.0467453 0.960455 451.906 
0.960832 -0.0153068 -0.276707 60.0475 0.028049 0.998718 0.0421504 -31.8008 0.275707 -0.0482608 0.960029 453.821 
0.960778 -0.0125098 -0.277035 59.4995 0.0253895 0.998754 0.0429526 -31.745 0.276153 -0.0483017 0.959899 455.718 
0.9609 -0.00955592 -0.276731 58.9594 0.023352 0.998641 0.046601 -31.6879 0.27591 -0.0512411 0.959817 457.599 
0.960917 -0.00714914 -0.276745 58.4112 0.0221548 0.998446 0.0511333 -31.6268 0.275949 -0.0552661 0.959582 459.454 
0.960346 -0.00664925 -0.27873 57.8672 0.0240346 0.997968 0.0590025 -31.5549 0.277772 -0.063362 0.958555 461.299 
0.95923 -0.00708379 -0.282539 57.3235 0.0264557 0.997547 0.0648078 -31.4732 0.281386 -0.0696404 0.957064 463.133 
0.958159 -0.00967172 -0.286074 56.7847 0.030235 0.997258 0.0675516 -31.3909 0.284636 -0.0733746 0.955824 464.94 
0.957202 -0.0105986 -0.289226 56.2436 0.0318264 0.997123 0.0687912 -31.311 0.287664 -0.0750521 0.954786 466.731 
0.957328 -0.0102631 -0.28882 55.7064 0.0317887 0.997045 0.0699375 -31.2295 0.287249 -0.0761344 0.954825 468.49 
0.957737 -0.016206 -0.28719 55.1902 0.037868 0.996826 0.0700337 -31.1483 0.285143 -0.0779491 0.95531 470.219 
0.958089 -0.0170345 -0.285963 54.6862 0.0392712 0.996616 0.0722067 -31.0678 0.283765 -0.0804106 0.955516 471.908 
0.958344 -0.0193575 -0.284959 54.1961 0.0406058 0.9968 0.0688477 -30.9899 0.282715 -0.0775508 0.956064 473.54 
0.958851 -0.019138 -0.283266 53.7209 0.0395257 0.997008 0.066434 -30.9141 0.281147 -0.0748965 0.956738 475.119 
0.959316 -0.0200649 -0.281621 53.2567 0.0399396 0.997085 0.0650104 -30.8419 0.279495 -0.0736133 0.957321 476.667 
0.960061 -0.023521 -0.2788 52.8055 0.0428121 0.997075 0.0633074 -30.7706 0.276495 -0.072715 0.95826 478.2 
0.962391 -0.024588 -0.270553 52.3682 0.0428478 0.997169 0.0617917 -30.7038 0.268268 -0.0710604 0.96072 479.727 
0.970004 -0.0182275 -0.242405 51.7612 0.0352847 0.997182 0.0662123 -30.6042 0.240515 -0.0727794 0.967913 482.029 
0.97703 -0.0144838 -0.21261 51.4126 0.0318145 0.99642 0.0783212 -30.5256 0.210714 -0.0832862 0.973993 483.574 
0.984822 -0.0120341 -0.173151 51.1298 0.0265588 0.996294 0.0818142 -30.4358 0.171524 -0.0851711 0.981491 485.131 
0.992042 -0.0104665 -0.12547 50.9237 0.0215212 0.995969 0.0870777 -30.3384 0.124053 -0.089085 0.988268 486.686 
0.997303 -0.0136526 -0.0721195 50.8129 0.0198857 0.996059 0.0864295 -30.2384 0.0706553 -0.0876305 0.993644 488.249 
0.999686 -0.0167616 -0.018622 50.7827 0.0182629 0.996331 0.0836114 -30.1407 0.0171522 -0.0839252 0.996324 489.815 
0.999182 -0.0207728 0.0346983 50.8376 0.0177411 0.99618 0.0855049 -30.0446 -0.036342 -0.0848194 0.995733 491.404 
0.995934 -0.0276267 0.0857433 50.9787 0.0199959 0.995865 0.0886124 -29.9415 -0.0878368 -0.0865376 0.992369 492.985 
0.986342 -0.0346798 0.161016 51.3453 0.0203927 0.995773 0.0895501 -29.7821 -0.163441 -0.0850435 0.982881 495.368 
0.97249 -0.0400262 0.229479 51.889 0.0207988 0.996112 0.0856025 -29.622 -0.232013 -0.0784747 0.969542 497.738 
0.962521 -0.0425283 0.267853 52.3348 0.0203428 0.996168 0.0850654 -29.5123 -0.270444 -0.0764283 0.959697 499.34 
0.951977 -0.0422929 0.303234 52.8371 0.0175241 0.996316 0.0839436 -29.4036 -0.305667 -0.0745985 0.949212 500.93 
0.939981 -0.0443708 0.33833 53.4072 0.0170243 0.996373 0.0833722 -29.296 -0.340802 -0.0726084 0.937327 502.515 
0.926323 -0.0487357 0.373564 54.0487 0.0178656 0.996164 0.0856598 -29.187 -0.376306 -0.0726747 0.923641 504.096 
0.912111 -0.0496318 0.406927 54.7547 0.0152997 0.996074 0.0871947 -29.0832 -0.409657 -0.0733054 0.90929 505.671 
0.896999 -0.0502037 0.439173 55.5186 0.0158733 0.996547 0.0814989 -28.9745 -0.441748 -0.0661333 0.894698 507.215 
0.87994 -0.0433813 0.4731 56.3308 0.00718986 0.996924 0.0780411 -28.8718 -0.475031 -0.0652699 0.877545 508.746 
0.858799 -0.0439808 0.510422 57.2209 0.00300788 0.996724 0.0808225 -28.7695 -0.512304 -0.067875 0.856118 510.261 
0.833634 -0.0469222 0.550321 58.192 9.12955e-05 0.996396 0.0848179 -28.6705 -0.552318 -0.0706568 0.830634 511.73 
0.802619 -0.0497543 0.594413 59.2364 -0.00133056 0.996363 0.0851954 -28.5682 -0.59649 -0.0691704 0.799634 513.136 
0.768688 -0.0537149 0.637364 60.3569 -0.000936108 0.996372 0.0850999 -28.4656 -0.639623 -0.0660119 0.765849 514.474 
0.733624 -0.0600899 0.676894 61.5404 0.00140659 0.996215 0.0869125 -28.3636 -0.679554 -0.062809 0.730932 515.753 
0.699885 -0.0626816 0.7115 62.7741 0.00156302 0.996274 0.086232 -28.2659 -0.714254 -0.0592403 0.697375 516.948 
0.670288 -0.0670743 0.739063 64.0636 0.00386688 0.996209 0.0869048 -28.1632 -0.742091 -0.0553934 0.668006 518.099 
0.641254 -0.0701501 0.764115 65.3979 0.00110322 0.995896 0.090503 -28.059 -0.767328 -0.0571924 0.638699 519.217 
0.611458 -0.0687999 0.78828 66.7815 0.000187565 0.996225 0.0868036 -27.9434 -0.791277 -0.0529289 0.609163 520.298 
0.579397 -0.0770061 0.811399 68.2267 -0.00326804 0.995299 0.0967928 -27.8248 -0.815039 -0.0587331 0.576422 521.333 
0.542583 -0.0795709 0.836225 69.7206 -0.00700653 0.99504 0.0992292 -27.6985 -0.839973 -0.0596991 0.539335 522.307 
0.480226 -0.0829038 0.873218 72.0677 -0.00531621 0.99523 0.0974113 -27.4962 -0.877129 -0.0514217 0.477495 523.642 
