1 1.19763e-11 1.70464e-10 0 1.19763e-11 1 3.5625e-10 -1.11022e-16 1.70464e-10 3.5625e-10 1 2.22045e-16 
0.999985 0.00287245 0.00470061 -0.0420586 -0.00287063 0.999996 -0.000393822 -0.0438006 -0.00470172 0.000380323 0.999989 2.39202 
0.999982 0.00153154 0.00584828 -0.0313787 -0.0015338 0.999999 0.000381537 -0.0940771 -0.00584769 -0.0003905 0.999983 4.77565 
0.999958 0.00223971 0.0088858 -0.0436273 -0.00223462 0.999997 -0.00058344 -0.139813 -0.00888708 0.000563559 0.99996 7.16188 
0.999941 0.00159067 0.0107356 -0.0444286 -0.00159715 0.999999 0.000595011 -0.186323 -0.0107346 -0.000612122 0.999942 9.54703 
0.999971 0.000402489 0.00764661 -0.0311312 -0.000411523 0.999999 0.00118 -0.229736 -0.00764613 -0.00118311 0.99997 11.9319 
0.999993 0.000249565 0.00377363 -0.0400485 -0.000253035 1 0.000919175 -0.273211 -0.0037734 -0.000920123 0.999992 14.3184 
0.999996 0.00148669 0.00257176 -0.0580917 -0.00148961 0.999998 0.00113151 -0.319942 -0.00257007 -0.00113533 0.999996 16.7048 
0.999997 0.000954926 0.00210908 -0.0780742 -0.000958597 0.999998 0.00174011 -0.36104 -0.00210741 -0.00174213 0.999996 19.0941 
1 0.000148043 0.000123564 -0.0733448 -0.000148053 1 8.69912e-05 -0.398636 -0.000123552 -8.70095e-05 1 21.4813 
0.999998 0.000461446 -0.00184283 -0.0779913 -0.000460486 1 0.000521344 -0.441634 0.00184307 -0.000520495 0.999998 23.8688 
0.999996 0.0015541 -0.00235157 -0.11642 -0.00155338 0.999999 0.000308928 -0.47955 0.00235204 -0.000305274 0.999997 26.2604 
0.999991 3.33292e-05 -0.00417448 -0.122455 -2.52645e-05 0.999998 0.00193195 -0.514447 0.00417454 -0.00193183 0.999989 28.6575 
0.999979 -0.00247526 -0.00590732 -0.148394 0.00247591 0.999997 0.00010307 -0.55479 0.00590705 -0.000117694 0.999983 31.0452 
0.999968 -0.00274437 -0.00747647 -0.181326 0.00274955 0.999996 0.000682427 -0.594159 0.00747457 -0.000702962 0.999972 33.4472 
0.999956 -0.00380378 -0.00862178 -0.217646 0.00381174 0.999992 0.00090725 -0.636383 0.00861827 -0.000940074 0.999962 35.8372 
0.999959 -0.00450934 -0.0078114 -0.277607 0.00452216 0.999988 0.00162389 -0.675678 0.00780399 -0.00165914 0.999968 38.2268 
0.999935 -0.00529056 -0.0100783 -0.263019 0.00533405 0.999977 0.00429382 -0.729893 0.0100553 -0.0043473 0.99994 40.6189 
0.999949 -0.00368126 -0.00938331 -0.307185 0.00371738 0.999986 0.00383551 -0.759513 0.00936905 -0.00387019 0.999949 43.0106 
0.999965 -0.00165294 -0.00814483 -0.332272 0.00172619 0.999958 0.00899359 -0.794806 0.00812963 -0.00900734 0.999926 45.4143 
0.999991 -0.000449449 -0.00428439 -0.372667 0.000514808 0.999883 0.0152663 -0.814202 0.00427703 -0.0152684 0.999874 47.8184 
0.999994 -0.00309426 -0.00127403 -0.386627 0.0031131 0.999882 0.0150658 -0.818341 0.00122727 -0.0150697 0.999886 50.2183 
0.999997 -0.00248712 0.00074578 -0.417993 0.00247705 0.99991 0.0132133 -0.830912 -0.000778576 -0.0132114 0.999912 52.6274 
0.999993 -0.00385663 0.000175382 -0.432398 0.0038543 0.999923 0.0117725 -0.84896 -0.000220771 -0.0117717 0.999931 55.0368 
0.999987 -0.00377719 -0.00338523 -0.443146 0.00382253 0.999902 0.0134873 -0.864252 0.00333395 -0.0135001 0.999903 57.447 
0.99998 -0.00341345 -0.0052512 -0.467572 0.00348325 0.999905 0.0133405 -0.871456 0.00520516 -0.0133585 0.999897 59.8585 
0.99997 -0.00500715 -0.00598356 -0.49876 0.00508356 0.999905 0.0128246 -0.886015 0.00591877 -0.0128546 0.9999 62.2654 
0.999971 -0.00466543 -0.0059836 -0.511163 0.0047423 0.999906 0.0128983 -0.88862 0.00592286 -0.0129263 0.999899 64.678 
0.999952 -0.0064007 -0.00737457 -0.521676 0.00649497 0.999897 0.0128303 -0.911981 0.00729168 -0.0128776 0.99989 67.0785 
0.999977 -0.00169336 -0.00661746 -0.569082 0.00177086 0.99993 0.0117233 -0.925435 0.00659714 -0.0117347 0.999909 69.4651 
0.999977 0.00224301 -0.00644239 -0.588928 -0.00216733 0.999929 0.0117307 -0.933778 0.00646825 -0.0117164 0.99991 71.8467 
0.999981 0.00585526 -0.00211175 -0.624021 -0.00582647 0.999893 0.0133934 -0.94832 0.00218995 -0.0133808 0.999908 74.217 
0.999997 0.000259296 0.00234508 -0.613394 -0.000275022 0.999977 0.00670775 -0.978964 -0.00234329 -0.00670838 0.999975 76.5681 
0.999967 3.63222e-05 0.00807254 -0.628651 -0.000115651 0.999952 0.00982669 -1.00248 -0.00807179 -0.0098273 0.999919 78.9255 
0.999878 0.0011755 0.0155545 -0.608274 -0.00131975 0.999956 0.00926717 -1.02255 -0.0155429 -0.00928657 0.999836 81.268 
0.99976 -0.00119255 0.0218574 -0.564606 0.00112188 0.999994 0.00324489 -1.05896 -0.0218612 -0.00321959 0.999756 83.5948 
0.999573 -0.00256237 0.0290925 -0.528893 0.0024392 0.999988 0.00426844 -1.1042 -0.0291031 -0.00419566 0.999568 85.9134 
0.999333 -0.00140104 0.0365016 -0.476062 0.00130276 0.999995 0.00271623 -1.14358 -0.0365052 -0.00266687 0.99933 88.2183 
0.999105 -0.00184702 0.0422668 -0.370629 0.00184166 0.999998 0.00016583 -1.18492 -0.0422671 -8.78403e-05 0.999106 90.5151 
0.998826 -0.00256236 0.0483765 -0.291448 0.00243859 0.999994 0.00261725 -1.21703 -0.0483829 -0.0024962 0.998826 92.8234 
0.998521 -0.00172573 0.0543472 -0.226112 0.00144223 0.999985 0.00525533 -1.25821 -0.0543555 -0.00516917 0.998508 95.1246 
0.998199 -0.00459254 0.0598085 -0.13348 0.00465082 0.999989 -0.000835344 -1.28425 -0.059804 0.001112 0.99821 97.4357 
0.99793 -0.00353201 0.0642184 -0.0168599 0.00386373 0.99998 -0.005042 -1.30808 -0.0641993 0.00527968 0.997923 99.7486 
0.997957 -0.00310608 0.0638196 0.130793 0.00328557 0.999991 -0.0027078 -1.34954 -0.0638106 0.00291195 0.997958 102.104 
0.998159 -0.00272746 0.0605872 0.270389 0.00275132 0.999996 -0.000310459 -1.39411 -0.0605861 0.000476582 0.998163 104.481 
0.998509 -0.00286265 0.054507 0.392259 0.00286633 0.999996 1.07026e-05 -1.42643 -0.0545068 0.000145548 0.998513 106.88 
0.998916 -0.00144223 0.0465224 0.512633 0.0014489 0.999999 -0.000109533 -1.46073 -0.0465222 0.00017682 0.998917 109.287 
0.999281 -0.000785864 0.0379064 0.595765 0.000711119 0.999998 0.00198527 -1.50706 -0.0379078 -0.00195689 0.999279 111.717 
0.999592 -0.000605527 0.0285582 0.666442 0.000531473 0.999996 0.00260061 -1.538 -0.0285596 -0.00258437 0.999589 114.151 
0.9998 0.00278681 0.0198239 0.662964 -0.00282824 0.999994 0.00206233 -1.57394 -0.0198181 -0.00211799 0.999801 116.573 
0.999934 0.0044316 0.0105796 0.713309 -0.00444635 0.999989 0.00137091 -1.60647 -0.0105734 -0.00141786 0.999943 119.023 
0.99995 0.00680498 0.00734072 0.725889 -0.00681259 0.999976 0.00101287 -1.64263 -0.00733365 -0.00106283 0.999973 121.486 
0.999911 0.0121754 0.0055323 0.759294 -0.012186 0.999924 0.00188118 -1.66964 -0.00550898 -0.00194842 0.999983 123.97 
0.99984 0.0170313 0.00543158 0.726527 -0.0170546 0.999845 0.00426575 -1.70367 -0.00535809 -0.00435771 0.999976 126.456 
0.999848 0.0166372 0.00527882 0.706138 -0.0166734 0.999837 0.00689282 -1.72518 -0.00516328 -0.00697979 0.999962 128.957 
0.999901 0.0133233 0.00442286 0.705362 -0.0133511 0.999891 0.00629683 -1.74948 -0.00433848 -0.00635526 0.99997 131.464 
0.999956 0.00846268 0.00408528 0.689507 -0.0085026 0.999915 0.00985692 -1.76958 -0.00400152 -0.00989122 0.999943 133.98 
0.999991 0.00222108 0.00359678 0.707278 -0.00225278 0.999958 0.00883287 -1.78288 -0.00357701 -0.00884089 0.999955 136.507 
0.99999 -0.00229079 0.00386152 0.711605 0.0022619 0.99997 0.00746893 -1.80303 -0.00387851 -0.00746012 0.999965 139.045 
0.999985 -0.00199532 0.00503534 0.714685 0.00194522 0.999949 0.0099365 -1.82764 -0.00505491 -0.00992656 0.999938 141.591 
0.99998 -0.000288627 0.00627396 0.718954 0.000228269 0.999954 0.00961908 -1.85042 -0.00627644 -0.00961746 0.999934 144.134 
0.999972 0.00092943 0.00740932 0.737199 -0.000968932 0.999985 0.00532948 -1.86874 -0.00740426 -0.00533651 0.999958 146.676 
0.999967 -0.0027605 0.00761246 0.764013 0.00277896 0.999993 -0.00241498 -1.90565 -0.00760574 0.00243606 0.999968 149.209 
0.99996 -0.00148255 0.0087691 0.749238 0.00151143 0.999993 -0.00328789 -1.95435 -0.00876417 0.00330101 0.999956 151.739 
0.999955 0.000884189 0.00949415 0.74409 -0.000870675 0.999999 -0.00142746 -2.01192 -0.0094954 0.00141912 0.999954 154.274 
0.99996 0.0014871 0.00882538 0.749614 -0.00147641 0.999998 -0.00121766 -2.06001 -0.00882717 0.00120458 0.99996 156.802 
0.999969 0.000176125 0.00793344 0.721041 -0.000178472 1 0.000295123 -2.11368 -0.00793339 -0.000296529 0.999968 159.325 
0.999973 0.0018603 0.00707355 0.721539 -0.00185919 0.999998 -0.000163267 -2.1602 -0.00707384 0.000150112 0.999975 161.85 
0.999982 0.00278358 0.00525109 0.729487 -0.00277554 0.999995 -0.00153774 -2.2004 -0.00525534 0.00152314 0.999985 164.375 
0.999996 0.00204577 0.00214484 0.742848 -0.0020389 0.999993 -0.00320111 -2.25856 -0.00215137 0.00319672 0.999993 166.899 
0.999997 0.00234891 0.000712073 0.735725 -0.00234769 0.999996 -0.00170402 -2.30853 -0.000716073 0.00170234 0.999998 169.423 
0.999996 0.000952982 -0.00250017 0.743885 -0.000954377 0.999999 -0.000556846 -2.36774 0.00249964 0.00055923 0.999997 171.953 
0.999991 0.000387753 -0.00418155 0.725854 -0.000391741 0.999999 -0.00095295 -2.41463 0.00418117 0.00095458 0.999991 174.478 
0.999984 0.000316332 -0.00559497 0.712284 -0.000322555 0.999999 -0.00111126 -2.46346 0.00559461 0.00111305 0.999984 177.003 
0.999984 -0.000380847 -0.00569284 0.66538 0.000360712 0.999994 -0.00353753 -2.52633 0.00569415 0.00353542 0.999978 179.531 
0.999973 -0.00349867 -0.00642786 0.647841 0.00349992 0.999994 0.000182483 -2.57307 0.00642718 -0.000204975 0.999979 182.054 
0.999971 -0.00362607 -0.00664422 0.617699 0.00364975 0.999987 0.00355444 -2.61181 0.00663124 -0.00357859 0.999972 184.565 
0.999973 -0.00217713 -0.00700237 0.597077 0.00216507 0.999996 -0.00172885 -2.65347 0.0070061 0.00171364 0.999974 187.064 
0.999973 -0.0027561 -0.00687794 0.562295 0.0027548 0.999996 -0.000198928 -2.70764 0.00687846 0.000179975 0.999976 189.553 
0.999976 -0.00373571 -0.00591812 0.525803 0.00375519 0.999988 0.0032837 -2.76922 0.00590578 -0.00330584 0.999977 192.044 
0.999988 -0.00405011 -0.00262722 0.503343 0.00405244 0.999991 0.000880755 -2.80051 0.00262363 -0.000891392 0.999996 194.507 
0.999985 -0.00545476 -0.000742957 0.505641 0.00545417 0.999985 -0.000799718 -2.863 0.000747308 0.000795654 0.999999 196.954 
0.999981 -0.00577349 0.00211619 0.489877 0.00576965 0.999982 0.00181444 -2.91659 -0.00212663 -0.00180219 0.999996 199.385 
0.999978 -0.00513482 0.00424027 0.48533 0.00512533 0.999984 0.00224572 -2.96003 -0.00425174 -0.00222394 0.999988 201.795 
0.999964 -0.00343888 0.00779698 0.450138 0.00342273 0.999992 0.00208348 -2.99386 -0.00780409 -0.00205672 0.999967 204.177 
0.999951 -0.00347418 0.0092379 0.471152 0.0034561 0.999992 0.00197272 -3.03249 -0.00924468 -0.0019407 0.999955 206.525 
0.999938 -0.00598778 0.00936897 0.504594 0.00596435 0.999979 0.00252624 -3.06692 -0.0093839 -0.0024702 0.999953 208.823 
0.999949 -0.00679064 0.0074365 0.538618 0.00676546 0.999971 0.00340515 -3.10474 -0.00745941 -0.00335466 0.999967 211.065 
0.99996 -0.00483266 0.00756023 0.526417 0.00481843 0.999987 0.00190027 -3.15562 -0.00756931 -0.00186377 0.99997 213.228 
0.999968 -0.00575886 0.00554801 0.540296 0.00575093 0.999982 0.00144395 -3.19266 -0.00555622 -0.001412 0.999984 215.357 
0.999968 -0.00794549 0.000555087 0.555816 0.00794292 0.999958 0.00450186 -3.24595 -0.000590833 -0.00449731 0.99999 217.435 
0.999952 -0.00864898 -0.00458173 0.553752 0.00867807 0.999942 0.00636755 -3.28426 0.00452639 -0.006407 0.999969 219.457 
0.999934 -0.0071396 -0.00896395 0.500831 0.00719322 0.999956 0.00596456 -3.31736 0.00892097 -0.00602864 0.999942 221.406 
0.999883 -0.00619702 -0.0139501 0.445579 0.00629298 0.999957 0.00684575 -3.3676 0.0139071 -0.00693274 0.999879 223.266 
0.999785 -0.00600877 -0.0198694 0.395556 0.00612214 0.999965 0.00564983 -3.39681 0.0198347 -0.00577025 0.999787 225.037 
0.99967 -0.00390634 -0.025391 0.327735 0.00402851 0.999981 0.00476238 -3.43287 0.0253719 -0.00486309 0.999666 226.72 
0.99959 -0.00164522 -0.0285895 0.271825 0.00179889 0.999984 0.00534994 -3.46484 0.0285802 -0.00539917 0.999577 228.327 
0.999625 -0.000828485 -0.0273623 0.191343 0.00100629 0.999978 0.0064851 -3.50009 0.0273564 -0.0065102 0.999605 230.593 
0.999671 -0.000219571 -0.0256318 0.13756 0.00028024 0.999997 0.00236337 -3.52245 0.0256312 -0.00236978 0.999669 232.049 
0.99974 0.000919639 -0.0227799 0.0961847 -0.00091022 0.999999 0.000423842 -3.54534 0.0227803 -0.000402997 0.99974 233.491 
0.999816 -0.000123797 -0.01916 0.0690789 0.000135171 1 0.00059236 -3.58331 0.0191599 -0.000594841 0.999816 234.925 
0.999864 -0.00135739 -0.0164378 0.0597191 0.00135993 0.999999 0.000143008 -3.61018 0.0164375 -0.000165343 0.999865 236.342 
0.999935 -0.00261913 -0.0110694 0.0602258 0.00263666 0.999995 0.00156932 -3.64501 0.0110652 -0.00159841 0.999938 237.745 
0.999981 -0.00425226 -0.00450584 0.0431043 0.00426253 0.999988 0.00227164 -3.67559 0.00449613 -0.0022908 0.999987 239.137 
0.999979 -0.00339217 0.00544108 0.0431056 0.00338885 0.999994 0.000619073 -3.70633 -0.00544315 -0.000600622 0.999985 241.205 
0.999932 -0.0035719 0.0110824 0.06125 0.00356234 0.999993 0.000882847 -3.72841 -0.0110855 -0.000843307 0.999938 242.594 
0.99986 -0.00402392 0.0162374 0.0711897 0.00400273 0.999991 0.00133743 -3.75231 -0.0162427 -0.00127225 0.999867 244 
0.999775 -0.00371023 0.0208825 0.0862067 0.00376901 0.999989 -0.0027762 -3.77573 -0.020872 0.00285428 0.999778 245.414 
0.999761 -0.00501827 0.0212698 0.120957 0.00512416 0.999975 -0.00492681 -3.79892 -0.0212446 0.00503462 0.999762 246.845 
0.999768 -0.00504235 0.02092 0.144838 0.0051608 0.999971 -0.00561206 -3.83132 -0.0208911 0.00571872 0.999765 248.31 
0.99978 -0.00616886 0.0200442 0.206542 0.00633331 0.999947 -0.00815141 -3.85097 -0.0199928 0.00827657 0.999766 249.692 
0.999691 -0.0131455 0.0210766 0.242187 0.013378 0.999851 -0.0109287 -3.88674 -0.0209297 0.0112073 0.999718 251.21 
0.999721 -0.00605014 0.0228511 0.250349 0.00607706 0.999981 -0.00110885 -3.91253 -0.022844 0.0012474 0.999738 252.768 
0.999645 -0.00870735 0.0251897 0.300631 0.00870572 0.999962 0.000174255 -3.9382 -0.0251902 4.51012e-05 0.999683 254.346 
0.999436 -0.00607136 0.0330131 0.341842 0.00638858 0.999934 -0.00951181 -3.96224 -0.0329532 0.00971736 0.99941 255.948 
0.99923 -0.00595131 0.0387736 0.395447 0.00621898 0.999958 -0.00678638 -4.00359 -0.0387316 0.00702229 0.999225 257.591 
0.99895 -0.0120293 0.0442084 0.467993 0.0121209 0.999925 -0.00180359 -4.03625 -0.0441834 0.00233754 0.999021 259.263 
0.998726 -0.0107967 0.0492832 0.547003 0.0109811 0.999934 -0.00347171 -4.06881 -0.0492425 0.00400848 0.998779 260.933 
0.998486 -0.00895296 0.054276 0.630783 0.00928969 0.999939 -0.00595482 -4.09446 -0.0542193 0.00645001 0.998508 262.607 
0.99816 -0.00606249 0.0603335 0.742338 0.00622379 0.999978 -0.0024859 -4.12907 -0.0603171 0.00285683 0.998175 264.286 
0.997871 -0.00587294 0.0649546 0.859778 0.00610075 0.999976 -0.00330941 -4.15733 -0.0649336 0.00369864 0.997883 265.954 
0.997579 -0.0118808 0.0685187 0.976107 0.0121281 0.999921 -0.00319389 -4.18695 -0.0684754 0.00401716 0.997645 267.644 
0.997398 -0.013798 0.0707593 1.0828 0.0140477 0.999897 -0.00303202 -4.22386 -0.0707101 0.00401813 0.997489 269.34 
0.997357 -0.0127585 0.0715337 1.18911 0.0129635 0.999913 -0.00240223 -4.25604 -0.0714968 0.0033232 0.997435 271.047 
0.997486 -0.0146125 0.0693442 1.31545 0.0148347 0.999886 -0.00268907 -4.2959 -0.069297 0.003711 0.997589 272.752 
0.99773 -0.0132815 0.0660166 1.41398 0.0136228 0.999896 -0.00472333 -4.32511 -0.065947 0.00561195 0.997807 274.464 
0.997984 -0.0110349 0.0624953 1.52031 0.0113994 0.99992 -0.0054786 -4.35992 -0.0624299 0.00617996 0.99803 276.163 
0.998299 -0.0122172 0.057001 1.61698 0.0124243 0.999917 -0.00328083 -4.40558 -0.0569562 0.00398345 0.998369 277.856 
0.998764 -0.0138812 0.0477239 1.70257 0.0138735 0.999904 0.000492552 -4.43796 -0.0477262 0.000170152 0.99886 279.539 
0.999172 -0.0151089 0.0377883 1.76621 0.0150291 0.999884 0.00239577 -4.47146 -0.0378201 -0.00182586 0.999283 281.192 
0.99947 -0.0168818 0.0278477 1.8193 0.0168104 0.999855 0.00279544 -4.50003 -0.0278908 -0.00232582 0.999608 282.806 
0.999668 -0.0164058 0.0198622 1.83938 0.016364 0.999864 0.00226282 -4.53133 -0.0198966 -0.00193704 0.9998 284.356 
0.999755 -0.0188185 0.0116836 1.86849 0.018796 0.999821 0.0020336 -4.55778 -0.0117198 -0.00181349 0.99993 285.812 
0.999821 -0.0185284 0.00373007 1.83606 0.0185306 0.999828 -0.00055867 -4.58083 -0.00371908 0.00062769 0.999993 287.215 
0.999823 -0.0156758 -0.0104446 1.81114 0.0156299 0.999868 -0.00446901 -4.60806 0.0105133 0.00430497 0.999935 288.535 
0.999238 -0.0166552 -0.035302 1.78 0.0164512 0.999846 -0.0060629 -4.64714 0.0353976 0.00547752 0.999358 289.783 
0.997266 -0.0130093 -0.0727381 1.69753 0.0126627 0.999906 -0.00522342 -4.68349 0.0727993 0.00428808 0.997337 290.993 
0.992511 -0.00647981 -0.121981 1.6268 0.00586375 0.999968 -0.00540872 -4.7134 0.122012 0.00465295 0.992518 292.136 
0.983808 -0.00363904 -0.179191 1.38251 0.00289155 0.999986 -0.00443251 -4.7391 0.179204 0.0038426 0.983804 293.223 
0.958319 -5.64818e-05 -0.285701 0.959718 0.000290658 1 0.000777251 -4.76524 0.285701 -0.000827895 0.958319 294.717 
0.931178 0.00280754 -0.364554 0.592398 -0.00122118 0.999989 0.00458197 -4.772 0.364563 -0.00382145 0.931171 295.646 
0.895346 0.00198953 -0.445366 0.0961476 0.00127807 0.999974 0.00703643 -4.78366 0.445369 -0.00686925 0.895321 296.516 
0.846492 5.30359e-05 -0.532401 -0.40104 0.00526496 0.99995 0.00847063 -4.78985 0.532375 -0.00997339 0.84645 297.326 
0.785866 0.00124979 -0.618396 -1.00689 0.00639758 0.999928 0.010151 -4.79813 0.618364 -0.0119336 0.785801 298.036 
0.713626 -0.000355329 -0.700527 -1.71095 0.0114105 0.999873 0.0111167 -4.79912 0.700434 -0.0159266 0.71354 298.623 
0.625861 0.000345344 -0.779935 -2.50827 0.0186569 0.999707 0.015414 -4.79135 0.779712 -0.0241982 0.625671 299.104 
0.524362 0.0114251 -0.851419 -3.3075 0.00988555 0.999761 0.0195039 -4.79329 0.851438 -0.0186439 0.524124 299.459 
0.413273 0.0181142 -0.910427 -4.11339 0.00495423 0.999743 0.0221402 -4.79331 0.910594 -0.0136604 0.413077 299.742 
0.296569 0.0234853 -0.954722 -4.92494 0.00754649 0.999609 0.0269337 -4.78409 0.954981 -0.0151925 0.296276 299.935 
0.175808 0.0289582 -0.983998 -5.76072 0.0129629 0.999412 0.0317279 -4.74995 0.984339 -0.0183335 0.175329 300.013 
-0.0177267 0.0461537 -0.998777 -7.05736 0.0155412 0.998826 0.0458802 -4.7343 0.999722 -0.0147089 -0.0184232 299.908 
-0.213632 0.066049 -0.974679 -8.41953 0.0222159 0.997782 0.0627453 -4.70096 0.976662 -0.00824891 -0.214626 299.503 
-0.339257 0.0736721 -0.937804 -9.32992 0.0295306 0.997271 0.0676608 -4.67259 0.94023 -0.00473957 -0.340507 299.109 
-0.450655 0.0740903 -0.889618 -10.2271 0.0320853 0.99725 0.0668008 -4.64455 0.892121 0.00156044 -0.451793 298.506 
-0.547126 0.073181 -0.833845 -11.1332 0.0341288 0.997293 0.0651322 -4.57508 0.836354 0.00717729 -0.548142 297.803 
-0.624906 0.0782644 -0.776767 -12.0485 0.0402409 0.996869 0.0680674 -4.51294 0.779662 0.011278 -0.626099 297.001 
-0.69686 0.0914913 -0.711348 -12.9516 0.0552876 0.995731 0.0739063 -4.45348 0.715073 0.0121736 -0.698943 296.047 
-0.759696 0.0894954 -0.64409 -13.7882 0.0580592 0.995863 0.0698937 -4.37044 0.647681 0.0157027 -0.76175 294.926 
-0.813091 0.0824557 -0.576267 -14.6011 0.0591012 0.996495 0.0591949 -4.28641 0.579129 0.0140727 -0.815115 293.687 
-0.857832 0.0776257 -0.508033 -15.3703 0.0587671 0.996859 0.0530863 -4.19939 0.510558 0.0156835 -0.8597 292.281 
-0.896921 0.0732806 -0.436076 -16.1021 0.0574877 0.997127 0.049322 -4.12561 0.438437 0.0191689 -0.898557 290.74 
-0.92942 0.0784777 -0.360582 -16.7484 0.0652576 0.996679 0.0487137 -4.05537 0.363207 0.0217448 -0.931455 289.059 
-0.954635 0.0818027 -0.286321 -17.2891 0.0702744 0.996257 0.0503284 -3.97218 0.289367 0.0279242 -0.956811 287.264 
-0.973027 0.0788865 -0.216782 -17.7154 0.0706504 0.996463 0.0454961 -3.89948 0.219605 0.0289532 -0.975159 285.349 
-0.985309 0.0767985 -0.152542 -18.0603 0.0713596 0.996615 0.0408236 -3.82658 0.15516 0.0293385 -0.987454 283.327 
-0.992797 0.0754448 -0.0930725 -18.2956 0.0721006 0.996643 0.038789 -3.76427 0.0956864 0.031799 -0.994903 281.17 
-0.99656 0.0716725 -0.041614 -18.4124 0.0700844 0.9968 0.038445 -3.69583 0.0442363 0.0353962 -0.998394 278.916 
-0.997759 0.0668888 0.00172759 -18.4265 0.0669065 0.997051 0.0375809 -3.62897 0.00079125 0.0376122 -0.999292 276.566 
-0.997903 0.0572187 0.0302496 -18.3605 0.0582353 0.997728 0.0338676 -3.56599 -0.028243 0.0355582 -0.998968 274.164 
-0.997851 0.0500426 0.0422979 -18.2511 0.0516142 0.997985 0.0369173 -3.50847 -0.0403652 0.0390212 -0.998423 271.691 
-0.998142 0.0457208 0.0402714 -18.1286 0.0471239 0.998289 0.0346088 -3.43574 -0.0386202 0.0364422 -0.998589 269.15 
-0.998433 0.0433329 0.0354084 -18.0387 0.0446125 0.998349 0.0361848 -3.35868 -0.0337819 0.0377078 -0.998718 266.543 
-0.998776 0.0417222 0.0265734 -17.9381 0.0427406 0.998325 0.038983 -3.2936 -0.0249024 0.0400711 -0.998886 263.888 
-0.999079 0.0399104 0.0157698 -17.8881 0.0405547 0.998256 0.0429017 -3.21633 -0.01403 0.0435017 -0.998955 261.227 
-0.999285 0.0374749 0.00491218 -17.8358 0.0376489 0.998402 0.0421543 -3.14771 -0.0033246 0.0423091 -0.999099 258.561 
-0.999399 0.0340958 -0.006181 -17.8351 0.0338145 0.998587 0.0410037 -3.07736 0.00757031 0.0407701 -0.99914 255.889 
-0.999279 0.0343088 -0.016276 -17.8508 0.0335151 0.998344 0.0467587 -3.01022 0.0178532 0.0461795 -0.998774 253.193 
-0.999031 0.0352124 -0.0263971 -17.8734 0.0339726 0.998362 0.0460315 -2.94092 0.0279748 0.0450901 -0.998591 250.505 
-0.99891 0.034346 -0.0316206 -17.9454 0.0330101 0.998579 0.0418433 -2.87217 0.0330128 0.0407538 -0.998624 247.807 
-0.998818 0.031479 -0.037032 -17.9961 0.0299529 0.998707 0.0410672 -2.77905 0.0382768 0.0399094 -0.99847 245.092 
-0.998718 0.0330907 -0.038294 -18.1178 0.0314206 0.998563 0.0434232 -2.71542 0.0396759 0.0421643 -0.998323 242.358 
-0.998647 0.0341826 -0.0391791 -18.188 0.0324789 0.998533 0.0433263 -2.64498 0.0406026 0.0419952 -0.998292 239.607 
-0.998582 0.0374248 -0.0378615 -18.2716 0.0359209 0.998568 0.0396506 -2.56829 0.0392912 0.0382344 -0.998496 236.849 
-0.998521 0.0409092 -0.0357994 -18.3574 0.0393578 0.998299 0.0430193 -2.48763 0.0374984 0.0415467 -0.998433 234.075 
-0.998676 0.0391334 -0.0333888 -18.4508 0.0376228 0.99829 0.0447311 -2.4138 0.0350822 0.0434157 -0.998441 231.28 
-0.9989 0.0340169 -0.0322825 -18.5238 0.0325854 0.998505 0.0438785 -2.34197 0.0337269 0.0427783 -0.998515 228.49 
-0.998901 0.0345859 -0.0316174 -18.6214 0.0332908 0.99862 0.04061 -2.27541 0.0329783 0.0395128 -0.998675 225.679 
-0.998952 0.0338102 -0.0308384 -18.6934 0.0325083 0.998598 0.0417833 -2.20887 0.0322079 0.0407371 -0.998651 222.848 
-0.999023 0.031614 -0.0308658 -18.7595 0.0302589 0.998598 0.0434226 -2.12793 0.0321953 0.0424462 -0.99858 220.008 
-0.999048 0.0315692 -0.0301007 -18.8237 0.0302781 0.998641 0.0424272 -2.06565 0.0313991 0.0414755 -0.998646 217.149 
-0.998967 0.034068 -0.0300771 -18.8918 0.0327155 0.998479 0.0443678 -1.98172 0.0315429 0.043338 -0.998562 214.267 
-0.998955 0.0341657 -0.030373 -18.9691 0.0329228 0.998636 0.0405212 -1.90413 0.031716 0.0394789 -0.998717 211.388 
-0.998941 0.0350993 -0.0297633 -19.0489 0.033879 0.998603 0.0405599 -1.81734 0.0311454 0.0395086 -0.998734 208.494 
-0.999004 0.0333865 -0.0295872 -19.1011 0.0321587 0.99864 0.0410437 -1.7552 0.0309173 0.0400513 -0.998719 205.578 
-0.999016 0.0330146 -0.0296299 -19.1599 0.0317172 0.998561 0.0432382 -1.68677 0.0310147 0.0422558 -0.998625 202.652 
-0.998958 0.0352025 -0.0290591 -19.2402 0.0339565 0.998527 0.0423116 -1.61334 0.0305057 0.0412808 -0.998682 199.726 
-0.998949 0.0343581 -0.0303252 -19.303 0.0329183 0.998363 0.0467651 -1.54382 0.0318823 0.0457178 -0.998445 196.791 
-0.99896 0.0325372 -0.0319485 -19.3809 0.0310028 0.998395 0.0474038 -1.47678 0.0334396 0.046364 -0.998365 193.875 
-0.998916 0.0318955 -0.0338942 -19.4558 0.0302647 0.998409 0.0475838 -1.40261 0.0353579 0.0465064 -0.998292 190.966 
-0.998833 0.0329632 -0.0352999 -19.553 0.0312966 0.998415 0.0467674 -1.3368 0.0367856 0.0456081 -0.998282 188.067 
-0.998828 0.0312984 -0.0369237 -19.6334 0.0295602 0.998471 0.0467172 -1.26116 0.0383294 0.0455709 -0.998225 185.179 
-0.998758 0.0317683 -0.0383886 -19.7142 0.0298471 0.998322 0.0496218 -1.18375 0.0399006 0.0484144 -0.99803 182.289 
-0.998618 0.0324514 -0.0413423 -19.8265 0.0304221 0.998345 0.0488034 -1.11146 0.0428576 0.0474782 -0.997952 179.432 
-0.998424 0.0338228 -0.0447811 -19.9473 0.031599 0.998276 0.0494698 -1.0279 0.0463771 0.0479768 -0.997771 176.598 
-0.998142 0.0367713 -0.0485789 -20.0833 0.0343237 0.998145 0.0502919 -0.943636 0.050338 0.048531 -0.997552 173.793 
-0.997921 0.0367285 -0.0529514 -20.2082 0.0339946 0.998087 0.0516373 -0.862321 0.0547466 0.0497299 -0.997261 171.022 
-0.997624 0.0378262 -0.057575 -20.3388 0.0347116 0.997928 0.0541677 -0.783357 0.0595047 0.0520405 -0.996871 168.319 
-0.997441 0.0382649 -0.0603944 -20.5071 0.0349788 0.997898 0.0545607 -0.712475 0.0623552 0.0523086 -0.996682 165.707 
-0.997341 0.0373338 -0.0625821 -20.6448 0.0337678 0.997797 0.0571019 -0.636257 0.0645761 0.0548368 -0.996405 163.173 
-0.997369 0.0358445 -0.0630074 -20.7773 0.0324108 0.997977 0.0546997 -0.55784 0.0648406 0.0525137 -0.996513 160.732 
-0.997377 0.0370826 -0.062165 -20.9218 0.0337068 0.997945 0.0544999 -0.486629 0.0640583 0.0522616 -0.996577 158.398 
-0.997469 0.0361166 -0.0612447 -21.0507 0.032605 0.997819 0.0573989 -0.421761 0.0631842 0.0552568 -0.996471 156.168 
-0.997651 0.0337856 -0.0595875 -21.1871 0.0303725 0.997896 0.0572828 -0.357531 0.0613974 0.0553384 -0.996578 154.048 
-0.997718 0.0324612 -0.0592101 -21.2746 0.0292203 0.99807 0.0548031 -0.294162 0.0608747 0.0529479 -0.99674 152.023 
-0.997659 0.0319622 -0.0604606 -21.2673 0.028577 0.998019 0.0560497 -0.249265 0.0621323 0.0541907 -0.996596 150.205 
-0.997724 0.0346187 -0.0578577 -21.4008 0.0312921 0.997858 0.057444 -0.20425 0.0597224 0.0555028 -0.996671 148.39 
-0.997844 0.0328313 -0.0568236 -21.4796 0.0295788 0.997927 0.0571627 -0.14426 0.0585825 0.0553587 -0.996746 146.651 
-0.997782 0.0336888 -0.0574198 -21.5429 0.0306888 0.998157 0.0523515 -0.0905058 0.0590776 0.0504732 -0.996977 144.996 
-0.997847 0.0330937 -0.056617 -21.6277 0.0301706 0.998205 0.0517268 -0.0422768 0.0582272 0.0499073 -0.997055 143.384 
-0.997781 0.0351956 -0.0565146 -21.7057 0.0323948 0.998237 0.0497334 -0.0195876 0.0581653 0.0477923 -0.997162 141.834 
-0.99779 0.0330493 -0.0576489 -21.77 0.0301791 0.998295 0.0499684 0.0198956 0.059202 0.0481182 -0.997086 140.337 
-0.997727 0.0355831 -0.0572277 -21.8995 0.0327529 0.998229 0.0496555 0.0681316 0.0588933 0.0476682 -0.997126 138.877 
-0.997613 0.0369018 -0.0583644 -21.9619 0.0341282 0.998272 0.0478259 0.105916 0.0600284 0.0457199 -0.997149 137.445 
-0.997459 0.0399019 -0.0590285 -22.093 0.0375066 0.998449 0.0411456 0.155869 0.0605788 0.038827 -0.997408 135.34 
-0.997564 0.0364225 -0.0595007 -22.1997 0.034228 0.998711 0.0374932 0.191924 0.0607896 0.0353653 -0.997524 133.948 
-0.997345 0.0398599 -0.0609411 -22.2556 0.0373539 0.998431 0.0417231 0.220539 0.0625086 0.039336 -0.997269 132.56 
-0.997636 0.0290243 -0.0622922 -22.2974 0.026605 0.998872 0.0393217 0.238985 0.0633632 0.0375714 -0.997283 131.192 
-0.997706 0.0297177 -0.0608315 -22.4196 0.0280899 0.999229 0.0274415 0.259144 0.0616001 0.0256698 -0.997771 129.83 
-0.997971 0.0206089 -0.0602414 -22.4577 0.0190002 0.999451 0.0271561 0.277674 0.0607679 0.0259564 -0.997814 128.424 
-0.998189 0.0166322 -0.0578073 -22.5174 0.014722 0.999337 0.0333131 0.313648 0.058323 0.0324018 -0.997772 126.965 
-0.99847 0.0164882 -0.0527764 -22.5909 0.0147536 0.999344 0.0330883 0.343421 0.0532873 0.0322591 -0.998058 125.478 
-0.998876 0.0133078 -0.0454977 -22.6661 0.0118523 0.999414 0.032113 0.375989 0.0458984 0.0315376 -0.998448 123.935 
-0.999195 0.0127767 -0.0380162 -22.7182 0.0112487 0.999131 0.040141 0.419707 0.038496 0.0396811 -0.998471 122.317 
-0.999417 0.0166482 -0.0298087 -22.7942 0.0153588 0.998958 0.0429724 0.469529 0.0304931 0.0424895 -0.998631 120.638 
-0.999575 0.0205674 -0.0206729 -22.8416 0.019747 0.999039 0.0391349 0.525095 0.021458 0.03871 -0.99902 118.9 
-0.999615 0.0250211 -0.0120326 -22.886 0.0245414 0.998958 0.038488 0.583122 0.012983 0.0381779 -0.999187 117.087 
-0.999614 0.0275204 -0.00385882 -22.8761 0.0273307 0.998713 0.0427158 0.638308 0.00502941 0.0425938 -0.99908 115.193 
-0.999519 0.0306733 0.00464285 -22.8575 0.0308348 0.998722 0.0400397 0.698263 -0.00340877 0.0401635 -0.999187 113.238 
-0.999404 0.0323958 0.0119408 -22.8136 0.0327975 0.998844 0.0351329 0.763072 -0.0107889 0.0355036 -0.999311 111.217 
-0.99932 0.033044 0.0163542 -22.7638 0.0335956 0.998833 0.0346876 0.812298 -0.0151889 0.0352134 -0.999264 109.117 
-0.999334 0.0320734 0.0174119 -22.7053 0.0325716 0.999045 0.0291269 0.856415 -0.016461 0.0296746 -0.999424 106.953 
-0.99925 0.0351902 0.0161409 -22.6381 0.0356707 0.998898 0.0305105 0.895713 -0.0150495 0.0310633 -0.999404 104.724 
-0.999211 0.0365671 0.0154683 -22.5897 0.0371318 0.998589 0.0379537 0.966601 -0.0140586 0.0384981 -0.99916 102.416 
-0.999236 0.0360339 0.0151443 -22.5518 0.0365332 0.998751 0.0340976 1.03607 -0.0138967 0.0346248 -0.999304 100.057 
-0.999303 0.034908 0.0132039 -22.4805 0.0353279 0.99883 0.0330268 1.1022 -0.0120356 0.0334703 -0.999367 97.62 
-0.999326 0.0351982 0.0103955 -22.4416 0.0355436 0.99875 0.0351573 1.17106 -0.00914502 0.0355031 -0.999328 95.1222 
-0.999342 0.0352887 0.00836404 -22.4143 0.0355634 0.998742 0.0353445 1.23911 -0.00710626 0.0356187 -0.99934 92.5597 
-0.999419 0.0339484 0.00307353 -22.3991 0.0340336 0.998838 0.0341278 1.29675 -0.00191138 0.0342126 -0.999413 89.9421 
-0.999346 0.0360612 -0.0024965 -22.3781 0.0359972 0.999106 0.0221578 1.36025 0.0032933 0.0220534 -0.999751 87.2748 
-0.999314 0.0363751 -0.00696801 -22.3986 0.0361003 0.998693 0.0361683 1.40232 0.00827454 0.0358919 -0.999321 84.5137 
-0.999347 0.034069 -0.0120528 -22.3983 0.033633 0.998832 0.0347 1.48458 0.0132209 0.034272 -0.999325 81.7209 
-0.999275 0.0344819 -0.0161507 -22.4418 0.0339197 0.99885 0.0338798 1.56253 0.0173004 0.0333074 -0.999295 78.8517 
-0.999149 0.0360942 -0.0199707 -22.484 0.0353623 0.998731 0.0358622 1.62668 0.0212398 0.0351255 -0.999157 75.9266 
-0.999164 0.032753 -0.0244515 -22.5543 0.0317352 0.998659 0.0409128 1.69311 0.0257587 0.0401026 -0.998863 72.9797 
-0.999067 0.0321263 -0.0288711 -22.6091 0.030811 0.998516 0.0449023 1.76943 0.0302708 0.0439708 -0.998574 70.0363 
-0.99899 0.0323594 -0.0311744 -22.6777 0.0310091 0.9986 0.0428639 1.84657 0.0325178 0.0418539 -0.998594 67.1004 
-0.998851 0.0357175 -0.0319437 -22.7173 0.0342874 0.998432 0.0442507 1.91217 0.0334741 0.0431046 -0.99851 64.1859 
-0.998869 0.0335387 -0.0336965 -22.7761 0.0321346 0.998627 0.0413804 1.97434 0.0350381 0.0402508 -0.998575 61.3081 
-0.998721 0.0375736 -0.0338398 -22.8722 0.0359628 0.998247 0.047013 2.04282 0.0355469 0.0457359 -0.998321 58.3773 
-0.998713 0.0395859 -0.0316959 -22.9813 0.0380194 0.998095 0.0485843 2.14325 0.0335588 0.0473167 -0.998316 55.4627 
-0.998829 0.0381477 -0.0297577 -23.0538 0.0368764 0.99843 0.0421583 2.22296 0.0313192 0.0410116 -0.998668 52.5539 
-0.998866 0.0380844 -0.028584 -23.1173 0.0368367 0.998397 0.0429745 2.29421 0.0301748 0.0418728 -0.998667 49.6489 
-0.99888 0.0389884 -0.0267901 -23.1859 0.0376284 0.998064 0.0495225 2.36441 0.0286691 0.048459 -0.998414 46.7435 
-0.998973 0.0365493 -0.0267918 -23.2455 0.0353225 0.998366 0.0449148 2.44432 0.0283896 0.0439223 -0.998631 43.8605 
-0.998868 0.03853 -0.0279065 -23.2892 0.03732 0.998393 0.0426528 2.50097 0.029505 0.0415631 -0.9987 40.997 
-0.998853 0.0381846 -0.0288961 -23.3736 0.0368106 0.998232 0.0466732 2.58306 0.0306272 0.045556 -0.998492 38.1192 
-0.998963 0.0348139 -0.0293522 -23.4624 0.0334721 0.998425 0.0450288 2.65163 0.0308736 0.0439996 -0.998554 35.2734 
-0.998897 0.0362483 -0.0298532 -23.5439 0.0349417 0.998456 0.043186 2.72366 0.0313726 0.0420953 -0.998621 32.4324 
-0.998646 0.0430918 -0.0291502 -23.6137 0.0417627 0.998124 0.0447619 2.77827 0.0310244 0.0434838 -0.998572 29.5896 
-0.99869 0.0414347 -0.0300161 -23.6614 0.0400916 0.998225 0.0440453 2.8502 0.0317878 0.0427842 -0.998579 26.7685 
-0.998822 0.0373107 -0.031025 -23.7174 0.035932 0.998391 0.0438659 2.925 0.0326117 0.0426994 -0.998556 23.968 
-0.998881 0.0347889 -0.0320416 -23.7737 0.0333222 0.998421 0.0452268 2.9917 0.0335644 0.0441085 -0.998463 21.179 
-0.998777 0.037422 -0.0323255 -23.848 0.0359065 0.998284 0.0462527 3.06381 0.0340009 0.0450354 -0.998407 18.4186 
-0.998828 0.0351827 -0.0332346 -23.9331 0.0336883 0.998441 0.0445041 3.13182 0.0347486 0.0433323 -0.998456 15.6634 
-0.999003 0.0289007 -0.0340283 -24.0052 0.0275897 0.998882 0.0383845 3.19669 0.0350996 0.0374073 -0.998683 12.9247 
-0.999117 0.0247714 -0.0339264 -24.0713 0.0232991 0.998798 0.0431264 3.24761 0.0349539 0.0422979 -0.998493 10.1809 
-0.998977 0.0306848 -0.033203 -24.1969 0.0291056 0.998469 0.0470435 3.34785 0.0345957 0.046029 -0.998341 7.45015 
-0.998796 0.035912 -0.0334202 -24.2618 0.0343095 0.998289 0.0473484 3.43215 0.0350634 0.0461447 -0.998319 4.73454 
-0.998799 0.0347684 -0.03452 -24.3437 0.0332924 0.998544 0.042449 3.51739 0.0359456 0.0412488 -0.998502 2.00686 
-0.998918 0.0298739 -0.0356373 -24.4104 0.0283576 0.998701 0.0423222 3.57919 0.0368554 0.0412658 -0.998468 -0.73644 
-0.998953 0.027245 -0.0367622 -24.4905 0.0257613 0.998858 0.0402476 3.64494 0.0378168 0.0392584 -0.998513 -3.48299 
-0.998952 0.028155 -0.0360873 -24.5842 0.026689 0.998824 0.0404813 3.71304 0.0371846 0.0394757 -0.998528 -6.23961 
-0.99904 0.0244446 -0.0363461 -24.672 0.0229638 0.998911 0.0406155 3.77012 0.0372993 0.0397419 -0.998514 -9.01856 
-0.999094 0.0189522 -0.0381034 -24.7404 0.0173106 0.998927 0.0429593 3.83729 0.0388767 0.0422608 -0.99835 -11.8114 
-0.999106 0.0175206 -0.0384664 -24.8273 0.0160063 0.999098 0.0393298 3.90216 0.0391208 0.0386789 -0.998486 -14.6126 
-0.999117 0.0180874 -0.0379115 -24.917 0.0166477 0.999141 0.0379532 3.96915 0.0385654 0.0372886 -0.99856 -17.4229 
-0.999161 0.0157017 -0.0378259 -25.0103 0.0144277 0.999327 0.0337193 4.02913 0.0383299 0.0331453 -0.998715 -20.2456 
-0.99913 0.0172588 -0.0379526 -25.0685 0.0159061 0.999237 0.0356584 4.09818 0.0385391 0.0350237 -0.998643 -23.0866 
-0.999131 0.0201011 -0.0365219 -25.1612 0.0188148 0.999202 0.0352286 4.15416 0.0372009 0.0345109 -0.998712 -25.9294 
-0.999196 0.0177628 -0.0359514 -25.2528 0.0165108 0.999257 0.0348256 4.21113 0.0365433 0.034204 -0.998747 -28.7739 
-0.999197 0.0207345 -0.0342944 -25.3379 0.0194147 0.999075 0.0383804 4.2783 0.0350585 0.0376838 -0.998675 -31.6336 
-0.999148 0.0256455 -0.0323213 -25.4343 0.0244214 0.99899 0.0377129 4.34174 0.0332558 0.0368915 -0.998766 -34.4763 
-0.999068 0.0287248 -0.0322181 -25.512 0.0274569 0.998857 0.0391274 4.39475 0.0333052 0.0382063 -0.998715 -37.3261 
-0.998976 0.0321351 -0.031849 -25.5998 0.0308218 0.998688 0.0409021 4.45991 0.0331216 0.0398786 -0.998655 -40.1484 
-0.998851 0.035992 -0.0316582 -25.6787 0.0347804 0.998671 0.0380251 4.52412 0.0329847 0.0368803 -0.998775 -42.9719 
-0.99871 0.0401878 -0.0310379 -25.742 0.0391753 0.998701 0.0325675 4.58167 0.0323064 0.0313095 -0.998987 -45.7696 
-0.998781 0.0383911 -0.0310307 -25.8298 0.0372578 0.998646 0.0363111 4.6256 0.0323827 0.0351107 -0.998859 -48.5812 
-0.998752 0.0397699 -0.0302287 -25.9215 0.0386907 0.998621 0.0354855 4.67152 0.0315983 0.0342716 -0.998913 -51.3819 
-0.998716 0.0402422 -0.0307836 -25.9981 0.0391826 0.998644 0.0342817 4.71733 0.0321215 0.0330314 -0.998938 -54.1747 
-0.998616 0.0413744 -0.0324673 -26.0867 0.0402648 0.998606 0.0341153 4.79169 0.0338335 0.0327608 -0.99889 -56.9773 
-0.998474 0.0428558 -0.0348181 -26.1438 0.041726 0.998599 0.0325517 4.8446 0.0361644 0.0310493 -0.998863 -59.7767 
-0.998489 0.0408128 -0.0367947 -26.2129 0.039589 0.998658 0.0333971 4.88628 0.0381083 0.03189 -0.998765 -62.574 
-0.998493 0.0384667 -0.0391461 -26.293 0.0371334 0.998724 0.0342362 4.93141 0.0404131 0.032731 -0.998647 -65.3741 
-0.998481 0.0375729 -0.0402895 -26.3534 0.0361738 0.998735 0.0349125 4.95739 0.0415503 0.0334021 -0.998578 -68.1699 
-0.998431 0.0370982 -0.041953 -26.4348 0.0357994 0.998869 0.0312976 4.9964 0.0430666 0.0297466 -0.998629 -70.9557 
-0.998418 0.0383614 -0.0411037 -26.5427 0.0370596 0.998801 0.0319775 5.03156 0.0422811 0.0304036 -0.998643 -73.7247 
-0.998394 0.0413852 -0.0386964 -26.6426 0.0399817 0.998538 0.0363651 5.06271 0.0401448 0.0347595 -0.998589 -76.4813 
-0.998477 0.0407888 -0.0371531 -26.7306 0.0396039 0.9987 0.0320907 5.10648 0.0384137 0.0305704 -0.998794 -79.2172 
-0.998603 0.0374787 -0.0372597 -26.8386 0.036335 0.998861 0.0309107 5.15688 0.0383758 0.0295136 -0.998827 -81.9368 
-0.998561 0.0402193 -0.0354727 -26.9782 0.0388888 0.998542 0.0374323 5.21383 0.0369265 0.0359989 -0.998669 -84.6464 
-0.998464 0.0420203 -0.0361207 -27.0468 0.0407349 0.998535 0.0356126 5.25622 0.0375643 0.0340865 -0.998713 -87.3369 
-0.998453 0.0403372 -0.0382731 -27.1253 0.0390796 0.998689 0.0330569 5.29196 0.0395564 0.0315101 -0.99872 -90.0201 
-0.998451 0.0389007 -0.0397731 -27.2077 0.0374856 0.998658 0.0357262 5.33038 0.0411095 0.0341799 -0.99857 -92.6877 
-0.998401 0.0383876 -0.0414889 -27.3037 0.0370119 0.998755 0.0334321 5.3741 0.0427206 0.031843 -0.998579 -95.3289 
-0.998352 0.0373799 -0.043539 -27.3712 0.0358428 0.998724 0.0355651 5.41834 0.0448128 0.0339459 -0.998418 -97.9597 
-0.998233 0.038138 -0.0455703 -27.4816 0.0365488 0.998711 0.0352124 5.46551 0.0468545 0.0334846 -0.99834 -100.58 
-0.998141 0.0394454 -0.0464547 -27.6105 0.0378379 0.998671 0.0349878 5.50776 0.0477731 0.033165 -0.998307 -103.191 
-0.998092 0.039819 -0.0471791 -27.7611 0.0382206 0.99868 0.0343112 5.55689 0.048483 0.0324425 -0.998297 -105.789 
-0.998054 0.0392555 -0.0484381 -27.8814 0.0377718 0.9988 0.0311759 5.60007 0.0496038 0.0292857 -0.99834 -108.365 
-0.998023 0.0378541 -0.0501681 -27.9848 0.0361241 0.998736 0.0349545 5.6367 0.0514279 0.0330731 -0.998129 -110.927 
-0.998042 0.0388755 -0.0489907 -28.0873 0.0372682 0.99875 0.033307 5.66838 0.0502243 0.031416 -0.998244 -113.455 
-0.99797 0.0412423 -0.0485331 -28.2173 0.0396148 0.998635 0.0340323 5.70392 0.0498704 0.0320406 -0.998242 -115.978 
-0.998005 0.0422081 -0.0469504 -28.3294 0.0405219 0.998519 0.036305 5.73374 0.0484132 0.0343301 -0.998237 -118.485 
-0.998017 0.0434089 -0.0455752 -28.4614 0.0417829 0.998476 0.0360434 5.77554 0.0470704 0.0340677 -0.99831 -120.962 
-0.998042 0.0427867 -0.0456314 -28.5715 0.0411851 0.998521 0.0354802 5.80924 0.047082 0.0335314 -0.998328 -123.414 
-0.998019 0.0404189 -0.0482028 -28.6613 0.0386586 0.998571 0.0369087 5.85117 0.0496257 0.0349722 -0.998155 -125.83 
-0.997964 0.0393697 -0.0501797 -28.7829 0.0375712 0.998635 0.0362946 5.89294 0.0515401 0.0343354 -0.998081 -128.211 
-0.997838 0.0402092 -0.0519861 -28.8964 0.0384512 0.998669 0.0343859 5.92674 0.0532995 0.0323126 -0.998056 -130.548 
-0.997814 0.0409292 -0.0518766 -28.9995 0.0389628 0.998504 0.0383662 5.96287 0.0533693 0.0362611 -0.997916 -132.834 
-0.997657 0.04423 -0.052185 -29.1031 0.0422201 0.998347 0.0390087 5.98308 0.0538241 0.0367141 -0.997875 -135.056 
-0.997656 0.0441313 -0.0523035 -29.2111 0.0419169 0.998208 0.042705 6.02353 0.0540944 0.0404125 -0.997718 -137.189 
-0.997515 0.0438019 -0.0551908 -29.2848 0.0415379 0.998274 0.0415219 6.03816 0.0569142 0.0391261 -0.997612 -139.211 
-0.99734 0.0445146 -0.0577266 -29.3923 0.0421035 0.998216 0.0423324 6.07374 0.0595081 0.0397892 -0.997435 -141.131 
-0.99723 0.0491736 -0.0558068 -29.5201 0.0468348 0.997999 0.0424711 6.10463 0.0577836 0.0397398 -0.997538 -142.931 
-0.997381 0.0544033 -0.0476588 -29.5987 0.0524826 0.997793 0.0406666 6.12936 0.049766 0.0380588 -0.998036 -144.636 
-0.997898 0.0623525 -0.0176532 -29.6404 0.0616262 0.997334 0.0390678 6.14614 0.0200421 0.0378978 -0.999081 -146.22 
