1 1.19763e-11 1.70464e-10 0 1.19763e-11 1 3.5625e-10 -1.11022e-16 1.70464e-10 3.5625e-10 1 2.22045e-16 
0.999998 0.00143088 -0.00136626 -0.0278736 -0.00143123 0.999999 -0.000257619 -0.0560812 0.00136589 0.000259574 0.999999 2.38418 
0.999992 0.00286033 -0.00273194 -0.0557354 -0.00286175 0.999996 -0.000515091 -0.112136 0.00273045 0.000522905 0.999996 4.76729 
0.999982 0.0042904 -0.00409898 -0.0836255 -0.0042936 0.999991 -0.000772789 -0.168246 0.00409563 0.000790375 0.999991 7.15277 
0.999969 0.00571877 -0.00546518 -0.111499 -0.00572448 0.999983 -0.00103029 -0.224319 0.0054592 0.00106155 0.999985 9.53676 
0.999951 0.00714577 -0.00683087 -0.139362 -0.00715472 0.999974 -0.00128767 -0.28037 0.00682149 0.00133648 0.999976 11.9198 
0.999931 0.00843591 -0.00816322 -0.167141 -0.00844859 0.999963 -0.00152061 -0.336295 0.00815009 0.00158947 0.999965 14.3035 
0.999905 0.00994267 -0.00955913 -0.195073 -0.00996015 0.999949 -0.00178253 -0.392444 0.00954091 0.00187757 0.999953 16.6876 
0.999903 0.00903704 -0.0106381 -0.222069 -0.00904873 0.999958 -0.00105157 -0.445081 0.0106282 0.00114773 0.999943 19.0766 
0.999889 0.0090071 -0.0118276 -0.253156 -0.00904332 0.999954 -0.00301191 -0.497782 0.0118 0.00311854 0.999926 21.4647 
0.999862 0.00984956 -0.0133611 -0.288791 -0.00988085 0.999949 -0.00227713 -0.55273 0.013338 0.00240884 0.999908 23.853 
0.999835 0.0101149 -0.0151055 -0.327351 -0.0101569 0.999945 -0.00270318 -0.606984 0.0150773 0.00285616 0.999882 26.2431 
0.999823 0.00861126 -0.0167054 -0.367798 -0.00861793 0.999963 -0.000327681 -0.656564 0.0167019 0.00047159 0.99986 28.6371 
0.999784 0.00787253 -0.0192595 -0.435716 -0.00792223 0.999965 -0.00250575 -0.735647 0.0192391 0.00265778 0.999811 32.2319 
0.999763 0.00715949 -0.0205621 -0.484698 -0.00719573 0.999973 -0.00168915 -0.791594 0.0205494 0.00183671 0.999787 34.6148 
0.999746 0.0055957 -0.0218499 -0.562741 -0.00562143 0.999984 -0.00111657 -0.873467 0.0218433 0.00123911 0.999761 38.2069 
0.999747 0.0062008 -0.0216065 -0.61817 -0.00617996 0.99998 0.00103148 -0.926858 0.0216124 -0.000897686 0.999766 40.6024 
0.999739 0.00782238 -0.0214496 -0.675668 -0.00781302 0.999969 0.000520558 -0.977631 0.021453 -0.000352835 0.99977 42.9959 
0.999751 0.0110736 -0.019367 -0.735861 -0.010976 0.999927 0.00514141 -1.02036 0.0194225 -0.00492756 0.999799 45.3956 
0.999804 0.0119197 -0.0158213 -0.784447 -0.0117438 0.999869 0.0111629 -1.05121 0.0159523 -0.0109749 0.999812 47.8015 
0.999865 0.00992313 -0.013056 -0.822002 -0.00977267 0.999886 0.0115377 -1.07385 0.013169 -0.0114085 0.999848 50.2035 
0.999871 0.0115474 -0.0111836 -0.859463 -0.0114466 0.999894 0.00904029 -1.09829 0.0112868 -0.00891111 0.999897 52.6058 
0.99988 0.0099049 -0.0118841 -0.892873 -0.00981186 0.999921 0.00786143 -1.12788 0.011961 -0.00774388 0.999899 55.0152 
0.999837 0.0100971 -0.0149447 -0.933231 -0.00995818 0.999907 0.00933976 -1.16069 0.0150376 -0.00918942 0.999845 57.4278 
0.999799 0.0110527 -0.0167453 -0.981436 -0.0108951 0.999896 0.00946992 -1.19028 0.0168482 -0.00928557 0.999815 59.8386 
0.999786 0.0108011 -0.0176325 -1.03113 -0.0106471 0.999905 0.00880072 -1.22132 0.0177259 -0.0086111 0.999806 62.2456 
0.999793 0.00908842 -0.018201 -1.07847 -0.00893026 0.999922 0.00875222 -1.2517 0.0182792 -0.00858786 0.999796 64.6475 
0.999779 0.00952396 -0.0187288 -1.12954 -0.00934732 0.999911 0.00949644 -1.28111 0.0188176 -0.00931928 0.99978 67.0476 
0.999735 0.0131959 -0.0188793 -1.18693 -0.0130472 0.999883 0.00797869 -1.30942 0.0189824 -0.00773025 0.99979 69.4353 
0.999688 0.0166571 -0.0185977 -1.24323 -0.0164973 0.999826 0.00871377 -1.33946 0.0187396 -0.00840424 0.999789 71.816 
0.999704 0.0187315 -0.0155521 -1.29284 -0.0185739 0.999775 0.0102144 -1.37147 0.0157399 -0.00992248 0.999827 74.1875 
0.999836 0.0146383 -0.0106252 -1.32014 -0.0145978 0.999886 0.00388094 -1.40752 0.0106808 -0.0037252 0.999936 76.5408 
0.999851 0.0151931 -0.00818586 -1.33092 -0.0151758 0.999883 0.00216959 -1.42708 0.00821786 -0.00204504 0.999964 77.7163 
0.999881 0.0145024 -0.00525761 -1.33795 -0.0144706 0.999877 0.0060339 -1.4488 0.00534447 -0.00595709 0.999968 78.8946 
0.999885 0.0150247 0.00205161 -1.34229 -0.0150362 0.999871 0.00571294 -1.48583 -0.00196551 -0.00574313 0.999982 81.2345 
0.999885 0.0141338 0.00550328 -1.33565 -0.0141512 0.999895 0.00313899 -1.5061 -0.00545833 -0.00321651 0.99998 82.3991 
0.99988 0.0127292 0.00886334 -1.32387 -0.0127231 0.999919 -0.000739437 -1.53031 -0.00887203 0.000626579 0.999961 83.558 
0.999856 0.0118738 0.0121449 -1.30927 -0.0118523 0.999928 -0.00183327 -1.55547 -0.0121657 0.00168906 0.999925 84.7174 
0.999807 0.0116764 0.0157817 -1.29299 -0.0116789 0.999932 6.52823e-05 -1.58059 -0.0157798 -0.000249582 0.999876 85.877 
0.999651 0.0124442 0.0232842 -1.24713 -0.012416 0.999922 -0.00135718 -1.63067 -0.0232992 0.00106761 0.999728 88.1838 
0.999574 0.0121248 0.02656 -1.21667 -0.0120245 0.99992 -0.00393573 -1.65616 -0.0266056 0.00361468 0.99964 89.3334 
0.999406 0.0108644 0.0326931 -1.14413 -0.0107685 0.999937 -0.00310873 -1.71042 -0.0327248 0.00275483 0.999461 91.6365 
0.999319 0.0101085 0.0354901 -1.10175 -0.0100514 0.999948 -0.00178757 -1.73609 -0.0355063 0.00142963 0.999368 92.7913 
0.999138 0.00815756 0.0406936 -1.00612 -0.00821454 0.999965 0.00123296 -1.78507 -0.0406821 -0.00156617 0.999171 95.1026 
0.998965 0.00539851 0.0451542 -0.89754 -0.00520135 0.999976 -0.0044828 -1.83487 -0.0451773 0.0042433 0.99897 97.4132 
0.99879 0.00589486 0.0488303 -0.782045 -0.0054781 0.999947 -0.00866424 -1.89164 -0.0488788 0.00838626 0.998769 99.7397 
0.998865 0.005468 0.0473268 -0.607718 -0.00526529 0.999976 -0.00440692 -1.98309 -0.0473498 0.00415272 0.99887 103.279 
0.999189 0.00637717 0.0397667 -0.448327 -0.00625591 0.999975 -0.00317304 -2.06974 -0.0397859 0.00292169 0.999204 106.867 
0.999569 0.00862227 0.028059 -0.329075 -0.00856555 0.999961 -0.00214103 -2.15685 -0.0280764 0.00189977 0.999604 110.492 
0.999774 0.00896404 0.0192913 -0.272672 -0.0089555 0.99996 -0.000529183 -2.2134 -0.0192952 0.000356302 0.999814 112.924 
0.999903 0.0101783 0.00956334 -0.241552 -0.0101762 0.999948 -0.000271861 -2.2678 -0.00956561 0.000174517 0.999954 115.363 
0.999933 0.0115795 -4.92663e-05 -0.232571 -0.0115796 0.999932 -0.00108376 -2.32757 3.67139e-05 0.00108426 0.999999 117.812 
0.999859 0.0157602 -0.00585855 -0.246444 -0.0157671 0.999875 -0.00113725 -2.38815 0.0058399 0.00122947 0.999982 120.271 
0.999791 0.0188422 -0.00790759 -0.269679 -0.0188506 0.999822 -0.000979368 -2.44463 0.00788773 0.00112823 0.999968 122.742 
0.999667 0.0235682 -0.0104931 -0.316815 -0.0235496 0.999721 0.00189471 -2.52162 0.0105348 -0.00164697 0.999943 126.47 
0.999638 0.0238811 -0.0123852 -0.370442 -0.0238401 0.99971 0.00344343 -2.57813 0.0124639 -0.00314692 0.999917 130.22 
0.999767 0.0160332 -0.0144467 -0.413373 -0.0159196 0.999842 0.00794194 -2.63136 0.0145718 -0.0077101 0.999864 133.996 
0.999865 0.00723149 -0.0147543 -0.457056 -0.00714244 0.999956 0.00607934 -2.67599 0.0147976 -0.00597314 0.999873 137.79 
0.999882 0.00559825 -0.0143058 -0.490815 -0.00550633 0.999964 0.00645657 -2.71132 0.0143414 -0.00637704 0.999877 140.331 
0.99988 0.00859196 -0.0128936 -0.531657 -0.00846348 0.999914 0.00998678 -2.74413 0.0129783 -0.00987645 0.999867 142.88 
0.999889 0.00895428 -0.0119115 -0.568107 -0.00887644 0.999939 0.00657173 -2.77535 0.0119696 -0.00646527 0.999907 145.424 
0.999911 0.00789119 -0.0107591 -0.618401 -0.00792518 0.999964 -0.00311978 -2.84455 0.0107341 0.00320477 0.999937 149.227 
0.999915 0.00747066 -0.0106815 -0.649286 -0.00751224 0.999964 -0.00385818 -2.90876 0.0106523 0.00393809 0.999935 151.756 
0.999901 0.00893226 -0.0108898 -0.684175 -0.00895768 0.999957 -0.00228766 -2.96991 0.0108688 0.00238498 0.999938 154.288 
0.999885 0.00967133 -0.0116837 -0.721231 -0.00969494 0.999951 -0.00196518 -3.02488 0.0116641 0.00207822 0.99993 156.817 
0.999853 0.0103076 -0.0136647 -0.778517 -0.0103136 0.999947 -0.000364302 -3.10733 0.0136602 0.000505181 0.999907 160.604 
0.999806 0.0118748 -0.0157159 -0.844849 -0.0119134 0.999926 -0.0023666 -3.19122 0.0156867 0.00255337 0.999874 164.39 
0.99977 0.011987 -0.0178068 -0.915926 -0.0120613 0.999919 -0.00407482 -3.28271 0.0177565 0.00428865 0.999833 168.177 
0.99972 0.0127729 -0.019905 -0.99577 -0.0128126 0.999916 -0.00186476 -3.37385 0.0198795 0.00211927 0.9998 171.971 
0.999649 0.0146528 -0.0220779 -1.11197 -0.0147098 0.999889 -0.00241887 -3.49193 0.02204 0.00274279 0.999753 177.026 
0.999659 0.0132581 -0.0225007 -1.1675 -0.0133785 0.999897 -0.00520742 -3.55545 0.0224294 0.00550667 0.999733 179.549 
0.999681 0.0102488 -0.0230688 -1.22091 -0.0102893 0.999946 -0.00163495 -3.61722 0.0230509 0.00187179 0.999733 182.072 
0.999673 0.0103628 -0.0233607 -1.28027 -0.0103012 0.999943 0.00275764 -3.66913 0.0233879 -0.0025161 0.999723 184.593 
0.99965 0.0123045 -0.0234172 -1.34277 -0.0123672 0.99992 -0.00253445 -3.72236 0.0233842 0.00282317 0.999723 187.092 
0.999653 0.0119275 -0.023508 -1.40087 -0.0119497 0.999928 -0.000803738 -3.78186 0.0234967 0.00108437 0.999723 189.586 
0.999676 0.0114353 -0.0227296 -1.45692 -0.0113896 0.999933 0.00213771 -3.83975 0.0227525 -0.00187814 0.999739 192.07 
0.999749 0.0100797 -0.0200225 -1.50439 -0.0100826 0.999949 -4.30334e-05 -3.89757 0.0200211 0.000244903 0.999799 194.534 
0.999807 0.00913005 -0.0174209 -1.54334 -0.00917138 0.999955 -0.0022943 -3.96212 0.0173992 0.00245363 0.999846 196.982 
0.999851 0.00895475 -0.0147845 -1.57734 -0.00894716 0.99996 0.000579148 -4.02538 0.0147891 -0.000446782 0.999891 199.411 
0.999877 0.00944574 -0.012535 -1.60705 -0.00943641 0.999955 0.000803841 -4.08451 0.012542 -0.000685456 0.999921 201.821 
0.999903 0.0100777 -0.00965288 -1.6397 -0.0100668 0.999949 0.00118027 -4.16899 0.00966428 -0.00108298 0.999953 205.382 
0.99993 0.00877602 -0.00797274 -1.66316 -0.00876006 0.99996 0.00203533 -4.25023 0.00799028 -0.00196534 0.999966 208.852 
0.999917 0.0088232 -0.00934657 -1.69261 -0.00880109 0.999958 0.00240453 -4.32686 0.0093674 -0.00232207 0.999953 212.191 
0.999905 0.00906468 -0.0103449 -1.71766 -0.00905148 0.999958 0.00132208 -4.3768 0.0103564 -0.00122831 0.999946 214.345 
0.999882 0.00812922 -0.0130471 -1.74418 -0.00810178 0.999965 0.00215459 -4.42687 0.0130641 -0.00204863 0.999913 216.448 
0.999825 0.00730526 -0.0172146 -1.77596 -0.00720667 0.999957 0.00578251 -4.47251 0.0172561 -0.00565743 0.999835 218.508 
0.999724 0.00788841 -0.0221393 -1.82019 -0.007773 0.999956 0.00529428 -4.51313 0.0221801 -0.00512072 0.999741 220.495 
0.999579 0.0085377 -0.027723 -1.8716 -0.00837363 0.999947 0.0060289 -4.5533 0.0277731 -0.00579422 0.999598 222.403 
0.99939 0.00884009 -0.0337725 -1.93108 -0.00866386 0.999948 0.00536098 -4.59419 0.0338181 -0.00506511 0.999415 224.219 
0.999147 0.00982997 -0.0401111 -1.99932 -0.00964786 0.999942 0.0047311 -4.63434 0.0401553 -0.00434007 0.999184 225.946 
0.998893 0.0120495 -0.0454686 -2.07606 -0.0118789 0.999921 0.00402076 -4.67414 0.0455135 -0.00347619 0.998958 227.589 
0.998855 0.0129183 -0.0460674 -2.14943 -0.012684 0.999905 0.00537645 -4.71057 0.0461325 -0.00478597 0.998924 229.159 
0.998893 0.0128098 -0.0452506 -2.21517 -0.0125671 0.999905 0.00564562 -4.74656 0.0453186 -0.0050707 0.99896 230.658 
0.998938 0.0132911 -0.0441086 -2.27881 -0.0132363 0.999911 0.00153503 -4.77892 0.044125 -0.000949568 0.999026 232.116 
0.999039 0.0140376 -0.0415125 -2.33855 -0.0140623 0.999901 -0.000304814 -4.81318 0.0415041 0.000888285 0.999138 233.56 
0.999191 0.0132864 -0.0379686 -2.38958 -0.0133178 0.999911 -0.000573615 -4.84796 0.0379576 0.00107881 0.999279 234.992 
0.999265 0.0133643 -0.0359246 -2.41471 -0.0133962 0.99991 -0.000647249 -4.86487 0.0359127 0.00112802 0.999354 235.702 
0.999434 0.0132248 -0.0309432 -2.45827 -0.0132526 0.999912 -0.000692742 -4.89692 0.0309313 0.00110243 0.999521 237.112 
0.999628 0.0112681 -0.024831 -2.48924 -0.0112645 0.999937 0.000287764 -4.92965 0.0248326 -7.94849e-06 0.999692 238.508 
0.999766 0.0105994 -0.0188718 -2.51195 -0.010598 0.999944 0.000172923 -4.96556 0.0188725 2.71225e-05 0.999822 239.888 
0.99985 0.0113417 -0.0130489 -2.5282 -0.0113588 0.999935 -0.00123393 -4.99821 0.0130341 0.00138196 0.999914 241.264 
0.999909 0.0112986 -0.00733624 -2.53835 -0.0113065 0.999935 -0.001034 -5.03204 0.00732409 0.00111685 0.999973 242.654 
0.99993 0.0115537 -0.00245928 -2.5456 -0.0115551 0.999933 -0.000559149 -5.06428 0.00245265 0.000587528 0.999997 244.059 
0.999932 0.011576 0.00154232 -2.54662 -0.0115692 0.999923 -0.00438365 -5.09478 -0.00159295 0.00436551 0.999989 245.471 
0.999938 0.0108462 0.00249051 -2.54558 -0.0108313 0.999924 -0.0059351 -5.10904 -0.00255469 0.00590776 0.999979 246.186 
0.999938 0.0107719 0.00267294 -2.54373 -0.0107536 0.999919 -0.00676716 -5.12614 -0.00274561 0.00673799 0.999973 246.908 
0.999946 0.0100129 0.00284872 -2.54206 -0.00999282 0.999926 -0.00699183 -5.14519 -0.00291852 0.00696299 0.999972 247.636 
0.999925 0.011761 0.00332098 -2.5422 -0.0117345 0.9999 -0.00786543 -5.18538 -0.00341315 0.00782587 0.999964 249.111 
0.999932 0.0110868 0.00352747 -2.54094 -0.0110516 0.99989 -0.00985862 -5.20598 -0.00363639 0.00981897 0.999945 249.857 
0.999983 0.00402366 0.00424756 -2.52926 -0.00396977 0.999912 -0.0126188 -5.24631 -0.00429796 0.0126017 0.999911 251.371 
0.999972 0.00563303 0.00484195 -2.52948 -0.00558664 0.999939 -0.00954148 -5.26387 -0.0048954 0.00951417 0.999943 252.145 
0.999931 0.00828298 0.00826515 -2.52283 -0.00827762 0.999965 -0.000683216 -5.31615 -0.00827053 0.000614754 0.999966 254.511 
0.999803 0.0115532 0.016109 -2.50891 -0.0113657 0.999867 -0.011683 -5.34529 -0.0162419 0.0114976 0.999802 256.112 
0.999637 0.00863226 0.0255186 -2.45191 -0.00848589 0.999947 -0.0058389 -5.40687 -0.0255676 0.00562023 0.999657 258.593 
0.999489 0.0059302 0.0313975 -2.40183 -0.00582319 0.999977 -0.00349876 -5.44529 -0.0314175 0.00331414 0.999501 260.269 
0.999077 0.00986067 0.0418032 -2.28274 -0.00960269 0.999934 -0.00636774 -5.5333 -0.0418632 0.00596044 0.999106 263.621 
0.998782 0.0119276 0.0478698 -2.21167 -0.0117293 0.999921 -0.00442053 -5.58017 -0.0479187 0.00385367 0.998844 265.303 
0.998536 0.0101964 0.0531148 -2.1206 -0.00991456 0.999935 -0.00556804 -5.62275 -0.0531682 0.00503328 0.998573 266.989 
0.998423 0.00572078 0.0558426 -2.02015 -0.00545618 0.999973 -0.00488957 -5.66231 -0.0558691 0.00457717 0.998428 268.682 
0.998366 0.00484879 0.0569318 -1.92383 -0.0045818 0.999978 -0.00481941 -5.70592 -0.0569539 0.00455068 0.998366 270.382 
0.998396 0.00537455 0.0563685 -1.82945 -0.00516948 0.99998 -0.00378312 -5.75015 -0.0563877 0.00348566 0.998403 272.089 
0.998546 0.00513318 0.0536558 -1.7412 -0.00485245 0.999974 -0.00536107 -5.79381 -0.0536819 0.00509291 0.998545 273.795 
0.998695 0.0070106 0.0505903 -1.66066 -0.0066944 0.999957 -0.00641686 -5.83588 -0.0506331 0.00606981 0.998699 275.503 
0.998868 0.00861346 0.046776 -1.58558 -0.00833855 0.999947 -0.00606901 -5.87971 -0.0468258 0.0056721 0.998887 277.204 
0.999178 0.00702436 0.0399296 -1.51786 -0.00694001 0.999973 -0.0022507 -5.9219 -0.0399444 0.00197174 0.9992 278.897 
0.999522 0.0053321 0.0304419 -1.46624 -0.00537125 0.999985 0.00120446 -5.96075 -0.030435 -0.0013674 0.999536 280.569 
0.999766 0.00442697 0.0211729 -1.43189 -0.00448163 0.999987 0.00253453 -5.99441 -0.0211614 -0.00262882 0.999773 282.203 
0.999919 0.00301994 0.0123611 -1.41209 -0.00305103 0.999992 0.00249681 -6.02669 -0.0123534 -0.00253432 0.99992 283.788 
0.999982 0.00378205 0.00455822 -1.41432 -0.00379344 0.99999 0.00249342 -6.05399 -0.00454875 -0.00251066 0.999987 285.305 
0.999991 0.00266362 -0.00344064 -1.42342 -0.00265706 0.999995 0.0019098 -6.08512 0.0034457 -0.00190064 0.999992 286.744 
0.999877 0.00542942 -0.0146945 -1.45444 -0.00544968 0.999984 -0.00133942 -6.11745 0.014687 0.00141934 0.999891 288.101 
0.999432 0.00616846 -0.0331429 -1.50637 -0.00630687 0.999972 -0.00407305 -6.1494 0.0331168 0.00427976 0.999442 289.389 
0.997996 0.00756368 -0.06282 -1.59716 -0.00778981 0.999964 -0.00335535 -6.18245 0.0627924 0.00383798 0.998019 290.628 
0.991448 0.013381 -0.129815 -1.83449 -0.0137845 0.999903 -0.0022104 -6.22425 0.129772 0.00398093 0.991536 292.379 
0.966428 0.0166369 -0.256399 -2.3679 -0.0161328 0.999862 0.00406952 -6.27107 0.256431 0.00020353 0.966562 294.512 
0.92833 0.0207961 -0.371175 -2.94905 -0.017502 0.999772 0.0122414 -6.30794 0.371345 -0.00486779 0.928482 295.902 
0.868843 0.0205875 -0.49466 -3.68733 -0.0137525 0.999753 0.0174538 -6.32823 0.494897 -0.00836182 0.868911 297.164 
0.782848 0.0220978 -0.621821 -4.58632 -0.0104315 0.999695 0.0223937 -6.33944 0.622126 -0.0110443 0.782839 298.262 
0.709248 0.0210131 -0.704646 -5.27032 -0.004494 0.99967 0.0252877 -6.34781 0.704945 -0.0147685 0.709109 298.869 
0.618595 0.0212149 -0.785423 -6.01439 0.0063723 0.999467 0.0320152 -6.33996 0.785684 -0.0248094 0.618131 299.434 
0.51501 0.0317447 -0.856596 -6.80887 0.00190339 0.999269 0.0381764 -6.33128 0.857182 -0.0212917 0.514573 299.805 
0.40308 0.0387493 -0.914344 -7.62009 -0.00102594 0.999122 0.0418898 -6.31563 0.915164 -0.0159469 0.402766 300.062 
0.286916 0.0441768 -0.956937 -8.43615 0.00348417 0.998881 0.0471579 -6.29231 0.95795 -0.0168645 0.286441 300.22 
0.165841 0.0515813 -0.984803 -9.27029 0.00873268 0.998515 0.0537701 -6.27121 0.986114 -0.0175172 0.165144 300.329 
0.0372819 0.0609102 -0.997447 -10.136 0.0120792 0.99804 0.061398 -6.24255 0.999232 -0.0143374 0.0364731 300.271 
-0.162228 0.0806115 -0.983455 -11.4879 0.0204626 0.996718 0.0783232 -6.1783 0.986541 -0.00741788 -0.163345 299.994 
-0.291601 0.0911471 -0.952187 -12.4029 0.0302266 0.995831 0.0860681 -6.12353 0.956062 -0.00368386 -0.29314 299.633 
-0.412246 0.0944947 -0.906159 -13.3109 0.0393319 0.995525 0.0859204 -6.06377 0.910223 -0.000220522 -0.414118 299.143 
-0.566104 0.0948009 -0.818864 -14.6631 0.0485279 0.995475 0.0816987 -5.95012 0.822904 0.00651222 -0.568143 298.181 
-0.644411 0.0989099 -0.758255 -15.5692 0.0553382 0.995031 0.0827663 -5.87199 0.762674 0.011375 -0.646683 297.36 
-0.716412 0.111421 -0.688723 -16.4706 0.0717423 0.993697 0.0861335 -5.78346 0.693979 0.0122965 -0.71989 296.401 
-0.779741 0.110185 -0.616331 -17.3224 0.0764321 0.993782 0.080967 -5.69239 0.62142 0.0160258 -0.783314 295.284 
-0.83237 0.102443 -0.54467 -18.1234 0.0777282 0.994633 0.0682891 -5.59632 0.548742 0.0145056 -0.835866 294.047 
-0.875764 0.0978334 -0.472723 -18.872 0.078503 0.995076 0.0605041 -5.50938 0.476314 0.0158772 -0.879132 292.636 
-0.913017 0.0936182 -0.397033 -19.5385 0.0779441 0.995413 0.0554726 -5.4355 0.400406 0.0197009 -0.916126 291.079 
-0.928813 0.0955885 -0.358007 -19.8455 0.0816187 0.995201 0.0539691 -5.39719 0.361448 0.0209072 -0.932158 290.241 
-0.954698 0.0996951 -0.280378 -20.3818 0.0882635 0.994679 0.0531413 -5.33047 0.284184 0.0259867 -0.958418 288.505 
-0.973179 0.101988 -0.206208 -20.8116 0.093287 0.994306 0.051514 -5.265 0.210288 0.0308958 -0.977151 286.621 
-0.992432 0.0962251 -0.0762879 -21.307 0.0935178 0.99488 0.0383087 -5.1433 0.0795836 0.0308845 -0.99635 282.521 
-0.995236 0.0952705 -0.020712 -21.3836 0.0945336 0.994939 0.0340426 -5.09207 0.0238504 0.0319224 -0.999206 280.311 
-0.995538 0.0901444 0.0278974 -21.3456 0.091076 0.995258 0.0341483 -5.04425 -0.0246868 0.0365367 -0.999027 278.007 
-0.994471 0.0827435 0.064654 -21.2092 0.0847867 0.995962 0.0295192 -5.00136 -0.0619504 0.0348378 -0.997471 275.639 
-0.993718 0.0728344 0.0849721 -21.0019 0.0755538 0.996713 0.0292337 -4.96544 -0.0825636 0.03547 -0.995954 273.207 
-0.993731 0.0674377 0.0891622 -20.7768 0.0703133 0.997088 0.0295097 -4.92746 -0.0869125 0.035594 -0.99558 270.705 
-0.994589 0.0635802 0.0821637 -20.4476 0.0662682 0.997338 0.0304103 -4.86175 -0.0800116 0.0356906 -0.996155 266.831 
-0.995843 0.0609834 0.0676525 -20.1563 0.0634881 0.997351 0.0355105 -4.79953 -0.0653077 0.039658 -0.997077 262.848 
-0.996535 0.0601223 0.0574689 -19.9933 0.0623565 0.997334 0.0379073 -4.76049 -0.0550366 0.0413595 -0.997627 260.19 
-0.996883 0.0591046 0.0522612 -19.9213 0.0610962 0.997432 0.0373675 -4.73861 -0.0499184 0.040444 -0.997934 258.85 
-0.997529 0.0568909 0.0412329 -19.7967 0.0583987 0.997632 0.0363329 -4.69629 -0.0390682 0.038651 -0.998489 256.17 
-0.997895 0.0567492 0.0313836 -19.7034 0.0580563 0.997411 0.0424359 -4.64839 -0.0288942 0.0441686 -0.998606 253.475 
-0.997998 0.0588703 0.0231249 -19.6393 0.0598033 0.997327 0.0419708 -4.58676 -0.0205922 0.0432698 -0.998851 250.773 
-0.998082 0.0594355 0.017293 -19.5903 0.0600615 0.997461 0.038267 -4.52916 -0.0149746 0.0392322 -0.999118 248.064 
-0.998231 0.0581244 0.0125212 -19.5513 0.058564 0.997553 0.0381979 -4.47385 -0.0102703 0.0388636 -0.999192 245.338 
-0.998187 0.0593773 0.00984946 -19.5267 0.0597285 0.997399 0.040346 -4.41134 -0.0074282 0.0408611 -0.999137 242.596 
-0.998096 0.0608774 0.00995391 -19.5032 0.0612345 0.997292 0.0407293 -4.34609 -0.00744747 0.0412612 -0.999121 239.839 
-0.997771 0.0656159 0.012142 -19.4667 0.0660322 0.9971 0.0378388 -4.25571 -0.00962396 0.0385562 -0.99921 235.684 
-0.997792 0.0648515 0.0143111 -19.4304 0.0654015 0.996972 0.0420578 -4.18669 -0.0115402 0.0429009 -0.999013 232.893 
-0.997966 0.0617424 0.015851 -19.3813 0.0623657 0.997151 0.0424197 -4.12114 -0.0131868 0.043322 -0.998974 230.091 
-0.998033 0.0604636 0.0165655 -19.3324 0.0610939 0.997305 0.0406309 -4.06108 -0.0140641 0.041563 -0.999037 227.283 
-0.998034 0.0604056 0.016693 -19.3094 0.061015 0.997383 0.0387922 -4.0312 -0.014306 0.0397345 -0.999108 225.871 
-0.997974 0.0612577 0.0171721 -19.2653 0.061909 0.997264 0.0403829 -3.97516 -0.0146514 0.0413642 -0.999037 223.034 
-0.99803 0.0602836 0.0173623 -19.2149 0.0609664 0.997259 0.0419296 -3.91575 -0.0147871 0.0429056 -0.99897 220.186 
-0.998015 0.060565 0.0172517 -19.1647 0.0612205 0.997306 0.0404035 -3.85191 -0.0147582 0.0413795 -0.999035 217.328 
-0.997889 0.0625505 0.0174596 -19.1149 0.0632531 0.997066 0.043101 -3.78382 -0.0147124 0.0441144 -0.998918 214.452 
-0.99787 0.0628501 0.0174598 -19.084 0.0635439 0.997073 0.0425218 -3.74454 -0.0147362 0.0435407 -0.998943 213.011 
-0.997835 0.0634161 0.0174059 -19.0532 0.0640673 0.99715 0.0398286 -3.70667 -0.0148305 0.0408575 -0.999055 211.57 
-0.997826 0.0636074 0.0172678 -19.0221 0.0642469 0.997155 0.0394219 -3.6702 -0.0147112 0.0404456 -0.999073 210.124 
-0.997866 0.0629366 0.0173792 -18.9904 0.0635988 0.997148 0.0406227 -3.63417 -0.014773 0.0416413 -0.999023 208.672 
-0.997907 0.0622505 0.0175085 -18.9279 0.0629027 0.997236 0.0395545 -3.55915 -0.0149978 0.040573 -0.999064 205.758 
-0.998002 0.0607796 0.0172476 -18.8648 0.0614557 0.997233 0.0418309 -3.48764 -0.0146574 0.0428073 -0.998976 202.832 
-0.997915 0.0621706 0.0173612 -18.809 0.0628335 0.997194 0.0406818 -3.41917 -0.0147833 0.0416879 -0.999021 199.909 
-0.997942 0.0620157 0.0163174 -18.7519 0.0627025 0.996989 0.0456241 -3.35064 -0.0134388 0.0465533 -0.998825 196.976 
-0.998082 0.0602617 0.0141655 -18.6972 0.0608535 0.99709 0.0459184 -3.27644 -0.0113571 0.0466924 -0.998845 194.056 
-0.998166 0.0592744 0.0123008 -18.648 0.0597818 0.997147 0.0460891 -3.20505 -0.00953379 0.0467399 -0.998862 191.144 
-0.998083 0.0609218 0.0108909 -18.6104 0.0613504 0.997115 0.0446967 -3.13828 -0.0081365 0.0452791 -0.998941 188.243 
-0.998112 0.0606706 0.00957521 -18.5769 0.0610404 0.997131 0.0447547 -3.07584 -0.00683245 0.0452547 -0.998952 185.352 
-0.998152 0.060188 0.00835879 -18.546 0.060518 0.997041 0.0474027 -3.01113 -0.00548098 0.047821 -0.998841 182.469 
-0.998174 0.0601866 0.00519615 -18.5232 0.0603643 0.997078 0.0468043 -2.94218 -0.00236397 0.0470325 -0.998891 179.601 
-0.998166 0.0605306 0.00123086 -18.5107 0.0605206 0.997035 0.0475323 -2.87354 0.00164995 0.0475196 -0.998869 176.751 
-0.998041 0.0624989 -0.00282821 -18.5133 0.0622881 0.996874 0.0486068 -2.80321 0.00585725 0.0483354 -0.998814 173.93 
-0.997997 0.0628885 -0.00681973 -18.5267 0.0624678 0.996778 0.0503203 -2.73603 0.00996233 0.0497935 -0.99871 171.156 
-0.997902 0.0638009 -0.0110031 -18.5517 0.0631287 0.996581 0.0532982 -2.66695 0.014366 0.0524917 -0.998518 168.447 
-0.997822 0.0641553 -0.0153698 -18.605 0.0632094 0.996447 0.0556675 -2.56588 0.0188866 0.0545747 -0.998331 164.539 
-0.997856 0.0635031 -0.0158523 -18.6621 0.0625813 0.996626 0.0530981 -2.47385 0.0191707 0.0519922 -0.998463 160.837 
-0.997796 0.0645406 -0.0153892 -18.7004 0.0636388 0.996551 0.0532498 -2.42222 0.0187729 0.0521531 -0.998463 158.493 
-0.997811 0.0645853 -0.0142252 -18.7334 0.0636958 0.996398 0.055983 -2.3708 0.0177897 0.0549543 -0.99833 156.25 
-0.99794 0.0627639 -0.0132854 -18.7623 0.0619265 0.996502 0.056109 -2.32265 0.0167606 0.0551707 -0.998336 154.117 
-0.997892 0.0637176 -0.0122759 -18.7924 0.0629679 0.996554 0.0539915 -2.27446 0.0156738 0.0531048 -0.998466 152.087 
-0.997934 0.0633379 -0.0107775 -18.8274 0.0626438 0.996479 0.0557219 -2.20994 0.0142688 0.0549317 -0.998388 149.24 
-0.99791 0.063884 -0.00968684 -18.8475 0.0632426 0.996414 0.0562088 -2.1648 0.0132429 0.0554787 -0.998372 147.461 
-0.997951 0.0633705 -0.00878707 -18.8628 0.0628144 0.996596 0.0533881 -2.12351 0.0121404 0.0527267 -0.998535 145.754 
-0.997749 0.066551 -0.00824925 -18.8863 0.0660531 0.996539 0.0504645 -2.05941 0.0115792 0.049806 -0.998692 143.302 
-0.997568 0.0692182 -0.00824638 -18.9135 0.068743 0.996467 0.0482526 -1.9894 0.0115572 0.0475683 -0.998801 140.242 
-0.9974 0.0713883 -0.00987074 -18.9351 0.0708393 0.996341 0.0478125 -1.94437 0.0132479 0.0469889 -0.998808 138.044 
-0.997078 0.0754793 -0.0117169 -18.9737 0.0749519 0.996371 0.0403312 -1.89527 0.0147185 0.0393351 -0.999118 135.216 
-0.996996 0.0762837 -0.0133804 -19.0039 0.0756835 0.996299 0.040751 -1.83902 0.0164395 0.0396159 -0.99908 132.429 
-0.997667 0.0667203 -0.0144539 -19.0074 0.0661229 0.997069 0.0384778 -1.82356 0.0169788 0.0374323 -0.999155 131.06 
-0.997595 0.0677949 -0.0143944 -19.0266 0.0674104 0.997394 0.0256974 -1.8 0.016099 0.0246652 -0.999566 129.693 
-0.998344 0.0560576 -0.0129025 -19.0329 0.0556615 0.998021 0.0292461 -1.7736 0.0145165 0.0284795 -0.999489 127.564 
-0.998484 0.0542573 -0.00924176 -19.0409 0.0539223 0.99799 0.0332949 -1.75174 0.0110297 0.0327461 -0.999403 126.09 
-0.998583 0.0531416 -0.00285605 -19.0406 0.0530315 0.998136 0.0302135 -1.72188 0.00445632 0.0300192 -0.999539 124.575 
-0.998754 0.04977 0.00359816 -19.0261 0.0498626 0.998197 0.0334055 -1.68911 -0.00192909 0.0335433 -0.999435 122.991 
-0.998622 0.051388 0.0106701 -19.0079 0.0517835 0.997822 0.0408671 -1.65137 -0.00854678 0.0413633 -0.999108 121.337 
-0.998351 0.054468 0.0181132 -18.9811 0.0551539 0.997684 0.0398066 -1.60683 -0.0159031 0.04074 -0.999043 119.622 
-0.997979 0.0579839 0.0260103 -18.9409 0.0588982 0.997619 0.0358819 -1.56236 -0.0238678 0.0373414 -0.999018 117.841 
-0.997584 0.0604978 0.0341353 -18.8816 0.0617846 0.997366 0.0379921 -1.51858 -0.031747 0.0400094 -0.998695 115.984 
-0.996992 0.0646659 0.0427162 -18.8074 0.0663674 0.997005 0.0396925 -1.47269 -0.0400215 0.0424081 -0.998298 114.057 
-0.99642 0.0673461 0.0511037 -18.711 0.069128 0.99703 0.0339393 -1.42582 -0.0486662 0.0373505 -0.998116 112.07 
-0.996006 0.0680574 0.0577957 -18.5927 0.0699969 0.997027 0.032221 -1.38209 -0.055431 0.0361378 -0.997808 110.01 
-0.995901 0.067266 0.0604637 -18.4584 0.0691318 0.997177 0.0293123 -1.34335 -0.0583213 0.0333721 -0.99774 107.885 
-0.995916 0.06685 0.0606814 -18.3897 0.0685437 0.997302 0.0262697 -1.32609 -0.0587615 0.0303217 -0.997811 106.796 
-0.995718 0.0703541 0.0599628 -18.2568 0.072024 0.99706 0.0261548 -1.28814 -0.0579464 0.0303616 -0.997858 104.562 
-0.995749 0.0702485 0.0595828 -18.1174 0.0724216 0.996755 0.0351296 -1.24473 -0.0569217 0.0392953 -0.997605 102.246 
-0.995946 0.0686017 0.0581869 -17.972 0.0704953 0.997026 0.0311391 -1.19566 -0.0558777 0.0351147 -0.99782 99.8817 
-0.996093 0.0671447 0.0573521 -17.825 0.0690053 0.997131 0.0310997 -1.15122 -0.0550995 0.0349358 -0.997869 97.4478 
-0.996118 0.0682695 0.0555728 -17.6842 0.0701844 0.996979 0.0332645 -1.10252 -0.053134 0.0370357 -0.9979 94.9527 
-0.996426 0.0665296 0.0520477 -17.5437 0.0683455 0.997085 0.0339224 -1.04997 -0.0496392 0.0373584 -0.998068 92.3932 
-0.996925 0.062717 0.0469784 -17.41 0.0643324 0.997359 0.0336984 -0.999006 -0.0447409 0.036617 -0.998327 89.7748 
-0.997034 0.0652185 0.0408576 -17.2933 0.0660695 0.997618 0.0198344 -0.958478 -0.0394667 0.0224751 -0.998968 87.1097 
-0.997277 0.0644023 0.0359441 -17.1883 0.0656562 0.997233 0.0348659 -0.921829 -0.0335992 0.0371309 -0.998745 84.3517 
-0.997628 0.0626751 0.028451 -17.0483 0.0636003 0.997434 0.0328702 -0.833061 -0.0263179 0.0346018 -0.999055 80.1265 
-0.997567 0.0652774 0.0244777 -16.9736 0.0660827 0.997246 0.0336774 -0.77713 -0.022212 0.035213 -0.999133 77.2278 
-0.997685 0.0648601 0.0204358 -16.9054 0.065599 0.997128 0.0378406 -0.718759 -0.0179228 0.0390936 -0.999075 74.2844 
-0.997908 0.0625151 0.0164783 -16.8449 0.0631926 0.997012 0.0444279 -0.658898 -0.0136517 0.0453762 -0.998877 71.3345 
-0.997912 0.0631873 0.0134119 -16.7985 0.0637237 0.996985 0.0442806 -0.593621 -0.0105735 0.0450428 -0.998929 68.394 
-0.997897 0.0638462 0.0111938 -16.7602 0.0642777 0.996973 0.0437352 -0.530047 -0.00836763 0.0443627 -0.998981 65.4569 
-0.997985 0.062682 0.00984662 -16.7237 0.0630589 0.997026 0.0442963 -0.466239 -0.00704076 0.0448279 -0.99897 62.5225 
-0.997929 0.0637153 0.00879245 -16.6926 0.0640337 0.997038 0.0425953 -0.402897 -0.00605243 0.0430702 -0.999054 59.5885 
-0.997885 0.0643599 0.00910214 -16.6607 0.0647355 0.996656 0.0498695 -0.331875 -0.0058621 0.0503533 -0.998714 56.651 
-0.997881 0.0641922 0.0106616 -16.6229 0.0646141 0.996869 0.0455863 -0.25535 -0.0077019 0.0461786 -0.998904 53.7352 
-0.997948 0.0628669 0.0121345 -16.5778 0.0633178 0.99714 0.0412669 -0.195088 -0.00950543 0.0419506 -0.999074 50.8207 
-0.997905 0.0632512 0.0136152 -16.5315 0.0638097 0.996925 0.0454833 -0.136119 -0.0106965 0.0462568 -0.998872 47.9114 
-0.998028 0.0610291 0.0146873 -16.4782 0.0616807 0.996892 0.0489985 -0.0668298 -0.0116513 0.0498078 -0.998691 45.0138 
-0.998053 0.0607866 0.0139933 -16.4254 0.0613146 0.997275 0.0410351 -0.00428615 -0.0114607 0.0418131 -0.99906 42.137 
-0.997947 0.0626403 0.0133342 -16.38 0.063177 0.997006 0.0445851 0.0513988 -0.0105014 0.045336 -0.998917 39.2618 
-0.998065 0.0609454 0.0122986 -16.3325 0.0614373 0.997112 0.0446331 0.111825 -0.00954289 0.0453023 -0.998928 36.3968 
-0.99824 0.0582587 0.0110815 -16.2847 0.0586866 0.997338 0.0432852 0.170682 -0.00853025 0.0438593 -0.999001 33.5444 
-0.998085 0.0609364 0.0106252 -16.2461 0.0613321 0.99723 0.0420795 0.227999 -0.00803158 0.0426506 -0.999058 30.7078 
-0.997895 0.0639842 0.0105794 -16.2128 0.0643942 0.996932 0.0445004 0.286007 -0.0076996 0.0450879 -0.998953 27.8676 
-0.998 0.0624026 0.0101425 -16.1748 0.0627844 0.997095 0.0431327 0.345532 -0.00742147 0.0436832 -0.999018 25.0502 
-0.998187 0.0594563 0.00939459 -16.1341 0.0598079 0.997279 0.0431088 0.404138 -0.00680594 0.0435925 -0.999026 22.2484 
-0.99815 0.0601073 0.00912394 -16.1004 0.0604577 0.997164 0.0448265 0.461558 -0.00640366 0.0452952 -0.998953 19.4725 
-0.998049 0.0617875 0.00894943 -16.0726 0.0621392 0.996978 0.046617 0.52366 -0.00604204 0.0470822 -0.998873 16.7084 
-0.998206 0.059354 0.00785864 -16.0404 0.0596205 0.997431 0.0397066 0.582246 -0.00548171 0.0401039 -0.999181 13.9623 
-0.998613 0.0520647 0.00783009 -15.9999 0.0523338 0.997853 0.0393776 0.627781 -0.00576309 0.0397327 -0.999194 11.2215 
-0.998602 0.0522113 0.00822333 -15.9675 0.052523 0.997656 0.0438614 0.682198 -0.00591399 0.044232 -0.999004 8.48738 
-0.998095 0.0610195 0.00906531 -15.9496 0.0613859 0.99696 0.0479776 0.744327 -0.00611019 0.0484427 -0.998807 5.76379 
-0.997849 0.0648975 0.00925671 -15.9259 0.0652499 0.996856 0.0449412 0.8126 -0.00631103 0.0454485 -0.998947 3.03892 
-0.998036 0.0620696 0.00849666 -15.8896 0.0623715 0.997181 0.041701 0.875418 -0.00588435 0.0421491 -0.999094 0.308944 
-0.998192 0.0595827 0.00798272 -15.854 0.0598656 0.997331 0.0417918 0.933255 -0.00547134 0.0421941 -0.999094 -2.43652 
-0.998211 0.0592982 0.00765033 -15.8232 0.0595551 0.997445 0.039457 0.987097 -0.00529105 0.039842 -0.999192 -5.19233 
-0.998298 0.0578363 0.00748814 -15.7912 0.0580893 0.99752 0.0397348 1.04196 -0.00517146 0.0401021 -0.999182 -7.96603 
-0.998548 0.0534333 0.00683878 -15.7559 0.0536773 0.997646 0.0426702 1.10059 -0.00454267 0.0429754 -0.999066 -10.7552 
-0.998665 0.0512954 0.00606441 -15.7223 0.0514961 0.997886 0.0396364 1.15992 -0.00401842 0.0398958 -0.999196 -13.5475 
-0.998735 0.0498756 0.00645023 -15.6909 0.0500936 0.997951 0.0398152 1.21456 -0.0044512 0.0400879 -0.999186 -16.3591 
-0.998839 0.0477129 0.00657023 -15.6595 0.047909 0.998277 0.0338929 1.25838 -0.00494178 0.0341684 -0.999404 -19.1735 
-0.998826 0.0479201 0.00710897 -15.6299 0.0481416 0.99822 0.0352001 1.29821 -0.00540952 0.035501 -0.999355 -22.0039 
-0.998578 0.0526664 0.00820736 -15.606 0.0529232 0.997983 0.0350576 1.34248 -0.00634445 0.0354421 -0.999352 -24.845 
-0.998626 0.0517008 0.00849142 -15.5733 0.0519567 0.998093 0.0333339 1.38167 -0.00675183 0.0337293 -0.999408 -27.688 
-0.9987 0.0501358 0.00924708 -15.5368 0.0504536 0.997999 0.0381148 1.42384 -0.00731766 0.0385317 -0.999231 -30.5478 
-0.998415 0.0552364 0.0107834 -15.5077 0.0556016 0.997761 0.0371614 1.47449 -0.00870662 0.0377021 -0.999251 -33.3961 
-0.998216 0.0585104 0.0119089 -15.4766 0.0589332 0.997502 0.0389542 1.51964 -0.00959994 0.0395865 -0.99917 -36.2445 
-0.997954 0.0627049 0.0125044 -15.4441 0.0631551 0.997217 0.0396206 1.56685 -0.00998519 0.0403293 -0.999137 -39.0822 
-0.997556 0.0686397 0.0130485 -15.3925 0.0690995 0.996853 0.0388498 1.64734 -0.0103408 0.0396565 -0.99916 -43.3226 
-0.997339 0.0716734 0.0133133 -15.357 0.0720763 0.996861 0.032755 1.68978 -0.0109238 0.0336274 -0.999375 -46.1304 
-0.997355 0.0714112 0.013534 -15.3171 0.0718627 0.996747 0.0364779 1.73364 -0.010885 0.037354 -0.999243 -48.944 
-0.997374 0.0711834 0.0133521 -15.277 0.0716144 0.996811 0.0351958 1.78328 -0.0108041 0.0360595 -0.999291 -51.7485 
-0.997393 0.0710542 0.0126076 -15.2375 0.0714522 0.996845 0.0345727 1.83399 -0.0101113 0.0353834 -0.999323 -54.5479 
-0.9975 0.069862 0.0106725 -15.1995 0.0701945 0.996925 0.0348311 1.88302 -0.00820634 0.0354931 -0.999336 -57.3521 
-0.997382 0.0717489 0.00900512 -15.1701 0.0720127 0.99684 0.0335279 1.92781 -0.00657107 0.0340886 -0.999397 -60.1507 
-0.997461 0.0708244 0.00744125 -15.1423 0.0710401 0.996878 0.034464 1.96959 -0.00497713 0.0349052 -0.999378 -62.9515 
-0.997604 0.0689395 0.00583632 -15.1134 0.0691036 0.996981 0.0353996 2.0103 -0.00337827 0.0357181 -0.999356 -65.7507 
-0.997618 0.0688109 0.00479244 -15.0914 0.0689383 0.996985 0.0356059 2.05244 -0.00232792 0.0358515 -0.999354 -68.5388 
-0.997516 0.0702577 0.00501102 -15.0745 0.0703829 0.997003 0.032117 2.08736 -0.00273954 0.03239 -0.999472 -71.3233 
-0.997456 0.0710485 0.00580028 -15.0538 0.0712018 0.996917 0.0329676 2.11708 -0.0034401 0.0332967 -0.99944 -74.0953 
-0.997261 0.0735477 0.00782347 -15.0308 0.0737887 0.996584 0.0370851 2.14655 -0.00506922 0.0375608 -0.999282 -76.8564 
-0.997205 0.0741079 0.00952148 -14.9983 0.0743836 0.996687 0.0329016 2.17982 -0.00705167 0.0335179 -0.999413 -79.5932 
-0.997432 0.0709471 0.00984352 -14.9596 0.0712243 0.996964 0.0314566 2.20092 -0.00758188 0.0320769 -0.999457 -82.3173 
-0.997388 0.0715138 0.0101887 -14.9247 0.0718585 0.996657 0.0388668 2.23251 -0.00737515 0.0394974 -0.999193 -85.0349 
-0.997341 0.0722239 0.00967253 -14.8919 0.072536 0.996673 0.0371662 2.26864 -0.00695607 0.037769 -0.999262 -87.7267 
-0.997481 0.0705109 0.00777731 -14.8566 0.070738 0.996903 0.0343721 2.29699 -0.00532961 0.0348357 -0.999379 -90.408 
-0.997593 0.0690708 0.00619157 -14.8243 0.0692534 0.996912 0.037008 2.32693 -0.00361628 0.0373477 -0.999296 -93.0767 
-0.997596 0.0690833 0.00540046 -14.8108 0.0692329 0.996958 0.0358045 2.3415 -0.00291055 0.0360923 -0.999344 -94.4004 
-0.997588 0.0692914 0.00413711 -14.787 0.0693957 0.996938 0.0360248 2.37419 -0.00162823 0.036225 -0.999342 -97.0455 
-0.997636 0.0686725 0.0024398 -14.767 0.0687158 0.996946 0.037102 2.40784 0.000115536 0.0371819 -0.999309 -99.6766 
-0.997604 0.0691778 0.000876954 -14.7518 0.0691625 0.996912 0.0371833 2.44439 0.00169801 0.0371548 -0.999308 -102.29 
-0.997622 0.0689271 0.000230392 -14.7441 0.068888 0.996932 0.0371479 2.46267 0.00233081 0.0370755 -0.99931 -103.593 
-0.997635 0.0687242 -0.00106915 -14.7342 0.0686391 0.996969 0.036613 2.49831 0.0035821 0.036453 -0.999329 -106.186 
-0.997614 0.0689949 -0.00235413 -14.7282 0.0688753 0.997045 0.0340206 2.53066 0.00469442 0.0337773 -0.999418 -108.763 
-0.997602 0.0691565 -0.00263122 -14.7256 0.0690068 0.99689 0.0380598 2.56369 0.00525512 0.037787 -0.999272 -111.329 
-0.997581 0.0694796 -0.00230498 -14.7215 0.0693539 0.996957 0.0355917 2.60037 0.00477087 0.0353457 -0.999364 -113.877 
-0.997481 0.0709084 -0.00202276 -14.7178 0.0707866 0.996815 0.0367401 2.6342 0.0046215 0.0365043 -0.999323 -116.411 
-0.997483 0.0708889 -0.00137939 -14.7128 0.070783 0.996744 0.0386111 2.66779 0.004112 0.0384162 -0.999253 -118.924 
-0.997525 0.0702808 -0.00204413 -14.7005 0.0701557 0.996836 0.0373667 2.73591 0.00466383 0.0371309 -0.9993 -123.867 
-0.99759 0.0693019 -0.00333369 -14.6988 0.0691265 0.996887 0.0379067 2.7515 0.00595031 0.0375849 -0.999276 -125.082 
-0.99774 0.0669436 -0.00574651 -14.6985 0.0666624 0.996977 0.039921 2.78482 0.00840159 0.0394477 -0.999186 -127.485 
-0.997743 0.0666208 -0.00835732 -14.7061 0.0662659 0.997105 0.0372856 2.81753 0.0108171 0.0366476 -0.99927 -129.845 
-0.997614 0.0685077 -0.0086063 -14.7249 0.0680969 0.996823 0.041318 2.864 0.0114096 0.0406334 -0.999109 -133.3 
-0.997332 0.0724942 -0.00855478 -14.7431 0.0720832 0.996545 0.0412445 2.89521 0.0115152 0.0405178 -0.999112 -135.514 
-0.997449 0.0708443 -0.00874071 -14.7523 0.070377 0.996483 0.0454944 2.92894 0.011933 0.0447632 -0.998926 -137.654 
-0.997495 0.069693 -0.0121148 -14.7647 0.0691004 0.996644 0.0438919 2.96476 0.0151331 0.0429447 -0.998963 -139.696 
-0.997329 0.0714336 -0.0152585 -14.7974 0.070677 0.996465 0.0454141 3.00678 0.0184487 0.0442143 -0.998852 -142.556 
-0.997166 0.0741052 -0.0130031 -14.818 0.0734584 0.996298 0.0446553 3.03284 0.0162642 0.0435736 -0.998918 -144.321 
-0.996639 0.081807 0.00427872 -14.8188 0.0819147 0.995753 0.0420177 3.05566 -0.000823208 0.042227 -0.999108 -145.963 
-0.995269 0.0863195 0.0445841 -14.7546 0.088123 0.995298 0.0402062 3.07197 -0.0409039 0.0439448 -0.998196 -147.499 
-0.988213 0.0818113 0.129387 -14.492 0.0879692 0.995212 0.0426069 3.08883 -0.125282 0.0534868 -0.990678 -149.595 
-0.952149 0.0829722 0.294156 -13.8334 0.0936762 0.995349 0.0224621 3.08658 -0.290924 0.0489427 -0.955493 -151.95 
-0.859385 0.0802225 0.504997 -12.7772 0.0961686 0.99535 0.0055375 3.03226 -0.502204 0.0533237 -0.863104 -153.874 
-0.64112 0.0668705 0.764522 -10.9011 0.0890672 0.995948 -0.0124219 2.92644 -0.762255 0.0601299 -0.644478 -155.63 
-0.403662 0.0505414 0.913511 -9.10629 0.0702334 0.997238 -0.024139 2.81575 -0.912208 0.054415 -0.406098 -156.406 
-0.205912 0.0511896 0.977231 -7.69941 0.061418 0.997338 -0.0393015 2.72269 -0.976641 0.0519269 -0.208508 -156.663 
0.00318504 0.0300787 0.999542 -6.24316 0.0506636 0.998259 -0.0302015 2.64127 -0.998711 0.0507366 0.00165559 -156.617 
0.144625 0.00644498 0.989466 -5.26192 0.0436742 0.998963 -0.0128905 2.59331 -0.988522 0.0450784 0.144193 -156.394 
0.285517 -0.00712692 0.958347 -4.30543 0.0370266 0.999308 -0.00359967 2.55295 -0.957658 0.0365121 0.285583 -156.024 
0.486004 -0.0206811 0.873712 -2.92242 0.0371338 0.999306 0.00299825 2.5307 -0.873167 0.0309871 0.486435 -155.221 
0.659549 -0.0259974 0.751212 -1.65388 0.0325914 0.999451 0.0059737 2.49981 -0.750955 0.0205431 0.660034 -154.079 
