1 1.19763e-11 1.70464e-10 5.55111e-17 1.19763e-11 1 3.5625e-10 0 1.70464e-10 3.5625e-10 1 2.22045e-16 
0.999754 -0.0080102 0.0206713 0.0541807 0.00800831 0.999968 0.000174444 -0.0200812 -0.020672 -8.85798e-06 0.999786 0.879235 
0.999851 -0.0118584 0.0125396 0.0705324 0.0118954 0.999925 -0.0028753 -0.0288315 -0.0125046 0.00302403 0.999917 1.50086 
0.999789 -0.0134262 -0.0155588 0.057859 0.0133453 0.999897 -0.00528982 -0.0433315 0.0156282 0.00508107 0.999865 2.16198 
0.99852 -0.00519683 -0.0541452 0.00341514 0.004866 0.999969 -0.00623997 -0.0630497 0.0541759 0.00596726 0.998514 2.87551 
0.995456 -0.0059497 -0.0950316 -0.0713028 0.00537901 0.999966 -0.00626034 -0.0774298 0.0950656 0.00572072 0.995455 3.63071 
0.991085 -0.00626009 -0.133084 -0.193124 0.00565728 0.999972 -0.00490715 -0.0948039 0.133111 0.00411051 0.991093 4.41836 
0.986685 -0.00375923 -0.1626 -0.355562 0.0031539 0.999987 -0.00398076 -0.113755 0.162613 0.00341493 0.986684 5.24872 
0.982722 -0.00843207 -0.184895 -0.52767 0.00728958 0.99995 -0.00685808 -0.13162 0.184944 0.00539178 0.982734 6.12782 
0.97974 -0.00723613 -0.200145 -0.727014 0.00521548 0.99993 -0.0106213 -0.14955 0.200208 0.00936229 0.979709 7.05753 
0.976306 -0.0114973 -0.216088 -0.941959 0.00848762 0.999854 -0.0148511 -0.172982 0.216227 0.0126651 0.976261 8.04159 
0.97239 -0.0188226 -0.232603 -1.17809 0.0151187 0.999729 -0.0176965 -0.201607 0.232874 0.0136913 0.972411 9.07598 
0.968217 -0.0117573 -0.249833 -1.46151 0.00541003 0.999645 -0.0260775 -0.243439 0.250051 0.0238971 0.967938 10.149 
0.96361 -0.0170169 -0.26677 -1.74603 0.00936284 0.999508 -0.0299375 -0.301708 0.267148 0.0263504 0.963295 11.2615 
0.959127 -0.0154908 -0.282551 -2.07322 0.00560377 0.999344 -0.0357666 -0.356684 0.28292 0.0327214 0.958585 12.4111 
0.954999 -0.017963 -0.296066 -2.43094 0.00386345 0.998833 -0.0481395 -0.414923 0.296585 0.0448293 0.953954 13.6035 
0.952471 -0.018583 -0.304062 -2.81937 -0.00121639 0.997898 -0.0647976 -0.478137 0.304627 0.0620877 0.950446 14.8415 
0.949837 -0.0176562 -0.312246 -3.23733 -0.00804806 0.996695 -0.0808407 -0.570138 0.312642 0.0792985 0.946555 16.1246 
0.946582 -0.0144355 -0.322139 -3.70362 -0.0164963 0.995522 -0.0930837 -0.696851 0.32204 0.0934254 0.942105 17.4415 
0.943182 -0.00961 -0.332138 -4.20623 -0.0256314 0.994499 -0.101561 -0.844372 0.331287 0.104303 0.937747 18.801 
0.939191 -0.00794591 -0.343303 -4.73067 -0.0288686 0.994366 -0.101992 -1.00732 0.342179 0.105701 0.933671 20.2076 
0.936868 -0.0075193 -0.349602 -5.00232 -0.0294695 0.994514 -0.100363 -1.09105 0.348439 0.10433 0.931507 20.9243 
0.931099 -0.00694884 -0.364699 -5.57559 -0.0300374 0.994962 -0.0956449 -1.26005 0.363527 0.10001 0.9262 22.3896 
0.924286 -0.00152434 -0.381697 -6.21501 -0.0331749 0.995887 -0.0843108 -1.43896 0.380255 0.0905901 0.920434 23.8785 
0.916801 0.00348662 -0.39933 -6.89367 -0.0379648 0.996194 -0.0784635 -1.60697 0.397536 0.0870958 0.913444 25.3849 
0.908864 0.00326854 -0.417081 -7.60633 -0.0387532 0.996305 -0.0766397 -1.76197 0.415289 0.0858182 0.905632 26.9144 
0.904883 0.00460814 -0.425635 -7.98219 -0.0402168 0.996394 -0.0747117 -1.83986 0.423756 0.084723 0.901805 27.6887 
0.901122 0.00356121 -0.433551 -8.36227 -0.0388233 0.996612 -0.0725067 -1.91576 0.431824 0.0821693 0.898207 28.4691 
0.897202 0.00400336 -0.441603 -8.75708 -0.0382014 0.996914 -0.068576 -1.99023 0.439966 0.0783964 0.894586 29.2614 
0.893453 0.00628626 -0.449113 -9.16441 -0.0386365 0.997271 -0.0629036 -2.06021 0.447492 0.0735536 0.891258 30.0597 
0.889627 0.00652417 -0.456641 -9.5807 -0.0373265 0.997591 -0.0584665 -2.13002 0.45516 0.0690582 0.887728 30.8642 
0.885829 0.00584929 -0.463975 -10.0071 -0.0361449 0.997752 -0.0564299 -2.19645 0.462602 0.0667576 0.884049 31.675 
0.882564 0.00476447 -0.470168 -10.4443 -0.034988 0.997842 -0.0555652 -2.25826 0.468888 0.06549 0.880826 32.4921 
0.879358 0.00539833 -0.476131 -10.895 -0.0352284 0.997933 -0.0537483 -2.31948 0.474857 0.0640373 0.87773 33.317 
0.876405 0.0044446 -0.481554 -11.3541 -0.0336562 0.998078 -0.0520406 -2.38108 0.480397 0.0618159 0.87487 34.1521 
0.873738 0.00315567 -0.486387 -11.8249 -0.0324657 0.998127 -0.051845 -2.44386 0.485313 0.0610898 0.872204 34.997 
0.870192 0.00231948 -0.492707 -12.7925 -0.0326558 0.998062 -0.0529764 -2.57088 0.491629 0.0621894 0.868581 36.722 
0.869749 0.00252515 -0.493488 -13.2883 -0.0322997 0.998134 -0.0518192 -2.63809 0.492437 0.0610092 0.868207 37.6162 
0.869635 0.00297516 -0.493686 -13.7845 -0.0319506 0.998225 -0.0502656 -2.70734 0.492661 0.0594863 0.868186 38.5166 
0.869414 0.00187386 -0.49408 -14.2895 -0.0303751 0.998304 -0.0496637 -2.77514 0.493149 0.058186 0.867997 39.4271 
0.867693 -0.00258007 -0.497094 -15.3346 -0.0261242 0.998368 -0.0507824 -2.90914 0.496414 0.0570497 0.866209 41.2652 
0.866109 -0.00315282 -0.499846 -15.8674 -0.0247012 0.998488 -0.0490991 -2.97659 0.499245 0.0548719 0.864722 42.1904 
0.861212 -0.00251556 -0.508239 -16.9452 -0.0211271 0.998946 -0.0407442 -3.1089 0.507806 0.045827 0.860251 44.0351 
0.852081 -0.00580495 -0.523377 -18.0467 -0.0181624 0.999008 -0.0406495 -3.23564 0.523094 0.0441424 0.851131 45.8569 
0.839803 -0.0103353 -0.542793 -19.2123 -0.0160177 0.998912 -0.0438028 -3.35651 0.542655 0.04548 0.838724 47.6623 
0.828712 -0.00160584 -0.559674 -20.4338 -0.0205063 0.999237 -0.0332308 -3.46527 0.5593 0.0390155 0.828047 49.4334 
0.820883 -0.00430657 -0.57108 -21.6751 -0.0222318 0.998973 -0.0394898 -3.57473 0.570664 0.0451126 0.819944 51.1581 
0.81458 -0.00693314 -0.580009 -22.9253 -0.0249219 0.998587 -0.0469375 -3.69662 0.579515 0.0526893 0.813257 52.8739 
0.811107 -0.00617406 -0.584865 -23.5601 -0.0243609 0.99872 -0.0443273 -3.76156 0.58439 0.050202 0.809919 53.7342 
0.807862 -0.00279969 -0.589364 -24.2013 -0.0243917 0.998973 -0.03818 -3.82252 0.588866 0.0452197 0.806965 54.5969 
0.804763 -0.00107241 -0.593595 -24.8457 -0.0245564 0.999082 -0.0350972 -3.8757 0.593088 0.0428215 0.803998 55.4567 
0.798095 -0.00190662 -0.602529 -26.1483 -0.0256941 0.998978 -0.0371949 -3.97158 0.601984 0.0451665 0.79723 57.1703 
0.794043 -0.00449012 -0.607845 -26.809 -0.0246916 0.998909 -0.0396343 -4.0193 0.607359 0.04648 0.793066 58.0151 
0.785123 -0.00569829 -0.619313 -28.1597 -0.0235569 0.998959 -0.0390552 -4.12609 0.618891 0.0452522 0.784172 59.6958 
0.780153 -0.00523078 -0.625567 -28.845 -0.0239325 0.998984 -0.0381997 -4.18729 0.625131 0.0447729 0.779235 60.5311 
0.774757 -0.0065275 -0.632225 -29.5412 -0.0236716 0.998946 -0.039322 -4.24826 0.631815 0.0454308 0.773787 61.3609 
0.763546 -0.00912752 -0.645688 -30.9578 -0.0227302 0.998901 -0.0409997 -4.36913 0.645353 0.0459818 0.762499 63.0178 
0.757811 -0.0105098 -0.65239 -31.6783 -0.0222484 0.998873 -0.0419351 -4.43169 0.652095 0.0462935 0.756722 63.8405 
0.751598 -0.0125318 -0.659502 -32.4174 -0.0214244 0.998828 -0.0433958 -4.49539 0.659273 0.0467456 0.750449 64.6696 
0.74534 -0.0132177 -0.666553 -33.1606 -0.0206356 0.998867 -0.0428823 -4.55824 0.666365 0.0457166 0.744223 65.4899 
0.732543 -0.013498 -0.680587 -34.6737 -0.019273 0.998991 -0.0405571 -4.69083 0.680448 0.0428267 0.731544 67.0945 
0.726076 -0.015436 -0.687442 -35.4526 -0.017872 0.998987 -0.0413079 -4.75947 0.687383 0.0422787 0.725064 67.891 
0.713385 -0.0164426 -0.70058 -37.0546 -0.019198 0.998891 -0.0429928 -4.90623 0.700509 0.0441201 0.712278 69.473 
0.702843 -0.0150363 -0.711187 -38.6925 -0.0208797 0.99891 -0.0417542 -5.05786 0.711039 0.044196 0.701762 71.0526 
0.692649 -0.0178025 -0.721055 -40.3516 -0.0214703 0.998743 -0.045283 -5.21417 0.720955 0.0468465 0.691396 72.6231 
0.687532 -0.020307 -0.72587 -41.1928 -0.0211282 0.998626 -0.0479499 -5.29236 0.725846 0.0483034 0.686159 73.4057 
0.682418 -0.0211437 -0.730657 -42.0471 -0.021541 0.998566 -0.0490152 -5.3695 0.730645 0.0491879 0.680983 74.1846 
0.672242 -0.0200462 -0.740061 -43.7838 -0.0209892 0.998715 -0.0461182 -5.52705 0.740034 0.0465358 0.670957 75.7356 
0.667116 -0.0212421 -0.744651 -44.6583 -0.0199325 0.998726 -0.046347 -5.60232 0.744687 0.0457616 0.665843 76.5097 
0.657692 -0.0232386 -0.752929 -46.4323 -0.0180077 0.998753 -0.0465557 -5.7518 0.753072 0.0441778 0.656453 78.0513 
0.653799 -0.0238256 -0.756293 -47.334 -0.0171033 0.998783 -0.0462502 -5.82484 0.756475 0.0431734 0.652596 78.8248 
0.649816 -0.0259303 -0.759649 -48.239 -0.0145525 0.99881 -0.0465424 -5.89842 0.759953 0.0412988 0.648665 79.5962 
0.640457 -0.0354895 -0.767173 -50.076 -0.00685873 0.998628 -0.0519224 -6.06436 0.767963 0.0385159 0.639335 81.1292 
0.625504 -0.042666 -0.779053 -51.9408 0.00293722 0.998625 -0.0523329 -6.24048 0.780215 0.0304462 0.62477 82.6467 
0.607344 -0.0424892 -0.793302 -53.8665 0.00668987 0.998807 -0.0483743 -6.41201 0.794411 0.0240728 0.606904 84.1349 
0.588564 -0.043998 -0.807253 -55.8416 0.005492 0.998713 -0.0504291 -6.57787 0.808432 0.0252473 0.588047 85.5773 
0.568499 -0.0474455 -0.821314 -57.8592 0.00643129 0.998561 -0.0532331 -6.74772 0.822659 0.0249808 0.567987 86.9837 
0.547628 -0.0482313 -0.835331 -59.9165 0.010468 0.998654 -0.0507988 -6.92835 0.836657 0.0190746 0.547395 88.3591 
0.526713 -0.0496383 -0.848592 -62.0219 0.0103153 0.998593 -0.0520099 -7.10298 0.849981 0.0186408 0.526484 89.6838 
0.506467 -0.0511064 -0.860743 -64.1713 0.00765584 0.998469 -0.0547791 -7.28391 0.862225 0.0211541 0.506083 90.9595 
0.487756 -0.0491068 -0.871598 -66.3733 0.00582533 0.998577 -0.0530011 -7.46567 0.872961 0.0207743 0.487348 92.2009 
0.471932 -0.0473256 -0.880364 -68.6065 0.00642676 0.998716 -0.0502427 -7.64359 0.881612 0.0180533 0.47163 93.4083 
0.457092 -0.0538699 -0.887787 -70.8583 0.0109974 0.99843 -0.0549214 -7.82005 0.889352 0.0153408 0.456967 94.5834 
0.445296 -0.06019 -0.893358 -73.1306 0.0138246 0.998081 -0.0603549 -8.01191 0.895277 0.0145255 0.445274 95.7283 
0.440436 -0.0611829 -0.895697 -74.2625 0.0164841 0.998058 -0.0600694 -8.11009 0.897633 0.011692 0.44059 96.2881 
0.436156 -0.0585899 -0.897962 -75.4027 0.0178072 0.998245 -0.0564839 -8.20952 0.899695 0.00864566 0.436434 96.8445 
0.432213 -0.0565396 -0.899997 -76.5802 0.0211231 0.998393 -0.0525769 -8.30801 0.901524 0.00371369 0.432713 97.4151 
0.428845 -0.0558798 -0.901648 -77.6761 0.0228107 0.998437 -0.051029 -8.39673 0.90309 0.00131627 0.429449 97.9397 
0.425912 -0.0562438 -0.903015 -78.8072 0.0244544 0.998417 -0.0506519 -8.48698 0.904434 -0.000509444 0.426613 98.4755 
0.423285 -0.0552364 -0.904311 -79.9353 0.0262915 0.998468 -0.0486813 -8.57492 0.905615 -0.00316968 0.424089 99.0067 
0.420922 -0.054206 -0.905476 -81.0631 0.0277344 0.998515 -0.0468831 -8.66199 0.906673 -0.00537875 0.4218 99.5329 
0.418667 -0.0552625 -0.906457 -82.1801 0.030379 0.99844 -0.0468392 -8.74144 0.907632 -0.00792726 0.419693 100.057 
0.413407 -0.0547541 -0.908899 -84.3708 0.0357078 0.998397 -0.0439042 -8.91461 0.909846 -0.0143045 0.414699 101.063 
0.409303 -0.0547943 -0.910752 -86.5468 0.0397918 0.998317 -0.0421796 -9.07269 0.911531 -0.0189762 0.410794 102.033 
0.407274 -0.0574136 -0.9115 -88.6828 0.0412123 0.998161 -0.0444579 -9.2276 0.912376 -0.0194585 0.408891 102.977 
0.409655 -0.0577658 -0.91041 -90.7863 0.0379973 0.998207 -0.046239 -9.38358 0.911449 -0.0156511 0.411116 103.874 
0.419059 -0.0580605 -0.906101 -92.8503 0.0339684 0.998257 -0.0482558 -9.54042 0.907324 -0.0105568 0.4203 104.784 
0.431814 -0.0570946 -0.900154 -94.8824 0.0322541 0.998334 -0.0478493 -9.68029 0.901386 -0.00837171 0.432935 105.733 
0.448845 -0.0551755 -0.891904 -96.8816 0.0302683 0.998458 -0.0465349 -9.81891 0.893097 -0.0061094 0.449823 106.71 
0.458354 -0.0547039 -0.887084 -97.8684 0.0295935 0.99849 -0.0462831 -9.88676 0.888277 -0.00503785 0.459281 107.211 
0.468177 -0.0551241 -0.881914 -98.8429 0.0285159 0.998475 -0.0472717 -9.95809 0.883174 -0.00301704 0.469035 107.719 
0.490094 -0.0574627 -0.869774 -100.755 0.0249701 0.998341 -0.0518867 -10.0936 0.871312 0.00371105 0.490715 108.779 
0.51521 -0.0531555 -0.855414 -102.636 0.0212831 0.998561 -0.049232 -10.2166 0.8568 0.007159 0.515599 109.9 
0.539687 -0.0504039 -0.840355 -104.475 0.020775 0.998699 -0.0465593 -10.3255 0.841609 0.00766912 0.540033 111.065 
0.562429 -0.0517523 -0.825224 -106.259 0.021376 0.998616 -0.0480574 -10.4273 0.826569 0.0093889 0.562757 112.256 
0.584307 -0.0536682 -0.809756 -107.976 0.0241716 0.998519 -0.048737 -10.5389 0.811172 0.00890429 0.584739 113.472 
0.605264 -0.0484412 -0.794549 -109.641 0.0232941 0.998797 -0.0431488 -10.6555 0.795684 0.00760816 0.605665 114.711 
0.625611 -0.0460318 -0.778776 -111.243 0.0199975 0.998876 -0.0429769 -10.7697 0.779879 0.0113132 0.625828 115.96 
0.635275 -0.0458613 -0.770923 -112.022 0.0183267 0.998849 -0.0443183 -10.8275 0.772069 0.0140258 0.635384 116.59 
0.653929 -0.043555 -0.755301 -113.542 0.0179591 0.998954 -0.0420567 -10.9407 0.756342 0.0139376 0.654027 117.859 
0.671133 -0.0409619 -0.740205 -115.015 0.0183221 0.999084 -0.0386755 -11.0507 0.741111 0.0123943 0.671269 119.133 
0.68663 -0.0393402 -0.725942 -116.434 0.016544 0.999122 -0.0384962 -11.1556 0.726819 0.0144227 0.686678 120.414 
0.694051 -0.0371652 -0.718966 -117.123 0.0159197 0.999215 -0.036284 -11.2038 0.71975 0.0137372 0.694098 121.057 
0.70952 -0.0319735 -0.703959 -118.446 0.0134061 0.999402 -0.0318804 -11.2851 0.704557 0.0131825 0.709525 122.324 
0.72569 -0.0289604 -0.687412 -119.702 0.0105753 0.999465 -0.0309429 -11.3678 0.687941 0.0151854 0.725608 123.578 
0.744327 -0.022132 -0.667448 -120.896 0.00771939 0.999669 -0.0245396 -11.4425 0.667771 0.0131132 0.744252 124.857 
0.764701 -0.0196025 -0.644088 -122.023 0.00465687 0.999679 -0.0248959 -11.5109 0.644369 0.0160385 0.764547 126.144 
0.784607 -0.0207519 -0.619646 -123.091 0.00494286 0.999617 -0.0272183 -11.5757 0.619974 0.0182929 0.784409 127.45 
0.80509 -0.0161494 -0.592933 -124.115 0.00368872 0.999746 -0.0222209 -11.6398 0.593142 0.0157027 0.804945 128.785 
0.83237 -0.0129699 -0.554069 -125.557 0.00531622 0.999867 -0.0154189 -11.7356 0.554195 0.00988868 0.832328 130.849 
0.853378 -0.0125866 -0.521141 -126.901 0.00657125 0.999889 -0.0133887 -11.838 0.521252 0.00800111 0.853365 132.986 
0.86639 -0.009696 -0.499274 -127.751 0.00422119 0.999918 -0.0120936 -11.8933 0.49935 0.00837023 0.86636 134.424 
0.877562 -0.0117784 -0.479319 -128.575 0.00621132 0.999894 -0.0131987 -11.9381 0.479423 0.00860546 0.877541 135.915 
0.885507 -0.0118537 -0.464475 -129.39 0.00635088 0.99989 -0.01341 -11.9648 0.464583 0.00892481 0.885485 137.439 
0.891936 -0.00621223 -0.452119 -130.215 0.00412061 0.999976 -0.00561084 -11.9897 0.452143 0.00314151 0.89194 139.017 
0.898531 -0.000852153 -0.438909 -131.035 0.000510779 0.999999 -0.000895861 -12.0077 0.43891 0.000580775 0.898531 140.63 
0.90857 0.00265766 -0.417724 -132.254 5.30822e-06 0.99998 0.00637366 -12.0193 0.417733 -0.00579313 0.908551 143.168 
0.915819 0.00180468 -0.401586 -133.054 0.00117063 0.999974 0.0071634 -12.0227 0.401589 -0.00703049 0.915793 144.929 
0.923746 -0.00241959 -0.382998 -133.832 0.00489341 0.999973 0.005485 -12.025 0.382974 -0.00694091 0.923733 146.748 
0.933369 -0.00259191 -0.358908 -134.589 0.00355721 0.999992 0.00202922 -12.0371 0.358899 -0.00317072 0.933371 148.626 
0.946079 0.00530193 -0.323893 -135.286 -0.00334096 0.999973 0.00661012 -12.061 0.323919 -0.00517158 0.946071 150.585 
0.959268 0.0100817 -0.282318 -135.912 -0.00781379 0.999927 0.00915806 -12.0754 0.28239 -0.00657905 0.959277 152.613 
0.971037 0.0117623 -0.23864 -136.447 -0.00900955 0.99988 0.0126226 -12.0932 0.23876 -0.0101069 0.971026 154.717 
0.980922 0.0157022 -0.193769 -136.902 -0.0119964 0.999722 0.0202836 -12.098 0.194033 -0.0175721 0.980838 156.886 
0.988745 0.0194142 -0.148348 -137.267 -0.0160264 0.999583 0.0239985 -12.0886 0.148752 -0.0213509 0.988644 159.125 
0.99432 0.0183433 -0.104843 -137.536 -0.016294 0.99966 0.0203701 -12.0652 0.105181 -0.0185461 0.99428 161.425 
0.997808 0.0175376 -0.0638029 -137.716 -0.0160158 0.999577 0.0242858 -12.0363 0.0642018 -0.0232107 0.997667 163.797 
0.999566 0.0189688 -0.022535 -137.802 -0.0183825 0.999494 0.0259496 -11.9995 0.0230159 -0.0255241 0.999409 166.228 
0.999587 0.021493 0.0190853 -137.798 -0.0219817 0.999426 0.02578 -11.9724 -0.0185203 -0.0261889 0.999485 168.692 
0.997983 0.0227321 0.0592705 -137.693 -0.0240857 0.999463 0.0222244 -11.9517 -0.0587335 -0.0236072 0.997995 171.19 
0.994869 0.0249369 0.0980525 -137.488 -0.0268326 0.999477 0.0180628 -11.9371 -0.0975508 -0.0206011 0.995017 173.74 
0.990339 0.0262899 0.136155 -137.176 -0.0278592 0.999565 0.00963305 -11.9503 -0.135842 -0.0133332 0.990641 176.307 
0.984619 0.0298031 0.172153 -136.765 -0.0298578 0.999552 -0.00227227 -11.9838 -0.172143 -0.00290278 0.985068 178.911 
0.977574 0.034351 0.207773 -136.257 -0.033116 0.999407 -0.00942041 -12.0426 -0.207973 0.00232853 0.978132 181.545 
0.96951 0.0331708 0.242798 -135.639 -0.0318933 0.999449 -0.00919136 -12.1233 -0.242969 0.00116747 0.970033 184.219 
0.960556 0.0333809 0.276075 -134.921 -0.0291931 0.999388 -0.019266 -12.2152 -0.276549 0.0104466 0.960943 186.888 
0.949969 0.0378993 0.310036 -134.118 -0.0334572 0.999247 -0.0196349 -12.3157 -0.310547 0.00827957 0.950522 189.577 
0.93773 0.0425724 0.344746 -133.204 -0.0355967 0.999014 -0.0265423 -12.4157 -0.345535 0.0126177 0.938321 192.272 
0.924396 0.0441532 0.37887 -132.176 -0.0340295 0.998863 -0.0333789 -12.5392 -0.379913 0.0179626 0.924848 194.968 
0.907064 0.0499974 0.418013 -131.035 -0.0348534 0.998433 -0.04379 -12.6947 -0.419547 0.0251511 0.907385 197.647 
0.883007 0.0579988 0.465763 -129.756 -0.0404824 0.998049 -0.0475337 -12.8757 -0.467611 0.0231173 0.883632 200.306 
0.855062 0.0657078 0.514345 -128.325 -0.0440673 0.997558 -0.0541796 -13.0777 -0.516649 0.0236611 0.85587 202.908 
0.825168 0.0684833 0.56072 -126.731 -0.0432265 0.997369 -0.0582001 -13.2946 -0.56323 0.0237869 0.825957 205.446 
0.793555 0.0726658 0.604145 -124.994 -0.0391401 0.996884 -0.0684927 -13.5373 -0.607239 0.0307063 0.793925 207.898 
0.761812 0.0760651 0.643317 -123.116 -0.0361587 0.996527 -0.0750094 -13.8093 -0.646788 0.0338816 0.761916 210.266 
0.731189 0.0770162 0.677814 -121.112 -0.0322545 0.996398 -0.0784209 -14.0987 -0.681412 0.0354779 0.731039 212.554 
0.701866 0.0791592 0.707897 -119.004 -0.0271963 0.996059 -0.0844178 -14.3972 -0.711789 0.0399979 0.701253 214.748 
0.672341 0.0832307 0.735548 -116.798 -0.0230406 0.99553 -0.0915883 -14.7179 -0.739883 0.0446311 0.671253 216.868 
0.640903 0.0850592 0.762895 -114.501 -0.0221509 0.995477 -0.0923822 -15.06 -0.767302 0.0423092 0.639888 218.899 
0.60602 0.0870936 0.790667 -112.14 -0.0267884 0.995659 -0.0891414 -15.3987 -0.794998 0.0328408 0.605722 220.829 
0.57079 0.0913652 0.815997 -109.742 -0.0300313 0.995448 -0.0904511 -15.7325 -0.820547 0.0271231 0.570935 222.622 
0.533866 0.0952362 0.840189 -107.307 -0.0325133 0.995214 -0.0921492 -16.0668 -0.844944 0.021878 0.534407 224.281 
0.492281 0.0924665 0.865511 -104.83 -0.0332856 0.995614 -0.087434 -16.3948 -0.8698 0.014233 0.493199 225.798 
0.449783 0.0899501 0.888597 -102.33 -0.0326211 0.995906 -0.0843009 -16.7091 -0.892542 0.00893008 0.450876 227.163 
0.408017 0.0887384 0.908651 -99.8146 -0.0291652 0.996024 -0.084175 -17.0112 -0.912508 0.00784385 0.408983 228.383 
0.366657 0.0886747 0.926121 -97.2875 -0.0226999 0.996004 -0.086379 -17.3106 -0.930079 0.0106486 0.367205 229.454 
0.325303 0.0858668 0.941703 -94.7653 -0.0195202 0.996266 -0.084099 -17.6019 -0.945408 0.00897541 0.325765 230.394 
0.286058 0.0997708 0.953004 -92.2741 -0.0200026 0.99497 -0.0981602 -17.9027 -0.958004 0.0090169 0.286614 231.208 
0.247031 0.111626 0.962557 -89.8071 -0.0242719 0.993744 -0.109014 -18.2251 -0.968704 0.00356662 0.248195 231.913 
0.206877 0.113146 0.971802 -87.3564 -0.030272 0.993555 -0.109234 -18.559 -0.977899 -0.00682025 0.208969 232.508 
0.168344 0.112246 0.979317 -84.9236 -0.0318471 0.993596 -0.108408 -18.8878 -0.985214 -0.0129386 0.17084 232.993 
0.131171 0.112424 0.984964 -82.5097 -0.0301304 0.993542 -0.109391 -19.209 -0.990902 -0.0153285 0.133712 233.373 
0.111784 0.115377 0.987012 -81.3171 -0.0332629 0.993115 -0.112324 -19.3698 -0.993176 -0.0202749 0.114852 233.532 
0.0753281 0.114561 0.990556 -78.953 -0.0338641 0.993099 -0.11228 -19.687 -0.996584 -0.0250865 0.0786879 233.774 
0.045705 0.106235 0.99329 -76.5971 -0.0305118 0.994014 -0.104909 -20.0032 -0.998489 -0.0255122 0.0486728 233.929 
0.02258 0.102634 0.994463 -74.3374 -0.0276361 0.9944 -0.102 -20.295 -0.999363 -0.0251799 0.02529 234.018 
0.00711642 0.107023 0.994231 -72.1143 -0.0286288 0.99387 -0.10678 -20.5793 -0.999565 -0.0277037 0.0101367 234.07 
-0.00419388 0.118896 0.992898 -69.9512 -0.0285793 0.992487 -0.118967 -20.8751 -0.999583 -0.0288753 -0.000764409 234.094 
-0.0127112 0.114916 0.993294 -67.8108 -0.0295388 0.992897 -0.115248 -21.1677 -0.999483 -0.0308057 -0.00922648 234.097 
-0.0165002 0.100636 0.994786 -65.6953 -0.0272839 0.994506 -0.10106 -21.4353 -0.999492 -0.0288092 -0.0136638 234.082 
-0.0160762 0.105747 0.994263 -63.6313 -0.0274292 0.993971 -0.106159 -21.6885 -0.999494 -0.0289785 -0.0130788 234.073 
-0.012607 0.108618 0.994004 -61.596 -0.0319057 0.993533 -0.108972 -21.9485 -0.999411 -0.0330882 -0.00905994 234.076 
-0.0058541 0.110999 0.993803 -59.5852 -0.0353475 0.993176 -0.111137 -22.2049 -0.999358 -0.035779 -0.00189063 234.093 
-0.00112466 0.113437 0.993545 -58.5896 -0.0367538 0.992869 -0.113402 -22.3345 -0.999324 -0.036644 0.00305261 234.109 
0.00492835 0.112802 0.993605 -57.59 -0.0383704 0.992907 -0.112532 -22.4645 -0.999251 -0.0375704 0.00922164 234.13 
0.01166 0.109901 0.993874 -56.593 -0.0375214 0.99329 -0.109397 -22.5944 -0.999228 -0.0360159 0.0157054 234.154 
0.0265786 0.11087 0.993479 -54.6313 -0.0344327 0.993342 -0.109934 -22.8488 -0.999054 -0.0312863 0.0302192 234.221 
0.040326 0.109381 0.993182 -52.6695 -0.036086 0.993501 -0.107951 -23.1039 -0.998535 -0.0314867 0.044011 234.321 
0.0538402 0.105298 0.992982 -50.7175 -0.0373327 0.993942 -0.103375 -23.353 -0.997852 -0.0315049 0.057445 234.447 
0.067782 0.108346 0.9918 -48.79 -0.0372216 0.993669 -0.106006 -23.5977 -0.997006 -0.0297311 0.0713856 234.601 
0.0812207 0.111497 0.99044 -46.8694 -0.0391074 0.993314 -0.108613 -23.8418 -0.995929 -0.0299119 0.085038 234.779 
0.0946535 0.112434 0.989141 -44.9604 -0.0418703 0.993172 -0.108886 -24.0894 -0.994629 -0.0311092 0.0987149 234.987 
0.107395 0.108327 0.988297 -43.0566 -0.0436042 0.993603 -0.10417 -24.3358 -0.99326 -0.0319065 0.111432 235.221 
0.120995 0.108749 0.986678 -41.1668 -0.0435087 0.993607 -0.104177 -24.5705 -0.991699 -0.0303242 0.124952 235.479 
0.137188 0.111188 0.984285 -39.2912 -0.0400785 0.993489 -0.106642 -24.8056 -0.989734 -0.0248188 0.140751 235.758 
0.156337 0.114613 0.981031 -37.4365 -0.040405 0.993155 -0.109591 -25.0356 -0.986877 -0.0225054 0.159898 236.072 
0.169695 0.112362 0.97907 -35.5959 -0.0442997 0.993344 -0.106322 -25.2648 -0.9845 -0.0253301 0.173544 236.421 
0.176242 0.114705 0.977641 -33.7445 -0.0474819 0.993022 -0.10795 -25.49 -0.983201 -0.0273949 0.180459 236.786 
0.182185 0.116047 0.976392 -31.8721 -0.0463081 0.992922 -0.109371 -25.7165 -0.982173 -0.0252891 0.18627 237.159 
0.189024 0.116124 0.975082 -29.9809 -0.0438139 0.992992 -0.109763 -25.952 -0.980995 -0.0219743 0.192787 237.542 
0.196288 0.115196 0.973756 -28.0779 -0.0434901 0.993121 -0.10872 -26.2 -0.979581 -0.0210082 0.199948 237.945 
0.204227 0.109446 0.972786 -26.1642 -0.0406432 0.993822 -0.10328 -26.4524 -0.97808 -0.0184446 0.207413 238.361 
0.216276 0.11278 0.969796 -24.2477 -0.0381699 0.993523 -0.107027 -26.6951 -0.975586 -0.0138696 0.21918 238.792 
0.222471 0.112559 0.96842 -23.2884 -0.0379311 0.99356 -0.106768 -26.8181 -0.974201 -0.0129805 0.225308 239.015 
0.238246 0.11015 0.964938 -21.3629 -0.0365136 0.993861 -0.104436 -27.0613 -0.970518 -0.0103518 0.240806 239.49 
0.258753 0.111175 0.959524 -19.4733 -0.0315619 0.993797 -0.106635 -27.3034 -0.965428 -0.00269221 0.260657 239.999 
0.281088 0.107754 0.953613 -17.5859 -0.0314673 0.994177 -0.103062 -27.5442 -0.959166 -0.00103804 0.282842 240.558 
0.30268 0.108349 0.946914 -15.7165 -0.0345995 0.994112 -0.10269 -27.7835 -0.952464 -0.00168056 0.304646 241.163 
0.323637 0.111719 0.939563 -13.8654 -0.0381775 0.993738 -0.105011 -28.0228 -0.945411 -0.00188484 0.325875 241.811 
0.342456 0.110289 0.933038 -12.0278 -0.0423245 0.993889 -0.101947 -28.2667 -0.93858 -0.00457791 0.345031 242.498 
0.358309 0.107849 0.927353 -10.2022 -0.0432927 0.994156 -0.0988904 -28.5052 -0.932599 -0.00471423 0.360884 243.217 
0.374002 0.106789 0.921259 -8.39843 -0.0462272 0.99426 -0.0964846 -28.7383 -0.926275 -0.0065018 0.376792 243.967 
0.38995 0.109775 0.914269 -6.61587 -0.0476761 0.993944 -0.0990071 -28.9684 -0.919601 -0.00498091 0.392823 244.741 
0.406594 0.107192 0.907299 -4.8639 -0.0481803 0.994227 -0.0958707 -29.1959 -0.912338 -0.00473348 0.409411 245.543 
0.423856 0.102159 0.89995 -3.1383 -0.0483927 0.994754 -0.090129 -29.4136 -0.904436 -0.00534925 0.426576 246.366 
0.44109 0.0996404 0.891915 -1.44517 -0.0516281 0.994989 -0.0856231 -29.6185 -0.895977 -0.00828039 0.444024 247.224 
0.45758 0.098787 0.883664 0.218328 -0.0541054 0.995061 -0.0832235 -29.8129 -0.887521 -0.00972959 0.460665 248.106 
0.474212 0.0984522 0.874888 1.85925 -0.0560892 0.995088 -0.0815765 -30.0043 -0.878622 -0.0103872 0.477405 249.018 
0.491024 0.0987601 0.86553 3.47195 -0.0563297 0.995073 -0.0815851 -30.185 -0.869323 -0.00869487 0.494168 249.951 
0.506995 0.0963701 0.856545 5.06951 -0.0569139 0.995304 -0.0782943 -30.3632 -0.860068 -0.00905455 0.510099 250.915 
0.518605 0.0919252 0.850058 6.6574 -0.0575855 0.995701 -0.0725432 -30.5354 -0.853073 -0.0113297 0.521669 251.91 
0.525682 0.0872398 0.846196 8.23513 -0.0598848 0.996055 -0.0654875 -30.7078 -0.848571 -0.0162487 0.528833 252.948 
0.530069 0.0830575 0.843877 9.80162 -0.0596197 0.996379 -0.060618 -30.8879 -0.845856 -0.01818 0.533101 254.032 
0.531608 0.0840087 0.842814 10.5837 -0.0603619 0.996297 -0.0612338 -30.9749 -0.844837 -0.0183214 0.53471 254.573 
0.533178 0.0859192 0.841629 11.3695 -0.0603145 0.996158 -0.0634849 -31.0576 -0.84385 -0.0169137 0.536312 255.107 
0.536706 0.085185 0.839458 12.9533 -0.059276 0.996239 -0.0631965 -31.2265 -0.841684 -0.0158418 0.539737 256.177 
0.5398 0.0789024 0.838087 14.5484 -0.054663 0.996782 -0.0586352 -31.3919 -0.840017 -0.0141611 0.542376 257.244 
0.542098 0.0727815 0.837158 16.1492 -0.0547312 0.997185 -0.0512532 -31.5397 -0.838531 -0.0180344 0.544555 258.322 
0.543359 0.0722412 0.836386 17.751 -0.0544838 0.997225 -0.0507378 -31.6777 -0.83773 -0.0180006 0.545787 259.4 
0.543784 0.0720797 0.836124 18.5572 -0.0558182 0.997205 -0.049664 -31.7454 -0.837367 -0.0196645 0.546287 259.943 
0.544199 0.0701377 0.83602 19.3692 -0.0558322 0.997318 -0.0473264 -31.815 -0.837097 -0.0209218 0.546655 260.486 
0.544846 0.0678314 0.835788 20.1889 -0.0551068 0.997465 -0.045029 -31.8809 -0.836723 -0.0215238 0.547203 261.03 
0.546325 0.0635116 0.835162 21.8285 -0.0545535 0.997702 -0.0401859 -32.0056 -0.835795 -0.0236064 0.548535 262.121 
0.547454 0.0626292 0.834488 22.6477 -0.0545284 0.997746 -0.0391093 -32.0667 -0.835057 -0.0240928 0.549636 262.667 
0.550167 0.0581159 0.83303 24.2841 -0.0537142 0.997972 -0.034148 -32.1828 -0.833325 -0.0259584 0.552173 263.758 
0.554615 0.0558631 0.830229 25.9096 -0.0532038 0.998083 -0.0316158 -32.2934 -0.830404 -0.0266368 0.556524 264.854 
0.56021 0.0515094 0.826748 27.5258 -0.0522613 0.998274 -0.0267835 -32.3937 -0.8267 -0.0282025 0.561935 265.954 
0.564641 0.0472749 0.823982 28.3374 -0.0503485 0.998472 -0.0227842 -32.4411 -0.8238 -0.0286213 0.566158 266.511 
0.570692 0.0452448 0.819917 29.1395 -0.0495642 0.998558 -0.0206042 -32.4877 -0.819667 -0.0288799 0.572111 267.067 
0.582785 0.0452008 0.811368 30.7219 -0.0481606 0.998618 -0.0210399 -32.5716 -0.811198 -0.0268142 0.584157 268.202 
0.595203 0.0430943 0.802419 32.2861 -0.0489316 0.998652 -0.0173375 -32.6457 -0.802085 -0.0289443 0.596509 269.361 
0.601943 0.0390396 0.797584 33.0674 -0.0479605 0.998769 -0.0126909 -32.681 -0.797097 -0.0306133 0.603075 269.951 
0.617583 0.0377524 0.785599 34.6062 -0.0446984 0.998918 -0.0128649 -32.7432 -0.785235 -0.0271699 0.618602 271.144 
0.626872 0.0359169 0.778294 35.3743 -0.0426313 0.999022 -0.0117661 -32.7692 -0.777955 -0.0258038 0.62779 271.763 
0.635902 0.0351635 0.770968 36.1231 -0.0416152 0.99907 -0.0112425 -32.796 -0.770647 -0.0249349 0.636774 272.38 
0.645163 0.0341784 0.76328 36.8852 -0.0406639 0.999119 -0.0103677 -32.8224 -0.762962 -0.0243491 0.645985 273.027 
0.663038 0.0307428 0.747954 38.3607 -0.0416773 0.999123 -0.00412085 -32.8696 -0.747425 -0.0284404 0.663737 274.326 
0.681151 0.0277724 0.731616 39.8325 -0.0407506 0.999169 1.08341e-05 -32.9069 -0.731008 -0.0298211 0.681717 275.686 
0.689751 0.0241462 0.723644 40.5627 -0.040219 0.999178 0.00499519 -32.9224 -0.722929 -0.0325497 0.690155 276.384 
0.707249 0.0144253 0.706818 42.011 -0.0345938 0.9993 0.0142204 -32.9405 -0.706118 -0.0345089 0.707253 277.814 
0.726589 0.0090017 0.687013 43.4393 -0.0265977 0.999533 0.0150334 -32.9423 -0.686557 -0.0291961 0.726489 279.297 
0.736318 0.00622278 0.676606 44.1389 -0.0248782 0.99953 0.017881 -32.9411 -0.676178 -0.0299989 0.736128 280.056 
0.745738 0.00318813 0.666231 44.8305 -0.0236353 0.999486 0.021673 -32.9389 -0.66582 -0.0319089 0.74543 280.834 
0.754921 0.000640367 0.655815 45.5132 -0.0217149 0.999476 0.0240205 -32.9316 -0.655456 -0.0323746 0.754539 281.622 
0.76424 0.000115799 0.644932 46.188 -0.0220929 0.999418 0.0260005 -32.9205 -0.644553 -0.034119 0.763798 282.426 
0.773232 -0.00415567 0.634109 46.857 -0.0178972 0.999437 0.0283737 -32.9081 -0.63387 -0.0332882 0.772723 283.24 
0.782149 -0.00393819 0.62308 47.5142 -0.01879 0.999376 0.0299036 -32.8956 -0.622809 -0.0350968 0.781587 284.071 
0.789966 -0.00327042 0.613142 48.1619 -0.0193935 0.999352 0.0303168 -32.8838 -0.612844 -0.0358402 0.789391 284.909 
0.802785 0.000431403 0.596268 49.4318 -0.0249484 0.999148 0.0328663 -32.8512 -0.595746 -0.0412605 0.802112 286.627 
0.808479 0.00259819 0.588519 50.0565 -0.0266213 0.999128 0.0321601 -32.8339 -0.587923 -0.041668 0.807843 287.501 
0.814131 0.00547863 0.580656 50.6781 -0.0288567 0.999102 0.0310329 -32.8186 -0.579964 -0.0420206 0.813557 288.383 
0.819505 0.00664819 0.573033 51.2941 -0.0308874 0.998992 0.0325826 -32.8014 -0.572239 -0.0444012 0.818884 289.274 
0.8246 0.00708737 0.565671 51.9033 -0.0347232 0.99867 0.0381048 -32.7814 -0.564649 -0.0510631 0.82375 290.18 
0.829154 0.00997911 0.558932 52.5038 -0.0388397 0.998453 0.039791 -32.7584 -0.55767 -0.0547016 0.828259 291.092 
0.83343 0.0127744 0.552477 53.1013 -0.0425174 0.998252 0.0410572 -32.7322 -0.550987 -0.0577082 0.832516 292.012 
0.83698 0.0155114 0.547013 53.6939 -0.0468585 0.997958 0.0433992 -32.7041 -0.545223 -0.0619565 0.835998 292.94 
0.839839 0.0178492 0.542542 54.2851 -0.0501769 0.997733 0.0448477 -32.6779 -0.540512 -0.0648878 0.838831 293.874 
0.841744 0.022007 0.539429 54.8752 -0.0521235 0.997814 0.0406277 -32.6516 -0.537355 -0.0623151 0.841051 294.81 
0.843591 0.0323464 0.536011 56.0538 -0.0576123 0.997874 0.0304538 -32.6091 -0.533887 -0.0565714 0.843661 296.691 
0.844685 0.0328333 0.534256 57.2467 -0.0587194 0.997777 0.0315188 -32.5763 -0.532034 -0.0579947 0.844735 298.599 
0.845655 0.0314004 0.532805 58.4455 -0.0576465 0.997802 0.0326907 -32.5429 -0.530607 -0.0583594 0.845607 300.513 
0.846214 0.0310037 0.531941 59.0466 -0.0565172 0.997897 0.0317463 -32.5256 -0.529838 -0.0569279 0.846186 301.474 
0.848075 0.0301329 0.529018 60.2525 -0.0538845 0.99811 0.0295303 -32.4999 -0.527129 -0.0535498 0.848096 303.405 
0.851957 0.0265533 0.522938 61.4546 -0.0505321 0.998221 0.0316388 -32.4766 -0.521168 -0.0533801 0.851783 305.353 
0.859993 0.025092 0.509688 62.6268 -0.0480946 0.99833 0.0320018 -32.4529 -0.508034 -0.0520346 0.859764 307.313 
0.871464 0.0233743 0.489902 63.7612 -0.0464904 0.998303 0.0350685 -32.4286 -0.488251 -0.0533367 0.871072 309.296 
0.877811 0.0239362 0.478409 64.3056 -0.0460108 0.998346 0.034473 -32.416 -0.476792 -0.0522727 0.87746 310.296 
0.890032 0.0250621 0.455209 65.3499 -0.0473087 0.998174 0.0375429 -32.3861 -0.453437 -0.0549497 0.889593 312.312 
0.895924 0.023939 0.443561 65.8496 -0.0466008 0.998102 0.0402588 -32.3691 -0.441756 -0.0567392 0.895339 313.328 
0.907761 0.022899 0.418861 66.8068 -0.0441488 0.998179 0.0411096 -32.329 -0.417157 -0.0558099 0.907119 315.364 
0.913344 0.0239146 0.406486 67.2617 -0.0449973 0.998088 0.0423854 -32.3085 -0.404695 -0.0570032 0.912673 316.393 
0.918664 0.0268138 0.39413 67.6976 -0.0475122 0.997951 0.042851 -32.2872 -0.392173 -0.0580916 0.918055 317.423 
0.928002 0.0348991 0.370937 68.519 -0.0542433 0.997651 0.0418421 -32.2426 -0.368605 -0.0589503 0.927715 319.497 
0.933815 0.0423602 0.35524 69.2966 -0.0617023 0.997155 0.0432911 -32.1959 -0.352396 -0.062345 0.933772 321.58 
0.937596 0.0414824 0.345243 70.0644 -0.059955 0.997275 0.0429964 -32.1471 -0.342519 -0.0610123 0.937528 323.661 
0.941197 0.0383977 0.335669 70.8184 -0.0558012 0.997543 0.0423529 -32.1014 -0.333218 -0.0585931 0.941027 325.743 
0.943082 0.0372062 0.330473 71.1851 -0.0537316 0.997713 0.0410083 -32.0804 -0.328192 -0.056431 0.942924 326.783 
0.944827 0.0369859 0.325474 71.5445 -0.0526263 0.997838 0.039379 -32.0606 -0.323313 -0.0543348 0.944731 327.823 
0.946629 0.0381883 0.320056 71.8974 -0.053136 0.99786 0.0380982 -32.0425 -0.317916 -0.0530713 0.946632 328.869 
0.950832 0.0395839 0.307168 72.5791 -0.0539597 0.997803 0.0384468 -32.0082 -0.304971 -0.0531311 0.950878 330.963 
0.954874 0.0408187 0.294193 73.2254 -0.0568003 0.997326 0.0459817 -31.9682 -0.29153 -0.060617 0.954639 333.066 
0.957991 0.0396536 0.284045 73.8468 -0.0536511 0.99769 0.0416671 -31.9283 -0.281736 -0.055156 0.957905 335.152 
0.959984 0.0359468 0.277737 74.4568 -0.0492177 0.997948 0.0409566 -31.8909 -0.275695 -0.0529872 0.959784 337.228 
0.958282 0.0407414 0.282906 75.0417 -0.0547301 0.997629 0.0417169 -31.8601 -0.280536 -0.05546 0.95824 339.278 
0.951383 0.0475674 0.304315 75.6466 -0.0633685 0.997095 0.0422537 -31.8304 -0.301421 -0.0594834 0.951634 341.266 
0.947698 0.0480819 0.315526 75.962 -0.0646559 0.997012 0.042266 -31.8169 -0.312551 -0.060456 0.947975 342.229 
0.944591 0.0458603 0.325031 76.2867 -0.0631094 0.997092 0.0427209 -31.8026 -0.322126 -0.0608662 0.944738 343.179 
0.942047 0.04302 0.332712 76.6143 -0.060776 0.997219 0.0431409 -31.7889 -0.32993 -0.0608616 0.942041 344.109 
0.940157 0.0420844 0.338131 76.9406 -0.0597743 0.997325 0.0420708 -31.7755 -0.335456 -0.0597647 0.940158 345.02 
0.939069 0.0409643 0.341279 77.2641 -0.0579841 0.997523 0.0398156 -31.7614 -0.338803 -0.0571784 0.939118 345.919 
0.93907 0.0400968 0.341379 77.588 -0.056207 0.997717 0.0374276 -31.7489 -0.339099 -0.054335 0.93918 346.811 
0.940185 0.0379668 0.338542 77.9057 -0.0535242 0.997891 0.036734 -31.7352 -0.336433 -0.052657 0.940234 347.705 
0.942534 0.0358614 0.33218 78.2171 -0.0508838 0.998032 0.0366333 -31.7223 -0.330213 -0.0514307 0.942504 348.599 
0.945726 0.0327766 0.323308 78.5169 -0.0469942 0.998237 0.0362649 -31.7069 -0.32155 -0.0494902 0.945599 349.49 
0.954039 0.0282855 0.298344 79.0765 -0.0409278 0.998506 0.0362116 -31.6729 -0.296874 -0.0467579 0.953771 351.282 
0.964625 0.0216156 0.262737 79.5717 -0.0326206 0.99876 0.0375962 -31.6409 -0.261599 -0.0448369 0.964135 353.078 
0.975557 0.0187498 0.218947 79.9816 -0.0273287 0.99897 0.0362198 -31.6084 -0.218042 -0.0413179 0.975064 354.876 
0.985553 0.0190285 0.168297 80.2892 -0.0251812 0.999087 0.0345 -31.5773 -0.167487 -0.0382395 0.985132 356.68 
0.989794 0.0200942 0.141083 80.4021 -0.0248282 0.999183 0.031875 -31.5598 -0.140327 -0.0350525 0.989484 357.594 
0.993433 0.022638 0.112153 80.4873 -0.0262634 0.999176 0.0309544 -31.5418 -0.11136 -0.0336967 0.993209 358.514 
0.996342 0.0231953 0.0822429 80.5442 -0.0258269 0.999183 0.03108 -31.5256 -0.0814548 -0.0330904 0.996128 359.423 
0.998429 0.0224357 0.0513339 80.5779 -0.0241229 0.999181 0.0324869 -31.5089 -0.0505629 -0.0336742 0.998153 360.347 
0.999653 0.024178 -0.010437 80.554 -0.023848 0.999245 0.0306638 -31.4812 0.0111705 -0.0304043 0.999475 362.182 
0.99891 0.0245354 -0.0396988 80.5038 -0.0233648 0.999286 0.0296876 -31.4684 0.0403988 -0.0287277 0.998771 363.108 
0.997447 0.0278688 -0.0657493 80.4224 -0.0261127 0.999283 0.0274182 -31.4585 0.0664663 -0.0256313 0.997459 364.022 
0.995719 0.0303776 -0.0872941 80.3253 -0.0281073 0.999237 0.0271202 -31.4474 0.0880513 -0.0245505 0.995813 364.95 
0.992349 0.0436087 -0.115502 80.0779 -0.0395309 0.99852 0.0373641 -31.4145 0.11696 -0.0325124 0.992604 366.824 
0.990974 0.0491986 -0.124697 79.8154 -0.0457444 0.99849 0.030416 -31.375 0.126006 -0.0244373 0.991729 368.705 
0.990911 0.0527084 -0.12376 79.5529 -0.0501812 0.998465 0.0234515 -31.3423 0.124806 -0.017028 0.992035 370.624 
0.991654 0.052528 -0.117741 79.3057 -0.050011 0.998455 0.0242328 -31.3244 0.118832 -0.0181422 0.992749 372.585 
0.992456 0.0476929 -0.112946 79.0754 -0.046012 0.998788 0.017444 -31.3106 0.113641 -0.0121155 0.993448 374.578 
0.993052 0.0434954 -0.109339 78.8477 -0.0426985 0.999042 0.00962092 -31.3038 0.109653 -0.00488547 0.993958 376.617 
0.993207 0.0460982 -0.10684 78.6094 -0.0449313 0.998901 0.0133051 -31.3039 0.107336 -0.00841431 0.994187 378.714 
0.9931 0.0497306 -0.106204 78.3639 -0.0484299 0.998717 0.0147934 -31.3001 0.106803 -0.00954788 0.994234 380.853 
0.99292 0.0523491 -0.106627 78.2369 -0.0510949 0.998589 0.014462 -31.2977 0.107234 -0.00891147 0.994194 381.936 
0.992644 0.0539043 -0.108405 77.9805 -0.0528826 0.998525 0.0122808 -31.2953 0.108907 -0.00645769 0.994031 384.12 
0.992315 0.0499864 -0.113195 77.7243 -0.0495175 0.998749 0.00695231 -31.3122 0.113401 -0.00129375 0.993548 386.332 
0.991343 0.0409603 -0.124742 77.4537 -0.0401437 0.999153 0.00905375 -31.336 0.125007 -0.00396778 0.992148 388.562 
0.989042 0.0327088 -0.143963 77.1443 -0.0318782 0.999459 0.00807251 -31.3627 0.14415 -0.00339475 0.98955 390.785 
0.986162 0.0289146 -0.163242 76.7857 -0.0284082 0.999582 0.00543655 -31.3927 0.16333 -0.000723926 0.986571 392.998 
0.982921 0.0274968 -0.181962 76.3813 -0.0267002 0.99962 0.00682635 -31.4246 0.18208 -0.00185134 0.983282 395.209 
0.981216 0.0265329 -0.191077 76.1643 -0.0256588 0.999646 0.00704765 -31.4401 0.191196 -0.00201246 0.98155 396.308 
0.977632 0.0275159 -0.208515 75.6981 -0.0273237 0.999619 0.00380297 -31.4738 0.20854 0.00197949 0.978012 398.486 
0.975848 0.02682 -0.216798 75.4531 -0.0268934 0.999635 0.00261256 -31.4923 0.216789 0.00328097 0.976213 399.564 
0.974138 0.0271448 -0.224319 75.2019 -0.0272609 0.999625 0.0025798 -31.515 0.224305 0.00360208 0.974512 400.641 
0.97113 0.0256412 -0.23717 74.6878 -0.0261003 0.999659 0.00120443 -31.5655 0.23712 0.00502053 0.971468 402.778 
0.969834 0.0213734 -0.242828 74.425 -0.0222054 0.999753 -0.000689482 -31.5892 0.242753 0.00606077 0.970069 403.843 
0.96847 0.018869 -0.248416 74.1568 -0.0205275 0.999781 -0.00408743 -31.6178 0.248285 0.0090579 0.968645 404.901 
0.967085 0.0119735 -0.254172 73.8806 -0.014917 0.999842 -0.0096563 -31.6441 0.254016 0.0131299 0.967111 405.96 
0.965526 0.00876119 -0.260161 73.5954 -0.0119268 0.999873 -0.0105919 -31.6694 0.260035 0.0133297 0.965507 407.019 
0.962899 0.00613165 -0.269791 73.0016 -0.00853517 0.999934 -0.00773658 -31.7244 0.269726 0.00975226 0.962888 409.14 
0.961054 0.00840434 -0.276234 72.3869 -0.0109691 0.99991 -0.00774078 -31.7789 0.276145 0.0104693 0.961059 411.261 
0.960369 0.00814162 -0.278613 72.077 -0.0098749 0.99994 -0.0048182 -31.8039 0.278557 0.00737853 0.960391 412.325 
0.959845 0.00767223 -0.280425 71.7633 -0.0077607 0.999969 0.000794953 -31.8244 0.280423 0.00141326 0.959876 413.391 
0.959611 0.00507931 -0.281286 71.4523 -0.00485955 0.999987 0.00147885 -31.8418 0.28129 -5.21939e-05 0.959623 414.455 
0.959292 -0.00024261 -0.282417 71.1423 0.000674304 0.999999 0.00143137 -31.8576 0.282417 -0.00156354 0.959291 415.518 
