1 1.19763e-11 1.70464e-10 5.55111e-17 1.19763e-11 1 3.5625e-10 0 1.70464e-10 3.5625e-10 1 2.22045e-16 
0.999773 0.000619419 -0.0212785 -0.0213179 -0.000625171 1 -0.000263678 -0.00601178 0.0212783 0.000276921 0.999774 0.283383 
0.998436 0.000193874 -0.0559133 -0.070134 -0.000410054 0.999992 -0.0038549 -0.00983627 0.0559122 0.00387179 0.998428 0.627212 
0.995895 -0.000781233 -0.0905148 -0.129396 0.000414811 0.999992 -0.00406695 -0.01084 0.0905173 0.00401271 0.995887 0.91651 
0.991078 -0.00199044 -0.133271 -0.205638 0.00132106 0.999986 -0.00511095 -0.0123286 0.133279 0.00488929 0.991066 1.24797 
0.983322 0.00741149 -0.18172 -0.333514 -0.00900342 0.999928 -0.00793701 -0.0301035 0.181648 0.00944074 0.983318 1.59454 
0.971311 0.0112571 -0.237548 -0.485956 -0.0137875 0.999865 -0.00899358 -0.0408989 0.237414 0.0120107 0.971334 1.96582 
0.954441 0.016607 -0.297936 -0.697633 -0.0199641 0.999767 -0.00822816 -0.0424047 0.29773 0.0138013 0.95455 2.33975 
0.931728 0.0217379 -0.362506 -0.940275 -0.0258538 0.999645 -0.00650608 -0.0491696 0.362235 0.015434 0.931959 2.71458 
0.902768 0.0256068 -0.429365 -1.20638 -0.0311062 0.999499 -0.00579379 -0.0391496 0.429001 0.0185863 0.903113 3.09364 
0.864407 0.0155022 -0.502554 -1.50255 -0.0221625 0.999728 -0.00728174 -0.0251634 0.502304 0.0174322 0.864515 3.46838 
0.811706 0.023101 -0.583609 -1.86984 -0.0282203 0.999602 0.000317387 -0.0345497 0.583383 0.016212 0.812035 3.82686 
0.744957 0.0258929 -0.66661 -2.29771 -0.0318411 0.999488 0.00323927 -0.037654 0.666352 0.0188125 0.7454 4.16083 
0.666091 0.0190073 -0.745628 -2.78669 -0.02235 0.999735 0.005519 -0.0389379 0.745536 0.0129886 0.666339 4.46536 
0.575901 0.0196574 -0.817283 -3.33843 -0.0177767 0.999776 0.0115203 -0.0438042 0.817326 0.00789401 0.576121 4.75133 
0.474664 0.022289 -0.879885 -3.95798 -0.0167698 0.999727 0.0162781 -0.0383624 0.880007 0.00702886 0.474908 4.98079 
0.363963 0.0259155 -0.931053 -4.64177 -0.0126163 0.999658 0.0228932 -0.0346389 0.931328 0.0034142 0.364166 5.20314 
0.257385 0.0315533 -0.965794 -5.4151 -0.00844935 0.999502 0.0304028 -0.0358935 0.966272 0.000335087 0.257524 5.31965 
0.206605 0.0319034 -0.977904 -5.81584 -0.00495296 0.99949 0.0315612 -0.0309845 0.978412 -0.00167717 0.206657 5.37118 
0.15881 0.0328074 -0.986764 -6.23413 -0.00433387 0.999461 0.0325321 -0.0270218 0.9873 -0.000889922 0.158867 5.41367 
0.116699 0.0331086 -0.992615 -6.67067 -0.00631053 0.999449 0.0325946 -0.0121868 0.993147 0.00246016 0.116844 5.42241 
0.0786592 0.0318104 -0.996394 -7.1207 -0.00702854 0.999484 0.0313541 0.000680284 0.996877 0.0045369 0.0788422 5.42714 
0.0443565 0.0291551 -0.99859 -7.58635 -0.00615857 0.999563 0.02891 0.0100417 0.998997 0.00486754 0.0445167 5.41806 
0.0132291 0.0263463 -0.999565 -8.06352 -0.00601476 0.999637 0.0262685 0.0212011 0.999894 0.00566463 0.0133827 5.39482 
-0.0125928 0.024272 -0.999626 -8.55819 -0.00741504 0.999676 0.0243666 0.0300462 0.999893 0.00771911 -0.0124087 5.35736 
-0.0493159 0.0214475 -0.998553 -9.59644 -0.00776438 0.999731 0.0218562 0.0440531 0.998753 0.00883101 -0.0491361 5.27749 
-0.0719877 0.0228467 -0.997144 -10.6984 -0.00809956 0.999691 0.0234898 0.0638407 0.997373 0.0097674 -0.0717805 5.18019 
-0.0827481 0.0251733 -0.996253 -11.8578 -0.0109192 0.999598 0.0261648 0.0776353 0.996511 0.0130434 -0.0824399 5.06278 
-0.0827709 0.0279172 -0.996178 -13.0859 -0.00773328 0.999559 0.0286545 0.101442 0.996539 0.0100755 -0.0825185 4.949 
-0.0802149 0.0303827 -0.996314 -14.3767 -0.00973229 0.999464 0.0312623 0.121242 0.99673 0.0122041 -0.0798762 4.85098 
-0.0775507 0.0274296 -0.996611 -15.7197 -0.011385 0.999532 0.0283959 0.155906 0.996923 0.0135486 -0.0772021 4.74798 
-0.0734154 0.0338485 -0.996727 -17.1306 -0.0132842 0.999302 0.0349145 0.182226 0.997213 0.015804 -0.0729145 4.63121 
-0.0712067 0.035602 -0.996826 -18.6041 -0.0139125 0.99923 0.0366817 0.21085 0.997365 0.0164804 -0.0706566 4.54564 
-0.0684372 0.0316323 -0.997154 -20.1249 -0.0165264 0.999324 0.0328354 0.253708 0.997519 0.0187265 -0.0678682 4.43346 
-0.0671136 0.0340314 -0.997165 -20.9106 -0.0138201 0.999291 0.0350341 0.270452 0.99765 0.0161322 -0.0665956 4.37908 
-0.0648466 0.037523 -0.99719 -22.5025 -0.0117263 0.999195 0.038361 0.310639 0.997826 0.014181 -0.0643544 4.26481 
-0.0642608 0.0261176 -0.997591 -24.1081 -0.00925859 0.999599 0.0267665 0.335341 0.99789 0.0109563 -0.0639932 4.14529 
-0.0651198 0.0223539 -0.997627 -25.7599 -0.00525109 0.999728 0.0227438 0.364366 0.997864 0.0067197 -0.0649847 4.04174 
-0.0657284 0.0367729 -0.99716 -27.4474 -0.00640603 0.999285 0.0372736 0.393657 0.997817 0.00883777 -0.0654458 3.93405 
-0.0663941 0.0422378 -0.996899 -29.1357 -0.0094258 0.999033 0.042956 0.430881 0.997749 0.0122486 -0.0659318 3.80524 
-0.0665505 0.0388055 -0.997028 -29.9761 -0.0109386 0.999155 0.0396185 0.447708 0.997723 0.0135427 -0.0660698 3.74131 
-0.0665917 0.0370896 -0.997091 -31.6519 -0.0131303 0.99919 0.0380446 0.489673 0.997694 0.0156255 -0.0660508 3.60834 
-0.066316 0.0374826 -0.997094 -33.3298 -0.0145201 0.999152 0.0385256 0.52765 0.997693 0.0170328 -0.0657155 3.49036 
-0.0655657 0.0278435 -0.99746 -34.9923 -0.0165996 0.999442 0.0289899 0.562676 0.99771 0.0184581 -0.065067 3.35875 
-0.0647706 0.0285393 -0.997492 -35.8298 -0.0161005 0.999431 0.0296402 0.575938 0.99777 0.0179799 -0.0642742 3.29991 
-0.0643168 0.0308587 -0.997452 -36.6675 -0.0146979 0.999384 0.0318662 0.590933 0.997821 0.01671 -0.0638236 3.24706 
-0.063733 0.0358318 -0.997324 -37.5082 -0.0155623 0.999198 0.0368936 0.601259 0.997846 0.017872 -0.0631243 3.19 
-0.0632876 0.0412465 -0.997143 -38.3498 -0.0140499 0.99901 0.0422155 0.624275 0.997896 0.0166815 -0.0626454 3.13586 
-0.062994 0.0445472 -0.997019 -39.184 -0.0149593 0.998849 0.0455741 0.639714 0.997902 0.0177856 -0.0622551 3.07457 
-0.061833 0.0445155 -0.997093 -40.0163 -0.014835 0.998854 0.045514 0.659205 0.997976 0.0176062 -0.0611018 3.0111 
-0.0609809 0.0357255 -0.997499 -41.6755 -0.0167673 0.999182 0.0368108 0.699064 0.997998 0.0189701 -0.0603319 2.89434 
-0.0612246 0.0308716 -0.997646 -43.3295 -0.024147 0.999183 0.032401 0.738098 0.997832 0.0260739 -0.0604292 2.77164 
-0.063409 0.0252331 -0.997669 -44.9809 -0.0182931 0.999483 0.0264417 0.755412 0.99782 0.019927 -0.0629146 2.68072 
-0.0652796 0.0266721 -0.99751 -46.6252 -0.0149587 0.999504 0.0277044 0.780172 0.997755 0.01673 -0.0648482 2.5522 
-0.0694624 0.0368815 -0.996903 -48.2677 -0.0097105 0.999244 0.0376447 0.796731 0.997537 0.0122953 -0.0690517 2.4509 
-0.0717917 0.0322448 -0.996898 -49.8823 -0.0134802 0.999355 0.033295 0.818868 0.997329 0.0158287 -0.0713107 2.31987 
-0.0741729 0.0268829 -0.996883 -51.477 -0.0223463 0.999341 0.0286119 0.847759 0.996995 0.0243989 -0.0735233 2.18138 
-0.0762769 0.0295555 -0.996649 -53.0645 -0.0233525 0.999233 0.0314194 0.867766 0.996813 0.0256708 -0.0755283 2.04281 
-0.0766156 0.0290576 -0.996637 -53.8508 -0.0263528 0.999167 0.0311572 0.875986 0.996712 0.0286513 -0.0757861 1.96436 
-0.076773 0.0285505 -0.99664 -54.6334 -0.0279087 0.999137 0.0307719 0.885508 0.996658 0.0301774 -0.07591 1.89584 
-0.077723 0.0332685 -0.99642 -56.1927 -0.024952 0.999065 0.0353031 0.911405 0.996663 0.0276065 -0.0768202 1.76349 
-0.0790352 0.0398054 -0.996077 -57.7338 -0.0244378 0.998825 0.0418543 0.934759 0.996572 0.0276499 -0.0779696 1.63834 
-0.0804863 0.0378918 -0.996035 -59.2434 -0.0224748 0.998954 0.0398189 0.967036 0.996502 0.0255906 -0.0795505 1.51504 
-0.0801246 0.0315166 -0.996286 -60.6963 -0.0232959 0.999168 0.0334813 0.988679 0.996513 0.0258921 -0.0793237 1.39093 
-0.0768457 0.0286543 -0.996631 -62.1041 -0.0258183 0.999195 0.0307187 1.00198 0.996709 0.0280919 -0.076044 1.27216 
-0.0662057 0.0304791 -0.99734 -63.4421 -0.0258319 0.999146 0.0322491 1.02909 0.997472 0.0278983 -0.0653619 1.17401 
-0.0495325 0.033205 -0.99822 -64.7255 -0.0264487 0.999053 0.0345451 1.03961 0.998422 0.0281127 -0.0486073 1.08238 
-0.0225189 0.0361941 -0.999091 -65.9452 -0.0320694 0.998804 0.0369065 1.05909 0.999232 0.0328713 -0.0213312 1.04163 
0.0182953 0.0383288 -0.999098 -67.0882 -0.0353062 0.998666 0.0376657 1.07342 0.999209 0.0345852 0.0196241 1.05043 
0.073252 0.0381955 -0.996582 -68.1411 -0.032968 0.998813 0.0358578 1.08536 0.996768 0.0302286 0.0744242 1.13827 
0.14502 0.037815 -0.988706 -69.1008 -0.0315051 0.998939 0.0335853 1.10431 0.988927 0.0262788 0.146058 1.29275 
0.229546 0.0382423 -0.972546 -69.9879 -0.0302105 0.999026 0.0321531 1.11192 0.972829 0.0220005 0.230478 1.54909 
0.32638 0.0321658 -0.944691 -70.8052 -0.0185759 0.999446 0.0276124 1.0981 0.945056 0.00853637 0.326797 1.88967 
0.431292 0.0220921 -0.901942 -71.5813 -0.00914172 0.999756 0.0201165 1.10713 0.902166 -0.000430816 0.431389 2.27488 
0.530344 0.0192812 -0.847563 -72.3114 -0.00595484 0.999801 0.0190183 1.11689 0.847761 -0.00503916 0.530354 2.73896 
0.616141 0.00845172 -0.787591 -72.9294 0.0125409 0.99971 0.0205389 1.11527 0.787536 -0.022532 0.615856 3.35868 
0.697828 -0.00048838 -0.716265 -73.5055 0.0113882 0.999881 0.0104133 1.10528 0.716175 -0.0154237 0.69775 3.98404 
0.737634 -0.00713691 -0.675163 -73.7774 0.00831066 0.999964 -0.00149066 1.10527 0.67515 -0.00451149 0.737667 4.31863 
0.776492 -0.00764263 -0.630081 -74.0386 0.00249766 0.999956 -0.00905103 1.08985 0.630122 0.00545432 0.776477 4.66997 
0.811782 -0.00983793 -0.583877 -74.2705 0.00307373 0.999916 -0.0125744 1.08323 0.583952 0.00841299 0.811744 5.07144 
0.844338 -0.0115029 -0.535688 -74.4922 0.00429645 0.999883 -0.0146987 1.07529 0.535794 0.0101091 0.844288 5.49669 
0.873618 -0.0111462 -0.486485 -74.6959 0.00319681 0.999848 -0.0171674 1.06266 0.486602 0.0134426 0.87352 5.93767 
0.898842 -0.00945951 -0.438171 -74.9038 0.00279839 0.999871 -0.0158453 1.04574 0.438265 0.0130163 0.898752 6.40608 
0.936266 0.00220925 -0.351285 -75.2826 -0.00853607 0.999828 -0.0164629 1.01434 0.351188 0.0184122 0.936124 7.39247 
0.948844 0.00504982 -0.315705 -75.4352 -0.0104038 0.999829 -0.0152757 1.00236 0.315574 0.0177788 0.948734 7.93109 
0.958435 0.00627146 -0.285242 -75.5941 -0.010493 0.999857 -0.0132738 0.984586 0.285118 0.0157151 0.958364 8.48567 
0.965276 0.00451901 -0.261192 -75.7325 -0.00788593 0.999899 -0.011844 0.968298 0.261112 0.0134924 0.965214 9.06346 
0.970544 0.00428235 -0.240884 -75.8557 -0.00685195 0.999928 -0.0098308 0.953062 0.240825 0.0111918 0.970504 9.66135 
0.975094 0.00691352 -0.221685 -76.0163 -0.00877674 0.999934 -0.00742082 0.947771 0.221619 0.00918166 0.97509 10.2692 
0.981176 0.0155918 -0.192484 -76.2915 -0.0167959 0.999848 -0.00462541 0.927016 0.192383 0.0077713 0.981289 11.5385 
0.983781 0.0145064 -0.178784 -76.4176 -0.0156074 0.999867 -0.00475329 0.913432 0.178691 0.00746655 0.983877 12.1974 
0.986204 0.0154153 -0.164815 -76.5379 -0.0165226 0.999849 -0.0053493 0.906472 0.164708 0.00799868 0.98631 12.8724 
0.988504 0.0156969 -0.150377 -76.6387 -0.0165982 0.999851 -0.00474035 0.89459 0.15028 0.00718185 0.988617 13.5664 
0.99049 0.0169485 -0.136539 -76.7274 -0.0176791 0.999835 -0.00413997 0.880908 0.136446 0.00651448 0.990626 14.2777 
0.993433 0.0174497 -0.113075 -76.8946 -0.0189734 0.999743 -0.0124132 0.84878 0.11283 0.0144771 0.993509 15.7267 
0.994504 0.0154216 -0.103558 -76.9708 -0.0174269 0.999677 -0.0184865 0.833331 0.103239 0.0201896 0.994452 16.4691 
0.995963 0.0184966 -0.0878328 -77.1341 -0.0196819 0.999726 -0.0126474 0.799145 0.0875748 0.0143251 0.996055 18.001 
0.996647 0.0226568 -0.0786232 -77.2628 -0.0227558 0.999741 -0.000363675 0.752828 0.0785946 0.00215159 0.996904 19.55 
0.997175 0.021387 -0.0720012 -77.393 -0.0216039 0.999764 -0.00223504 0.724446 0.0719364 0.00378423 0.997402 21.083 
0.99763 0.0175023 -0.0665497 -77.5013 -0.0173821 0.999846 0.00238398 0.697588 0.0665812 -0.00122156 0.99778 22.6252 
0.997999 0.013158 -0.0618419 -77.5919 -0.013173 0.999913 0.000164928 0.671503 0.0618387 0.000650045 0.998086 24.1583 
0.998146 0.0165833 -0.0585615 -77.6926 -0.0174679 0.99974 -0.0146258 0.635404 0.0583038 0.0156216 0.998177 25.6794 
0.998289 0.0183101 -0.0555353 -77.781 -0.0192786 0.99967 -0.0169549 0.591852 0.0552066 0.0179965 0.998313 27.2012 
0.998398 0.0254163 -0.0505572 -77.8839 -0.025833 0.999637 -0.00760577 0.539522 0.0503456 0.00889963 0.998692 28.7196 
0.998681 0.01974 -0.047398 -77.953 -0.020052 0.99978 -0.00611568 0.509606 0.0472669 0.00705804 0.998857 30.2225 
0.998786 0.0185799 -0.0456281 -78 -0.0188802 0.999803 -0.00615902 0.491113 0.0455047 0.007013 0.99894 30.9736 
0.998846 0.0182612 -0.0444265 -78.0418 -0.0186387 0.999793 -0.00809781 0.475561 0.0442694 0.00891651 0.99898 31.7265 
0.998917 0.0173615 -0.0431751 -78.0829 -0.0177855 0.999797 -0.00945634 0.457933 0.0430022 0.010214 0.999023 32.4811 
0.998968 0.0149261 -0.0429085 -78.1159 -0.0153356 0.99984 -0.00922841 0.439487 0.0427638 0.0098769 0.999036 33.245 
0.998948 0.016852 -0.0426387 -78.1451 -0.0172447 0.999812 -0.00885845 0.429337 0.0424814 0.00958442 0.999051 34.0122 
0.998958 0.0181797 -0.041862 -78.1964 -0.0185881 0.999783 -0.00938686 0.408909 0.0416823 0.0101552 0.999079 34.7811 
0.998886 0.0171823 -0.0439396 -78.2265 -0.0175995 0.999803 -0.00912689 0.384738 0.0437741 0.00989005 0.998993 35.5583 
0.99883 0.014785 -0.046053 -78.2633 -0.0151989 0.999847 -0.00864947 0.369803 0.0459181 0.0093393 0.998902 36.3439 
0.998655 0.019717 -0.0479582 -78.3303 -0.0201709 0.999756 -0.00899926 0.350822 0.0477691 0.00995451 0.998809 37.1318 
0.998441 0.0222209 -0.0512123 -78.3754 -0.0227164 0.9997 -0.00911395 0.327363 0.0509944 0.0102631 0.998646 37.928 
0.998279 0.0222533 -0.0542495 -78.4139 -0.0230459 0.999636 -0.0140291 0.302668 0.0539175 0.0152552 0.998429 38.7214 
0.998151 0.0231987 -0.0561829 -78.4812 -0.0242101 0.999556 -0.017389 0.278351 0.0557546 0.018717 0.998269 39.5198 
0.998077 0.0215399 -0.0581191 -78.5432 -0.0226931 0.999557 -0.0192546 0.260219 0.0576786 0.0205365 0.998124 40.3305 
0.997953 0.0217673 -0.0601356 -78.606 -0.0228775 0.999579 -0.0178356 0.23382 0.0597221 0.0191749 0.998031 41.149 
0.99784 0.019572 -0.0627071 -78.6535 -0.0206762 0.999642 -0.0170082 0.204463 0.0623517 0.018268 0.997887 41.98 
0.997725 0.0182249 -0.0649092 -78.7047 -0.0192746 0.999693 -0.0155832 0.183931 0.0646053 0.0167989 0.997769 42.8164 
0.99768 0.0185328 -0.0655144 -78.7735 -0.0193746 0.999737 -0.012236 0.165216 0.0652704 0.0134769 0.997777 43.6606 
0.997636 0.0180538 -0.0663041 -78.8394 -0.018594 0.999799 -0.00754011 0.143953 0.0661546 0.00875514 0.997771 44.5113 
0.997657 0.0178078 -0.0660555 -78.8937 -0.0182078 0.999819 -0.00545956 0.122372 0.0659464 0.00664949 0.997801 45.3665 
0.997828 0.0204873 -0.0626075 -79.0083 -0.0209471 0.999758 -0.00669613 0.0886207 0.0624551 0.00799303 0.998016 47.0889 
0.997967 0.0175449 -0.061264 -79.0597 -0.018119 0.999797 -0.00882798 0.067296 0.0610967 0.00992008 0.998083 47.9535 
0.998138 0.0142584 -0.059313 -79.123 -0.0149092 0.999833 -0.0105447 0.050702 0.0591528 0.0114094 0.998184 48.8221 
0.998273 0.0134631 -0.0571752 -79.1762 -0.0140971 0.999843 -0.0106989 0.0272704 0.0570222 0.0114864 0.998307 49.693 
0.99838 0.0125212 -0.0555093 -79.2239 -0.0129903 0.999883 -0.0080965 0.00535847 0.0554014 0.00880446 0.998425 50.571 
0.998443 0.0088473 -0.0550712 -79.2635 -0.00919307 0.99994 -0.00602855 -0.0126008 0.0550145 0.00652544 0.998464 51.4476 
0.998489 0.00806088 -0.0543583 -79.3085 -0.00838184 0.999949 -0.00567917 -0.0352735 0.0543097 0.00612621 0.998505 52.3203 
0.998528 0.0117643 -0.0529403 -79.4128 -0.0125374 0.999819 -0.0142952 -0.0923172 0.0527626 0.0149379 0.998495 54.0398 
0.998582 0.0146274 -0.0511856 -79.4755 -0.0156438 0.999687 -0.0195138 -0.124087 0.0508841 0.0202868 0.998498 54.8989 
0.998617 0.0189915 -0.0490299 -79.5957 -0.0202693 0.999464 -0.0256958 -0.199159 0.0485157 0.026654 0.998467 56.6069 
0.998652 0.0152585 -0.0496045 -79.6249 -0.0162777 0.999663 -0.0202072 -0.224664 0.0492795 0.0209874 0.998565 57.4596 
0.998607 0.0133656 -0.0510484 -79.6502 -0.0139691 0.999836 -0.0114845 -0.252984 0.0508865 0.0121816 0.99863 58.317 
0.998531 0.0114215 -0.0529729 -79.6841 -0.0116415 0.999925 -0.00384621 -0.281027 0.052925 0.00445725 0.998589 59.1686 
0.998452 0.00763939 -0.0550967 -79.8215 -0.00814503 0.999927 -0.00895866 -0.336027 0.0550242 0.00939355 0.998441 60.8251 
0.998149 0.0100577 -0.0599856 -79.9337 -0.0108409 0.99986 -0.0127453 -0.381746 0.059849 0.013372 0.998118 62.4832 
0.997678 0.0135053 -0.0667516 -80.0581 -0.0148234 0.999704 -0.0192912 -0.437798 0.0664713 0.0202359 0.997583 64.1146 
0.997091 0.0196374 -0.0736484 -80.1871 -0.0214346 0.999489 -0.0236919 -0.497034 0.0731456 0.0252016 0.997003 65.731 
0.996354 0.0257618 -0.0813332 -80.338 -0.0271378 0.999506 -0.0158575 -0.555067 0.0808845 0.0180069 0.996561 67.3524 
0.995979 0.0249479 -0.0860455 -80.4121 -0.0258929 0.999616 -0.00988397 -0.584516 0.0857659 0.0120722 0.996242 68.1578 
0.995485 0.0234678 -0.0919766 -80.4726 -0.0241766 0.999686 -0.00660035 -0.604184 0.0917928 0.00879423 0.995739 68.9567 
0.994865 0.0222625 -0.0987331 -80.5588 -0.0228856 0.999725 -0.00518251 -0.629776 0.0985905 0.00741547 0.9951 69.7469 
0.994307 0.0201193 -0.104634 -80.6501 -0.0203728 0.999792 -0.00135449 -0.648669 0.104585 0.00347847 0.99451 70.5388 
0.993523 0.0201554 -0.111829 -80.7339 -0.0205242 0.999787 -0.00214744 -0.661874 0.111762 0.00442873 0.993725 71.321 
0.992772 0.024641 -0.117462 -80.8438 -0.0251549 0.999679 -0.00289421 -0.678983 0.117353 0.00582804 0.993073 72.0937 
0.99134 0.0261685 -0.128688 -81.0731 -0.027616 0.999574 -0.00947579 -0.716131 0.128385 0.0129476 0.99164 73.6241 
0.990613 0.0272224 -0.133955 -81.1869 -0.0289157 0.999524 -0.0107111 -0.736958 0.1336 0.014484 0.99093 74.3888 
0.989951 0.0298294 -0.13823 -81.3133 -0.0309254 0.999505 -0.00578735 -0.750792 0.137989 0.010004 0.990383 75.1495 
0.988963 0.0296635 -0.145163 -81.4272 -0.0302672 0.99954 -0.00195154 -0.762489 0.145038 0.00632368 0.989406 75.9108 
0.987071 0.0269103 -0.158006 -81.6785 -0.0277972 0.999608 -0.00340494 -0.804934 0.157852 0.00775304 0.987432 77.4075 
0.984103 0.02172 -0.176268 -81.9421 -0.024311 0.999626 -0.0125525 -0.838766 0.175929 0.0166382 0.984262 78.8887 
0.98215 0.0222497 -0.18678 -82.0933 -0.0244891 0.999653 -0.0096903 -0.857272 0.1865 0.0140914 0.982354 79.6297 
0.979945 0.0223572 -0.198011 -82.2537 -0.0235341 0.999717 -0.00359205 -0.871242 0.197875 0.00818003 0.980193 80.3683 
0.977633 0.0251495 -0.208811 -82.4332 -0.0248051 0.999683 0.00426841 -0.887877 0.208852 0.00100662 0.977947 81.1046 
0.974458 0.0267725 -0.222968 -82.5418 -0.0258476 0.999641 0.00706585 -0.888105 0.223077 -0.00112218 0.9748 81.845 
0.971336 0.0297212 -0.235844 -82.697 -0.0300193 0.999547 0.0023272 -0.90016 0.235806 0.00481937 0.971788 82.5689 
0.968358 0.0278798 -0.248002 -82.8861 -0.0304011 0.999518 -0.00634186 -0.926556 0.247705 0.0136807 0.968739 83.2745 
0.964983 0.0263567 -0.260985 -83.0924 -0.0302774 0.999481 -0.0110126 -0.941066 0.26056 0.018529 0.96528 83.9861 
0.9615 0.0255195 -0.273617 -83.3006 -0.0285537 0.999567 -0.00711212 -0.934754 0.273317 0.0146511 0.961812 84.709 
0.95851 0.0281716 -0.283663 -83.5575 -0.0293947 0.999568 -5.55652e-05 -0.948398 0.283539 0.00839147 0.958924 85.4227 
0.955588 0.0293522 -0.293242 -83.8152 -0.0293151 0.99956 0.00452223 -0.954483 0.293245 0.00427503 0.956028 86.1332 
0.951761 0.0268966 -0.305659 -84.0567 -0.0274048 0.999621 0.00262917 -0.965974 0.305614 0.00587419 0.952137 86.8408 
0.948333 0.0252085 -0.316272 -84.3191 -0.0271992 0.999628 -0.00188054 -0.974911 0.316107 0.0103857 0.948667 87.5394 
0.94252 0.0161819 -0.333756 -84.8074 -0.0221002 0.999659 -0.0139431 -1.01756 0.333417 0.0205177 0.942556 88.9505 
0.939894 0.0162579 -0.34108 -85.0677 -0.0230456 0.999609 -0.0158579 -1.03838 0.340689 0.0227652 0.9399 89.6563 
0.936868 0.0210477 -0.349048 -85.3408 -0.0283185 0.999475 -0.0157399 -1.06322 0.348534 0.0246307 0.936973 90.3607 
0.933974 0.0216681 -0.356683 -85.6233 -0.0283002 0.99951 -0.0133848 -1.08434 0.356218 0.0225953 0.934129 91.057 
0.930974 0.023486 -0.36433 -85.9138 -0.0278524 0.999589 -0.00673416 -1.09721 0.364022 0.0164168 0.931246 91.7596 
0.925772 0.0347922 -0.376478 -86.514 -0.0341381 0.999382 0.0084111 -1.12686 0.376538 0.00506548 0.926387 93.1652 
0.920823 0.0381942 -0.388107 -87.1308 -0.0423548 0.9991 -0.00216809 -1.14763 0.387675 0.0184346 0.921612 94.5466 
0.917138 0.031777 -0.397301 -87.7395 -0.0390003 0.999188 -0.0101118 -1.17328 0.396657 0.0247688 0.917632 95.9355 
0.912549 0.0401975 -0.406987 -88.3959 -0.044094 0.999027 -0.000195295 -1.21326 0.406584 0.0181239 0.913434 97.3371 
0.90802 0.0351494 -0.41745 -89.0279 -0.0426529 0.999052 -0.00865632 -1.24516 0.41675 0.0256655 0.908659 98.7409 
0.906064 0.034776 -0.421709 -89.3751 -0.0454272 0.998852 -0.0152329 -1.26322 0.420695 0.032959 0.906603 99.4204 
0.90421 0.0362378 -0.425548 -89.7234 -0.0479304 0.998709 -0.0167973 -1.27968 0.42439 0.035585 0.90478 100.103 
0.902821 0.0416277 -0.427996 -90.0851 -0.0519954 0.998568 -0.0125571 -1.303 0.426861 0.0335907 0.903693 100.785 
0.901024 0.0427338 -0.431659 -90.438 -0.0524038 0.99857 -0.0105276 -1.32101 0.430592 0.0321062 0.901975 101.472 
0.898509 0.043842 -0.43676 -90.7689 -0.053576 0.998514 -0.00998638 -1.34045 0.435673 0.0323727 0.899523 102.165 
0.896468 0.0421938 -0.441096 -91.1122 -0.0521244 0.998586 -0.0104143 -1.3654 0.440033 0.032328 0.8974 102.848 
0.892388 0.039241 -0.44956 -91.8115 -0.0490034 0.998748 -0.0100946 -1.41143 0.4486 0.0310382 0.893193 104.201 
0.890173 0.0403868 -0.453828 -92.1634 -0.050072 0.998702 -0.00933906 -1.43195 0.452862 0.0310375 0.89104 104.874 
0.887968 0.0411631 -0.458059 -92.5165 -0.050985 0.998658 -0.00909306 -1.45584 0.45707 0.0314285 0.888875 105.539 
0.886168 0.0389699 -0.461722 -92.882 -0.0507151 0.998628 -0.0130505 -1.47953 0.46058 0.0349812 0.886929 106.187 
0.882065 0.0346069 -0.469855 -93.5884 -0.0498127 0.998559 -0.0199659 -1.52779 0.468487 0.041016 0.882518 107.483 
0.880166 0.0362399 -0.473281 -93.943 -0.049761 0.998632 -0.0160742 -1.54869 0.472051 0.0376989 0.880765 108.134 
0.877345 0.0421899 -0.478003 -94.6626 -0.0469396 0.998896 0.00201057 -1.58772 0.477559 0.0206733 0.878356 109.409 
0.875606 0.041077 -0.481277 -94.9995 -0.0430643 0.999048 0.00692034 -1.60626 0.481103 0.0146664 0.876541 110.036 
0.874225 0.0379425 -0.484037 -95.3423 -0.0398246 0.999186 0.00639605 -1.61774 0.483886 0.013685 0.875024 110.641 
0.872766 0.0368672 -0.486744 -95.6843 -0.0405794 0.999172 0.00291809 -1.62962 0.486449 0.017205 0.87354 111.224 
0.872062 0.0365527 -0.488029 -96.0431 -0.0418409 0.999124 6.73261e-05 -1.6399 0.487604 0.0203609 0.872827 111.778 
0.870413 0.0339558 -0.49115 -96.3546 -0.0394829 0.99922 -0.000889897 -1.65552 0.490736 0.0201666 0.871075 112.344 
0.868318 0.0334148 -0.494881 -96.9851 -0.0384846 0.999259 -5.43126e-05 -1.68555 0.494513 0.0190925 0.868961 113.407 
0.865556 0.0317127 -0.499807 -97.5521 -0.0352076 0.999377 0.00243849 -1.71993 0.499573 0.0154864 0.866133 114.412 
0.863283 0.0296262 -0.50385 -98.0948 -0.032865 0.999457 0.0024578 -1.7563 0.503649 0.0144372 0.863788 115.316 
0.861264 0.0283146 -0.507368 -98.6156 -0.0350825 0.999377 -0.00378095 -1.80242 0.506945 0.0210561 0.861721 116.127 
0.856392 0.0196711 -0.515951 -99.058 -0.0262923 0.999639 -0.00552866 -1.81823 0.515656 0.0183003 0.8566 116.895 
0.849275 0.024466 -0.527384 -99.4907 -0.0299933 0.999548 -0.00192954 -1.8357 0.527098 0.0174567 0.849625 117.583 
0.842323 0.0353457 -0.537813 -99.9126 -0.035641 0.999316 0.00985517 -1.85014 0.537793 0.0108669 0.843007 118.189 
0.831738 0.034113 -0.55412 -100.261 -0.0300866 0.999413 0.0163662 -1.87482 0.554353 0.00305914 0.832276 118.752 
0.809162 0.0322737 -0.586699 -100.807 -0.025052 0.999477 0.020429 -1.88747 0.587051 -0.00183237 0.809548 119.41 
0.785597 0.033399 -0.617836 -101.156 -0.0279664 0.999438 0.0184675 -1.89557 0.618106 0.00277065 0.78609 119.761 
0.742212 0.0286917 -0.669551 -101.625 -0.0331646 0.999432 0.00606412 -1.90284 0.669344 0.0177046 0.742741 120.222 
0.708147 0.0356938 -0.705163 -101.932 -0.0430617 0.999046 0.00732559 -1.92832 0.704751 0.0251779 0.709008 120.522 
0.671365 0.0326797 -0.740406 -102.277 -0.0361954 0.999281 0.0112855 -1.91866 0.740243 0.0192226 0.672065 120.791 
0.627802 0.0391348 -0.777388 -102.649 -0.0399681 0.999039 0.0180156 -1.90734 0.777346 0.0197605 0.628763 121.009 
0.577084 0.0462937 -0.815371 -103.003 -0.042592 0.998739 0.0265599 -1.91096 0.815573 0.019401 0.578329 121.252 
0.528724 0.0539838 -0.847076 -103.411 -0.0500275 0.998222 0.0323904 -1.89622 0.847318 0.0252515 0.530484 121.378 
0.473126 0.0567172 -0.879167 -103.821 -0.050146 0.998041 0.0373999 -1.89512 0.879567 0.0263919 0.475043 121.527 
0.406525 0.0500841 -0.912266 -104.262 -0.0479515 0.99829 0.0334387 -1.89761 0.91238 0.0301509 0.408232 121.701 
0.329905 0.0465177 -0.942867 -104.802 -0.0450354 0.998424 0.033501 -1.86776 0.942939 0.0314102 0.33148 121.79 
0.286692 0.044928 -0.956969 -105.101 -0.0434101 0.998483 0.0338721 -1.85742 0.957039 0.0318312 0.288207 121.845 
0.1938 0.0402763 -0.980214 -105.734 -0.0399395 0.998652 0.0331374 -1.82757 0.980228 0.0327272 0.195148 121.879 
0.145589 0.0400631 -0.988534 -106.083 -0.0390038 0.998635 0.0347281 -1.81454 0.988576 0.0335006 0.146953 121.873 
0.0417142 0.0443351 -0.998145 -106.793 -0.0320272 0.998561 0.0430151 -1.79439 0.998616 0.0301735 0.0430741 121.843 
-0.066823 0.047418 -0.996637 -107.553 -0.0218911 0.99856 0.0489773 -1.75452 0.997525 0.0250903 -0.0656887 121.769 
-0.171158 0.0517873 -0.983882 -108.358 -0.0126349 0.99842 0.0547506 -1.73444 0.985163 0.0218023 -0.170233 121.581 
-0.267439 0.0538791 -0.962067 -109.192 -0.0028586 0.998387 0.0567077 -1.68432 0.963571 0.017916 -0.266854 121.276 
-0.315479 0.0547639 -0.947351 -109.627 0.002698 0.998381 0.0568154 -1.6592 0.948929 0.0153681 -0.315116 121.114 
-0.401838 0.0581396 -0.913863 -110.52 0.0132762 0.998247 0.0576703 -1.61517 0.915615 0.0110415 -0.401905 120.677 
-0.44083 0.0594125 -0.895622 -110.971 0.0179842 0.998191 0.0573646 -1.58534 0.89741 0.00918095 -0.441101 120.409 
-0.475102 0.0599175 -0.877888 -111.442 0.0200914 0.998158 0.0572529 -1.5594 0.879701 0.00956303 -0.475431 120.129 
-0.504126 0.0594217 -0.861583 -111.92 0.0207729 0.998176 0.0566877 -1.53079 0.86338 0.0106802 -0.504441 119.833 
-0.527387 0.0578633 -0.847652 -112.406 0.0197482 0.998244 0.0558563 -1.49943 0.849396 0.0127183 -0.527603 119.506 
-0.54614 0.0568378 -0.835763 -112.899 0.0199845 0.998296 0.054832 -1.47039 0.837455 0.0132437 -0.546345 119.169 
-0.559635 0.0563284 -0.826823 -113.394 0.0191019 0.998299 0.0550813 -1.44314 0.828519 0.0150316 -0.559759 118.793 
-0.570888 0.0575973 -0.819005 -113.912 0.0207905 0.998231 0.0557095 -1.41751 0.820765 0.0147764 -0.571075 118.419 
-0.580842 0.0589037 -0.811882 -114.442 0.0222305 0.998154 0.0565139 -1.38932 0.813713 0.0147771 -0.581079 118.03 
-0.589169 0.060338 -0.805753 -114.986 0.0239171 0.998073 0.0572515 -1.35911 0.807655 0.0144596 -0.589477 117.629 
-0.59535 0.0602847 -0.801202 -115.538 0.0227849 0.998047 0.0581651 -1.33016 0.803143 0.0163733 -0.595561 117.213 
-0.601033 0.0601757 -0.796956 -116.097 0.0223531 0.998037 0.0585009 -1.29612 0.798912 0.0173465 -0.601198 116.782 
-0.605598 0.0605473 -0.793464 -116.668 0.0226225 0.998008 0.0588893 -1.26332 0.795449 0.0177132 -0.605762 116.34 
-0.608635 0.061562 -0.791059 -117.237 0.0238622 0.997955 0.0593037 -1.2275 0.793092 0.0172179 -0.608859 115.869 
-0.611228 0.0622564 -0.789002 -117.835 0.0246103 0.997914 0.0596754 -1.19163 0.791072 0.0170577 -0.611485 115.414 
-0.611626 0.0630552 -0.788631 -118.437 0.0256849 0.997876 0.0598654 -1.15816 0.79073 0.0163593 -0.611946 114.93 
-0.61166 0.0622185 -0.78867 -119.05 0.0247021 0.997919 0.0595682 -1.12646 0.790735 0.0169537 -0.611924 114.439 
-0.611809 0.0619636 -0.788574 -119.67 0.0257035 0.997958 0.0584744 -1.08346 0.790587 0.015506 -0.612153 113.934 
-0.61253 0.0609304 -0.788095 -120.321 0.0252765 0.998025 0.0575152 -1.0404 0.790043 0.0153095 -0.61286 113.438 
-0.61282 0.0607561 -0.787884 -120.974 0.0236387 0.998003 0.0585728 -1.00075 0.789869 0.01727 -0.613032 112.918 
-0.613415 0.0610902 -0.787394 -121.632 0.0210544 0.997914 0.0610211 -0.960923 0.78948 0.0208532 -0.613422 112.391 
-0.614556 0.0622944 -0.78641 -122.312 0.020466 0.997801 0.0630459 -0.919333 0.788608 0.0226505 -0.614479 111.863 
-0.615148 0.0620979 -0.785962 -122.991 0.0199607 0.9978 0.0632124 -0.883567 0.788159 0.0231966 -0.615035 111.324 
-0.616117 0.0608864 -0.785298 -123.683 0.020829 0.997919 0.0610298 -0.839212 0.787379 0.0212445 -0.616103 110.78 
-0.617101 0.0619616 -0.784441 -124.393 0.0241714 0.997917 0.0598087 -0.795935 0.786513 0.017947 -0.617313 110.237 
-0.617585 0.0630054 -0.783977 -125.102 0.0261383 0.99788 0.0596053 -0.752777 0.78607 0.0163195 -0.617922 109.668 
-0.61905 0.0651127 -0.782648 -125.835 0.0306552 0.997801 0.0587652 -0.708827 0.784753 0.0123863 -0.619684 109.113 
-0.619944 0.0633609 -0.782083 -126.559 0.0307896 0.997931 0.0564415 -0.670216 0.784041 0.0109105 -0.620613 108.529 
-0.620995 0.0602428 -0.781496 -127.294 0.0305291 0.998144 0.0526842 -0.637925 0.78322 0.00885826 -0.621682 107.939 
-0.622016 0.0544295 -0.78111 -128.778 0.0264261 0.998472 0.0485321 -0.562336 0.782558 0.00954602 -0.622504 106.727 
-0.62159 0.0572091 -0.781251 -130.299 0.0250237 0.998271 0.0531912 -0.490522 0.782943 0.0135133 -0.621947 105.485 
-0.621812 0.0622396 -0.780689 -131.825 0.0275694 0.997959 0.0576024 -0.413094 0.782681 0.0142947 -0.622259 104.242 
-0.622171 0.063676 -0.780287 -133.366 0.0283965 0.997866 0.0587895 -0.33315 0.782366 0.0144197 -0.622652 103.006 
-0.622998 0.0633192 -0.779657 -134.905 0.0266497 0.997858 0.0597453 -0.24336 0.78177 0.0164435 -0.623351 101.768 
-0.624048 0.064726 -0.778701 -135.689 0.0276424 0.997768 0.0607824 -0.186732 0.780897 0.016406 -0.624444 101.153 
-0.623586 0.0661234 -0.778953 -136.439 0.0274896 0.997655 0.0626818 -0.164398 0.781271 0.0176745 -0.623942 100.505 
-0.62369 0.065015 -0.778963 -137.195 0.0262706 0.997715 0.0622388 -0.130539 0.78123 0.0183538 -0.623973 99.8638 
-0.623961 0.0641642 -0.778817 -137.941 0.025206 0.997757 0.0620078 -0.111239 0.781049 0.0190596 -0.624179 99.2029 
-0.624426 0.0643837 -0.778426 -138.694 0.0256526 0.99775 0.0619463 -0.0908293 0.780663 0.0187122 -0.624672 98.564 
-0.625732 0.0652798 -0.777301 -139.473 0.0272901 0.997714 0.0618219 -0.0399447 0.77956 0.0174713 -0.626083 97.9444 
-0.627914 0.0636503 -0.775675 -140.25 0.0258363 0.997806 0.0609632 0.00931311 0.777854 0.0182391 -0.628181 97.3337 
-0.627744 0.0624436 -0.775911 -141.003 0.0241531 0.99786 0.0607647 0.0420625 0.778045 0.0194041 -0.627909 96.6903 
-0.628647 0.0609341 -0.7753 -141.778 0.023483 0.997958 0.0593927 0.0910875 0.777336 0.0191307 -0.628795 96.0805 
-0.628137 0.0598249 -0.775799 -142.541 0.0219625 0.998006 0.0591778 0.137517 0.777793 0.0201333 -0.628198 95.4445 
-0.628392 0.0580348 -0.775729 -143.307 0.0184007 0.998043 0.0597611 0.171801 0.777679 0.0232794 -0.62823 94.809 
-0.627455 0.0567325 -0.776583 -144.066 0.0162808 0.99808 0.0597594 0.206897 0.778483 0.0248529 -0.627174 94.1729 
-0.626976 0.0557254 -0.777043 -144.838 0.0160989 0.998152 0.0585923 0.248931 0.778872 0.0242264 -0.626715 93.5585 
-0.625769 0.0538687 -0.778146 -145.6 0.0147454 0.998251 0.0572479 0.284339 0.779869 0.02435 -0.625469 92.9329 
-0.624323 0.0546835 -0.77925 -146.369 0.0155837 0.99822 0.0575643 0.326472 0.781011 0.0237951 -0.624064 92.3111 
-0.623637 0.0564379 -0.779674 -147.146 0.0166155 0.998122 0.0589603 0.371014 0.781538 0.0238151 -0.623403 91.6934 
-0.623156 0.0624784 -0.779598 -147.931 0.0199614 0.99775 0.0640058 0.415024 0.781843 0.0243237 -0.623001 91.0898 
-0.622282 0.0688637 -0.779758 -148.709 0.02206 0.99727 0.0704682 0.463355 0.782482 0.0266497 -0.622102 90.4704 
-0.621692 0.0706066 -0.780073 -149.476 0.0225126 0.997128 0.072311 0.51058 0.782938 0.0273937 -0.621496 89.8518 
-0.62162 0.0669745 -0.780451 -150.238 0.0225107 0.997454 0.0676672 0.565874 0.782996 0.0244947 -0.621545 89.2359 
-0.62176 0.0630677 -0.780664 -151.002 0.0223212 0.997775 0.0628297 0.616673 0.782889 0.0216396 -0.621784 88.6221 
-0.621096 0.0632098 -0.781181 -151.759 0.0223909 0.997767 0.0629325 0.657103 0.783414 0.0215958 -0.621124 87.995 
-0.621226 0.0659537 -0.780851 -152.524 0.0226062 0.997546 0.0662716 0.70025 0.783305 0.0235176 -0.621192 87.3726 
-0.621163 0.0670912 -0.780804 -153.286 0.0224942 0.997445 0.0678111 0.741531 0.783359 0.0245582 -0.621085 86.7553 
-0.621469 0.0662407 -0.780634 -154.041 0.0229437 0.997531 0.0663798 0.782733 0.783103 0.0233423 -0.621454 86.1384 
-0.622132 0.0654732 -0.78017 -154.797 0.0235755 0.997612 0.0649214 0.825955 0.782557 0.0219968 -0.62219 85.5243 
-0.622975 0.0695799 -0.779141 -156.301 0.0232966 0.997245 0.0704302 0.918669 0.781894 0.025725 -0.62288 84.2866 
-0.623742 0.0740674 -0.778113 -157.809 0.0258019 0.996909 0.0742112 1.01391 0.781204 0.0262119 -0.623725 83.0717 
-0.624469 0.0727894 -0.77765 -159.293 0.0275865 0.997082 0.0711762 1.11027 0.780562 0.0229947 -0.624655 81.8674 
-0.624169 0.0686887 -0.778264 -160.774 0.0231092 0.997315 0.0694882 1.20734 0.780948 0.0253873 -0.62408 80.6782 
-0.62337 0.0663626 -0.779106 -162.249 0.0196787 0.997408 0.069212 1.30013 0.781679 0.0278129 -0.62306 79.4897 
-0.62197 0.0662413 -0.780234 -163.711 0.018769 0.99739 0.0697159 1.39618 0.782816 0.028717 -0.62159 78.3072 
-0.621133 0.0641911 -0.781072 -165.174 0.0182527 0.997555 0.0674672 1.48226 0.783493 0.0276494 -0.620786 77.1405 
-0.619467 0.0670456 -0.782154 -166.631 0.021031 0.997406 0.0688403 1.57824 0.784741 0.0261948 -0.61927 75.981 
-0.619735 0.0664333 -0.781994 -168.091 0.0229525 0.997519 0.0665529 1.66599 0.784475 0.0232964 -0.619722 74.8495 
-0.619152 0.0631054 -0.782731 -169.534 0.0255391 0.997857 0.0602474 1.76158 0.784855 0.0173121 -0.619437 73.7388 
-0.618093 0.0626853 -0.783602 -170.929 0.0217137 0.997797 0.0626927 1.83032 0.785805 0.021735 -0.618092 72.6183 
-0.618297 0.0619757 -0.783497 -172.3 0.0216676 0.997851 0.0618324 1.90347 0.785646 0.0212543 -0.618312 71.5373 
-0.6182 0.061843 -0.783585 -173.62 0.0214613 0.997856 0.0618224 1.97188 0.785728 0.0214019 -0.618202 70.4756 
-0.617976 0.060965 -0.783829 -174.896 0.0198426 0.997881 0.0619696 2.03623 0.785946 0.0227425 -0.617876 69.4396 
-0.618402 0.0636326 -0.783282 -176.157 0.0204135 0.997681 0.0649336 2.10194 0.785597 0.0241656 -0.618266 68.449 
-0.61838 0.0667976 -0.783035 -177.382 0.0205661 0.997415 0.0688441 2.17783 0.78561 0.0264679 -0.618156 67.4818 
-0.619614 0.0705472 -0.78173 -178.569 0.0241752 0.997195 0.0708302 2.25429 0.784534 0.0249889 -0.619582 66.5662 
-0.620606 0.0705524 -0.780942 -179.684 0.0237344 0.997178 0.0712263 2.32266 0.783764 0.0256682 -0.620529 65.6557 
-0.623852 0.0715673 -0.778259 -180.759 0.027526 0.997193 0.0696353 2.38851 0.781057 0.0220198 -0.624071 64.7999 
-0.640298 0.0749808 -0.764458 -182.281 0.0361846 0.997064 0.067488 2.47629 0.767274 0.0155508 -0.641131 63.535 
-0.671997 0.0807953 -0.736133 -183.68 0.0455629 0.996658 0.0677964 2.56405 0.739151 0.0120186 -0.673432 62.2736 
-0.702438 0.0866009 -0.706457 -184.542 0.0556064 0.996214 0.0668307 2.61129 0.70957 0.00766087 -0.704593 61.4247 
-0.761889 0.0864493 -0.641913 -185.66 0.0560044 0.996134 0.0676821 2.69112 0.645282 0.0156163 -0.763785 60.1067 
-0.805912 0.0831885 -0.586162 -186.259 0.0535128 0.996262 0.0678157 2.73371 0.589612 0.0232863 -0.807351 59.1849 
-0.853028 0.0814597 -0.515468 -186.743 0.0542973 0.996235 0.067581 2.77804 0.519033 0.02966 -0.85424 58.2402 
-0.918394 0.0539059 -0.391978 -187.276 0.0338834 0.997752 0.0578256 2.83132 0.394214 0.0398251 -0.918155 56.8276 
-0.966363 0.0435169 -0.253475 -187.602 0.0318575 0.998245 0.0499246 2.87427 0.255203 0.0401702 -0.966053 55.402 
-0.987067 0.0345167 -0.156547 -187.675 0.0264982 0.998242 0.0530223 2.90483 0.158102 0.0481883 -0.986246 54.4384 
-0.998171 0.0222934 -0.0561843 -187.656 0.0188915 0.997997 0.0603693 2.93482 0.0574176 0.0591975 -0.996594 53.4723 
-0.99841 0.0323041 0.0461887 -187.568 0.0348684 0.997831 0.0558339 2.96839 -0.0442849 0.0573556 -0.997371 52.5475 
-0.988493 0.0360531 0.146908 -187.387 0.0437167 0.997828 0.0492742 2.98288 -0.144813 0.0551296 -0.987922 51.6445 
-0.969258 0.0344116 0.243626 -187.093 0.0457866 0.998102 0.0411811 3.02161 -0.241747 0.05107 -0.968994 50.8008 
-0.940042 0.0425997 0.338387 -186.77 0.0581313 0.997663 0.0358931 3.05184 -0.336067 0.0534119 -0.940322 49.9517 
-0.907915 0.0327917 0.41787 -186.317 0.0540696 0.997768 0.0391798 3.06352 -0.415652 0.058166 -0.907662 49.1184 
-0.875806 0.0336265 0.48149 -185.831 0.0616444 0.997194 0.0424857 3.07962 -0.47871 0.0668904 -0.875421 48.3034 
-0.847944 0.0304004 0.529214 -185.296 0.0620589 0.997182 0.0421525 3.09764 -0.526441 0.0685854 -0.847441 47.5092 
-0.826921 0.0285901 0.56159 -184.724 0.0614357 0.997322 0.0396891 3.12001 -0.558951 0.0673215 -0.826463 46.7078 
-0.81319 0.0256934 0.58143 -184.119 0.0578526 0.997646 0.0368269 3.14165 -0.579115 0.0635845 -0.812762 45.8979 
-0.804089 0.0262158 0.593931 -183.478 0.0563457 0.997891 0.0322368 3.16595 -0.591833 0.0593867 -0.80387 45.075 
-0.797981 0.031828 0.601842 -182.825 0.0630913 0.997529 0.030899 3.18878 -0.599371 0.0626278 -0.798017 44.2061 
-0.794919 0.0276028 0.606087 -182.116 0.0560419 0.998034 0.028049 3.20327 -0.604122 0.056263 -0.794903 43.3243 
-0.793725 0.0260734 0.607718 -181.374 0.0549441 0.99807 0.02894 3.23562 -0.605791 0.0563609 -0.793625 42.3901 
-0.795121 0.0292065 0.605747 -180.596 0.0582702 0.997898 0.0283729 3.2466 -0.603644 0.0578569 -0.795152 41.4081 
-0.795933 0.0304307 0.604619 -179.783 0.0517373 0.998501 0.0178533 3.26533 -0.603169 0.0454914 -0.796315 40.387 
-0.796336 0.0350612 0.603838 -178.955 0.0541833 0.99844 0.013483 3.28159 -0.602423 0.043455 -0.796993 39.2925 
-0.797049 0.0265388 0.603331 -178.079 0.0473576 0.998704 0.018633 3.29422 -0.602055 0.0434237 -0.797273 38.14 
-0.796487 0.0220542 0.604253 -177.165 0.0440674 0.998794 0.0216325 3.30653 -0.603048 0.0438579 -0.796499 36.9357 
-0.796663 0.0191418 0.604121 -176.686 0.042845 0.998773 0.0248538 3.31703 -0.602904 0.0456836 -0.796505 36.3119 
-0.796756 0.0178761 0.604036 -176.206 0.0441523 0.998613 0.0286859 3.33491 -0.602686 0.0495253 -0.79644 35.6702 
-0.7964 0.014511 0.604596 -175.715 0.0414327 0.998672 0.0306076 3.34573 -0.603349 0.049426 -0.795944 35.0198 
-0.796241 0.0126325 0.604847 -175.208 0.0373574 0.998901 0.0283162 3.36067 -0.603825 0.045142 -0.795838 34.3664 
-0.795802 0.0158711 0.605349 -174.692 0.0389347 0.998929 0.0249942 3.37885 -0.604304 0.0434595 -0.795567 33.7097 
-0.795154 0.0177094 0.606149 -174.18 0.0419275 0.998787 0.0258203 3.39767 -0.604956 0.0459455 -0.794932 33.0254 
-0.795956 0.0148188 0.605173 -173.639 0.0426719 0.998587 0.0316722 3.40436 -0.603848 0.0510335 -0.795464 32.3448 
-0.796052 0.0162861 0.605009 -173.109 0.0461397 0.998362 0.0338346 3.4235 -0.603467 0.0548491 -0.7955 31.6459 
-0.795818 0.0176997 0.605277 -172.57 0.0474658 0.99832 0.0332148 3.43602 -0.603672 0.0551628 -0.795322 30.9423 
-0.79596 0.0221344 0.604944 -172.021 0.0498675 0.998332 0.0290855 3.46202 -0.603291 0.053318 -0.795737 30.2343 
-0.795002 0.0288611 0.60592 -171.5 0.0549215 0.99819 0.0245145 3.48048 -0.604116 0.0527671 -0.795148 29.4923 
-0.794841 0.0310348 0.606023 -170.953 0.0555008 0.998223 0.0216736 3.50339 -0.604274 0.0508619 -0.795152 28.7583 
-0.795379 0.0312673 0.605305 -170.388 0.0554874 0.998231 0.021347 3.50573 -0.603567 0.0505658 -0.795707 28.0238 
-0.795925 0.0286296 0.604718 -169.819 0.0540056 0.998256 0.0238207 3.51092 -0.602981 0.0516177 -0.796084 27.279 
-0.79608 0.0258008 0.604641 -169.251 0.0531666 0.99821 0.0274051 3.52221 -0.602851 0.0539634 -0.796026 26.5304 
-0.795795 0.0262679 0.604996 -168.701 0.0553939 0.998028 0.029531 3.54136 -0.603027 0.0570137 -0.795681 25.77 
