1 1.19763e-11 1.70464e-10 -5.55111e-17 1.19763e-11 1 3.5625e-10 0 1.70464e-10 3.5625e-10 1 2.22045e-16 
0.999992 -0.0037684 -0.00096441 -0.0139186 0.00376897 0.999993 0.000587789 -0.0608167 0.000962188 -0.00059142 0.999999 3.94207 
0.999987 -0.00494309 -0.000843991 -0.0178184 0.00494434 0.999987 0.00148628 -0.102787 0.000836633 -0.00149043 0.999999 6.58272 
0.999994 -0.00339659 0.000851924 -0.0652423 0.00339399 0.99999 0.00304255 -0.141288 -0.000862249 -0.00303964 0.999995 9.24131 
0.999993 0.00363922 0.000199136 -0.0995409 -0.00363885 0.999992 -0.00179033 -0.205283 -0.00020565 0.00178959 0.999998 13.249 
0.999989 0.00472798 0.000711829 -0.125623 -0.00472927 0.999987 0.00182672 -0.277348 -0.000703183 -0.00183006 0.999998 17.2855 
0.999996 -0.00275671 -3.35925e-05 -0.117562 0.00275667 0.999996 -0.00108587 -0.334957 3.65857e-05 0.00108577 0.999999 21.3439 
0.999994 0.0030644 0.00177216 -0.142723 -0.00306296 0.999995 -0.000816647 -0.379167 -0.00177466 0.000811214 0.999998 24.0745 
0.999993 0.00149181 0.00355382 -0.166383 -0.00150848 0.999988 0.00469322 -0.413584 -0.00354678 -0.00469854 0.999983 26.8239 
0.999992 -0.001624 0.00366302 -0.175912 0.00162159 0.999998 0.000662975 -0.452165 -0.0036641 -0.000657029 0.999993 29.5765 
0.999986 0.00157479 0.0050123 -0.181895 -0.00156209 0.999996 -0.0025361 -0.50246 -0.00501627 0.00252823 0.999984 32.3437 
0.999983 0.00261522 0.00528382 -0.179969 -0.00259468 0.999989 -0.00389022 -0.559966 -0.00529393 0.00387645 0.999978 35.1177 
0.999977 0.00357589 0.00584508 -0.196558 -0.00356839 0.999993 -0.00129401 -0.616216 -0.00584967 0.00127312 0.999982 37.9204 
0.99994 0.00901909 0.00623312 -0.221734 -0.00900794 0.999958 -0.00181579 -0.656594 -0.00624924 0.00175954 0.999979 40.7169 
0.999899 0.0127158 0.00635439 -0.236254 -0.0127086 0.999919 -0.00116936 -0.715263 -0.00636875 0.00108848 0.999979 43.533 
0.999916 0.0119986 0.00491817 -0.237902 -0.0119908 0.999927 -0.00161074 -0.798451 -0.00493714 0.00155163 0.999987 47.7757 
0.999882 0.0151268 0.00285475 -0.200185 -0.0151248 0.999885 -0.000736567 -0.880067 -0.00286556 0.000693303 0.999996 50.6195 
0.999877 0.0156692 0.0011422 -0.230318 -0.0156699 0.999877 0.000626886 -0.924994 -0.00113224 -0.000644707 0.999999 53.4781 
0.999952 0.00971868 -0.000986626 -0.241404 -0.00971765 0.999952 0.00103695 -0.994116 0.000996657 -0.00102731 0.999999 57.7664 
0.999977 0.00674784 -0.000756882 -0.253732 -0.00674639 0.999975 0.00190599 -1.03605 0.000769725 -0.00190084 0.999998 60.621 
0.999993 0.0038106 0.000222585 -0.27025 -0.00381103 0.999991 0.00195066 -1.08336 -0.00021515 -0.00195149 0.999998 63.4656 
0.999999 0.00119434 0.000560641 -0.27369 -0.00119475 0.999999 0.00074263 -1.14421 -0.000559754 -0.000743299 1 66.3062 
0.999975 0.00681396 0.00188211 -0.271025 -0.00681681 0.999976 0.0015159 -1.19033 -0.00187173 -0.0015287 0.999997 69.1356 
0.999918 0.012508 0.00269252 -0.312473 -0.0125159 0.999917 0.0029705 -1.22097 -0.00265514 -0.00300396 0.999992 71.9557 
0.999829 0.0181464 0.00345917 -0.345998 -0.0181529 0.999834 0.0018385 -1.25485 -0.00342523 -0.00190098 0.999992 74.7438 
0.999805 0.0193433 0.00406864 -0.353531 -0.0193527 0.99981 0.0023073 -1.31205 -0.00402324 -0.00238559 0.999989 77.5467 
0.999845 0.01715 0.00400208 -0.358661 -0.0171544 0.999852 0.00105532 -1.35658 -0.00398339 -0.00112381 0.999991 80.3265 
0.999865 0.0161294 0.00322633 -0.396711 -0.0161337 0.999869 0.00133228 -1.41265 -0.00320442 -0.00138415 0.999994 83.0985 
0.999828 0.0184053 0.00229416 -0.368812 -0.0184084 0.99983 0.00134803 -1.4818 -0.00226895 -0.00139003 0.999996 85.8696 
0.999882 0.015352 0.000558795 -0.387195 -0.0153537 0.999877 0.00326637 -1.53539 -0.00050858 -0.00327457 0.999995 88.6351 
0.999926 0.0121173 -0.00105453 -0.405642 -0.0121133 0.99992 0.00368086 -1.57849 0.00109905 -0.00366781 0.999993 91.382 
0.999969 0.00722121 -0.00298149 -0.407407 -0.00721254 0.99997 0.00290794 -1.62929 0.0030024 -0.00288634 0.999991 94.1079 
0.999969 0.00707218 -0.00354858 -0.427596 -0.0070658 0.999973 0.00180549 -1.675 0.00356126 -0.00178036 0.999992 96.8214 
0.999963 0.0080249 -0.00309487 -0.484494 -0.00801597 0.999964 0.00288733 -1.74308 0.00311793 -0.00286241 0.999991 100.845 
0.999952 0.00546792 -0.00811185 -0.432383 -0.00546366 0.999985 0.000546924 -1.8039 0.00811472 -0.000502577 0.999967 104.843 
0.999944 -0.00162914 -0.0104239 -0.440751 0.001659 0.999995 0.00285613 -1.88295 0.0104191 -0.00287326 0.999942 108.865 
0.999956 -0.00396722 -0.00848763 -0.485199 0.00398561 0.99999 0.00215041 -1.93601 0.00847901 -0.00218415 0.999962 111.541 
0.99998 -0.000229323 -0.00631916 -0.535987 0.000215085 0.999997 -0.00225374 -1.99193 0.00631966 0.00225233 0.999977 114.198 
0.999988 0.00234953 -0.00433099 -0.561164 -0.00235075 0.999997 -0.000277169 -2.04711 0.00433033 0.000287347 0.999991 116.852 
0.999997 0.000698352 -0.00249523 -0.610509 -0.000692781 0.999997 0.00223294 -2.08583 0.00249678 -0.0022312 0.999994 119.519 
0.999997 0.00239 -0.000211452 -0.6397 -0.00238974 0.999996 0.00123472 -2.13408 0.000214403 -0.00123421 0.999999 122.216 
0.999986 0.00489903 0.00176097 -0.653738 -0.00489887 0.999988 -9.7549e-05 -2.17826 -0.00176143 8.89209e-05 0.999998 124.924 
0.99997 0.00589324 0.00502158 -0.679179 -0.00589039 0.999982 -0.000582309 -2.23897 -0.00502493 0.000552713 0.999987 127.636 
0.999972 0.00313085 0.00677338 -0.687574 -0.00313985 0.999994 0.0013182 -2.29862 -0.00676922 -0.00133944 0.999976 131.687 
0.999975 0.000435878 0.00712639 -0.703776 -0.000451563 0.999997 0.00219951 -2.35675 -0.00712541 -0.00220267 0.999972 134.4 
0.999982 -0.00118737 0.00587952 -0.703812 0.00117574 0.999997 0.00198201 -2.40188 -0.00588186 -0.00197506 0.999981 137.102 
0.999985 -0.00388857 0.00376982 -0.698643 0.00387709 0.999988 0.0030472 -2.44426 -0.00378163 -0.00303254 0.999988 139.802 
0.999989 -0.00446589 0.00111584 -0.702108 0.0044635 0.999988 0.00213461 -2.47866 -0.00112536 -0.00212961 0.999997 142.504 
0.999979 -0.00651096 -0.00052208 -0.712082 0.00651054 0.999978 -0.000798864 -2.52352 0.00052727 0.000795448 1 145.203 
0.999802 -0.0197393 -0.00250741 -0.714612 0.0197421 0.999804 0.00110027 -2.575 0.0024852 -0.00114955 0.999996 147.894 
0.999529 -0.0301021 -0.00600209 -0.709571 0.0300945 0.999546 -0.00134804 -2.61041 0.00603995 0.00116677 0.999981 150.589 
0.999643 -0.0263776 -0.00436753 -0.746846 0.0263511 0.999635 -0.00601641 -2.67814 0.00452463 0.00589917 0.999972 153.278 
0.999541 -0.0299782 -0.004412 -0.750352 0.0299658 0.999547 -0.00284794 -2.73546 0.00449538 0.00271442 0.999986 155.977 
0.999175 -0.040341 -0.00470948 -0.7448 0.0403472 0.999185 0.00122296 -2.78526 0.00465631 -0.00141197 0.999988 158.671 
0.999229 -0.0391288 -0.00324126 -0.765181 0.0391351 0.999232 0.00189082 -2.83085 0.00316479 -0.00201621 0.999993 161.367 
0.99959 -0.0286355 0.000256265 -0.826176 0.028636 0.999587 -0.00224487 -2.88922 -0.000191876 0.00225129 0.999997 165.393 
0.999692 -0.0248156 0.000217925 -0.842991 0.024816 0.999691 -0.00164939 -2.93639 -0.000176927 0.00165429 0.999999 168.112 
0.999807 -0.0196153 -0.00106267 -0.864632 0.0196072 0.999782 -0.00714246 -2.99431 0.00120254 0.00712024 0.999974 170.835 
0.999955 -0.00949041 -0.000151868 -0.918687 0.009489 0.999927 -0.00751171 -3.05509 0.000223146 0.00750993 0.999972 173.57 
0.999989 -0.00460147 0.0005824 -0.937953 0.00460336 0.999984 -0.00328145 -3.11858 -0.000567291 0.0032841 0.999994 176.322 
0.999952 -0.00936068 -0.00277848 -0.942496 0.00935436 0.999954 -0.002277 -3.18047 0.00279967 0.00225091 0.999994 179.068 
0.999949 -0.00794116 -0.00617254 -0.960992 0.00787337 0.999909 -0.0109307 -3.24073 0.00625878 0.0108816 0.999921 181.833 
0.999972 -0.000917597 -0.00748019 -1.00989 0.000835522 0.99994 -0.010968 -3.29303 0.0074898 0.0109615 0.999912 184.598 
0.999972 0.00133924 -0.0073794 -1.04852 -0.00138287 0.999982 -0.00590938 -3.35114 0.00737135 0.00591942 0.999955 187.386 
0.999971 -0.000997088 -0.00749596 -1.0822 0.000962994 0.999989 -0.00455056 -3.40419 0.00750041 0.00454321 0.999962 190.191 
0.999957 -0.00613329 -0.00694578 -1.11083 0.00610303 0.999972 -0.00436915 -3.45406 0.00697238 0.00432658 0.999966 193.007 
0.999884 -0.0139322 -0.00620551 -1.13423 0.0139201 0.999901 -0.00199372 -3.50485 0.00623267 0.00190711 0.999979 195.848 
0.999965 -0.00678483 -0.00489316 -1.19165 0.006729 0.999913 -0.0113381 -3.61119 0.00496966 0.0113048 0.999924 200.112 
0.999939 0.0108537 -0.00210718 -1.24184 -0.0108691 0.999913 -0.0074436 -3.68885 0.00202621 0.00746605 0.99997 202.985 
0.999948 0.0100825 -0.00137645 -1.27067 -0.010089 0.999938 -0.00475914 -3.75053 0.00132838 0.00477278 0.999988 205.863 
0.999968 0.00722096 -0.00357807 -1.29163 -0.00724362 0.999954 -0.00636316 -3.83108 0.00353195 0.00638887 0.999973 210.221 
0.999942 0.0101754 -0.00343281 -1.33312 -0.0101935 0.999934 -0.00531394 -3.89785 0.00337851 0.00534862 0.99998 213.146 
0.999951 0.00854667 -0.00499822 -1.33878 -0.00858065 0.99994 -0.00681721 -3.96672 0.00493965 0.00685976 0.999964 216.088 
0.999954 0.00769281 -0.00572947 -1.42448 -0.0077374 0.99994 -0.00780219 -4.05037 0.0056691 0.00784616 0.999953 220.516 
0.999949 0.00780249 -0.00647564 -1.47354 -0.00785699 0.999934 -0.00843411 -4.11532 0.00640941 0.00848456 0.999943 223.484 
0.999941 0.00852407 -0.00680017 -1.51472 -0.00858182 0.999927 -0.00850951 -4.18718 0.00672714 0.00856736 0.999941 226.464 
0.999967 0.00423682 -0.00700286 -1.58908 -0.00429784 0.999953 -0.00872075 -4.29187 0.00696558 0.00875055 0.999937 230.934 
0.99997 0.00186018 -0.00757888 -1.62516 -0.0019229 0.999964 -0.00827734 -4.40255 0.00756321 0.00829166 0.999937 235.414 
0.999971 0.00368377 -0.00659622 -1.66966 -0.00372367 0.999975 -0.00604581 -4.51659 0.00657379 0.0060702 0.99996 239.928 
0.999978 0.00404222 -0.00525325 -1.72182 -0.00408836 0.999953 -0.00880266 -4.62299 0.00521742 0.00882394 0.999947 244.461 
0.999976 0.00475818 -0.00496859 -1.76138 -0.00479456 0.999962 -0.00733609 -4.69644 0.00493349 0.00735974 0.999961 247.507 
0.999969 0.00527301 -0.00588776 -1.78229 -0.00531445 0.999961 -0.00704448 -4.77075 0.00585038 0.00707555 0.999958 250.555 
0.999952 0.00801906 -0.00556862 -1.82335 -0.00805614 0.999945 -0.00666953 -4.84449 0.00551483 0.00671408 0.999962 253.61 
0.999971 0.00500512 -0.00575526 -1.8783 -0.00503881 0.99997 -0.00585403 -4.91773 0.00572579 0.00588286 0.999966 256.67 
0.999979 0.00131511 -0.00634128 -1.89851 -0.00134454 0.999988 -0.00463849 -4.98184 0.00633511 0.00464692 0.999969 259.747 
0.999973 -0.00415448 -0.00612908 -1.96371 0.00412893 0.999983 -0.00417568 -5.09695 0.00614632 0.00415026 0.999972 264.355 
0.999955 -0.00768623 -0.00550714 -2.01673 0.00766903 0.999966 -0.00313764 -5.15944 0.00553107 0.00309526 0.99998 267.439 
0.999968 -0.00640911 -0.00471457 -2.05801 0.00638763 0.999969 -0.00455698 -5.22616 0.00474363 0.00452672 0.999979 270.518 
0.999991 -0.00331216 -0.00273746 -2.08454 0.0032996 0.999984 -0.00457897 -5.29386 0.00275258 0.0045699 0.999986 273.604 
1 -4.70316e-05 0.000485544 -2.16529 4.93238e-05 0.999989 -0.00472185 -5.36226 -0.000485316 0.00472187 0.999989 276.7 
0.999995 7.37513e-05 0.00325063 -2.22068 -5.45111e-05 0.999982 -0.00591861 -5.42801 -0.00325101 0.0059184 0.999977 279.774 
0.999987 -0.00013614 0.00509018 -2.21173 0.000159431 0.99999 -0.00457541 -5.49797 -0.0050895 0.00457616 0.999977 282.881 
0.999977 -0.000969716 0.00677576 -2.283 0.00101556 0.999977 -0.00676559 -5.56493 -0.00676904 0.00677231 0.999954 285.976 
0.999979 -0.00425932 0.00498438 -2.29731 0.00430179 0.999954 -0.00854113 -5.68302 -0.00494777 0.00856239 0.999951 290.644 
0.999986 -0.00352904 0.00400167 -2.3126 0.00356667 0.999949 -0.00943675 -5.75933 -0.00396817 0.00945089 0.999947 293.757 
0.999991 -0.00291055 0.00322487 -2.31587 0.00294028 0.999953 -0.00925274 -5.82255 -0.00319779 0.00926214 0.999952 296.892 
0.999997 -0.000942253 0.00204666 -2.32112 0.00095707 0.999973 -0.00725038 -5.88203 -0.00203977 0.00725232 0.999972 300.054 
0.999989 -0.000532363 0.00462036 -2.34292 0.00056895 0.999968 -0.00792096 -5.97935 -0.004616 0.0079235 0.999958 304.825 
0.999976 -0.00278371 0.00634402 -2.3582 0.0028575 0.999928 -0.0116523 -6.03219 -0.00631113 0.0116702 0.999912 308.031 
0.999989 -0.00296996 0.0036702 -2.34935 0.00301828 0.999908 -0.013232 -6.13385 -0.00363056 0.0132429 0.999906 311.252 
0.999994 -0.00165292 0.00312385 -2.39047 0.00167227 0.999979 -0.00620273 -6.26135 -0.00311353 0.00620792 0.999976 316.113 
0.99998 -0.0051546 0.00367665 -2.38899 0.00517889 0.999965 -0.00662788 -6.38235 -0.00364235 0.00664679 0.999971 320.987 
0.999983 -0.00420473 0.00395074 -2.36649 0.0042339 0.999964 -0.00740627 -6.50299 -0.00391946 0.00742288 0.999965 325.866 
0.999967 -0.00625416 0.0052515 -2.35669 0.00628474 0.999963 -0.00582644 -6.59286 -0.00521487 0.00585925 0.999969 329.127 
0.999953 -0.0076883 0.00584844 -2.36479 0.00772685 0.999948 -0.00659796 -6.66142 -0.00579741 0.00664284 0.999961 332.377 
0.999986 -0.00137573 0.00502691 -2.37575 0.00143358 0.999933 -0.0115207 -6.79335 -0.00501073 0.0115278 0.999921 337.222 
0.999996 0.000171731 0.00282107 -2.36856 -0.000149731 0.99997 -0.00779704 -6.88195 -0.00282232 0.00779659 0.999966 340.444 
0.999997 0.00241137 -0.000458364 -2.41902 -0.00241514 0.999962 -0.00841487 -6.97916 0.000438055 0.00841595 0.999964 345.266 
0.999996 0.000640211 -0.00268954 -2.44949 -0.000657628 0.999979 -0.00648005 -7.06119 0.00268533 0.0064818 0.999975 348.466 
0.999993 -0.000277527 -0.00367149 -2.47015 0.000247238 0.999966 -0.00824759 -7.14282 0.00367365 0.00824662 0.999959 351.657 
0.999995 -0.000953991 -0.00297214 -2.50867 0.000928079 0.999962 -0.00870758 -7.22148 0.00298033 0.00870478 0.999958 354.845 
0.999997 -0.000187917 -0.00223189 -2.52374 0.000166332 0.999953 -0.00966763 -7.36634 0.0022336 0.00966723 0.999951 359.632 
0.999995 -0.0020572 -0.00235565 -2.55397 0.00202967 0.99993 -0.0116279 -7.45735 0.00237941 0.0116231 0.99993 362.812 
0.999961 -0.00734672 -0.00482051 -2.53424 0.0073019 0.999931 -0.00925026 -7.54182 0.00488814 0.0092147 0.999946 366.002 
0.999953 -0.00801811 -0.00538859 -2.54551 0.00796226 0.999915 -0.0103073 -7.63885 0.00547078 0.0102639 0.999932 369.2 
0.999979 -0.00419402 -0.00503738 -2.54475 0.00415265 0.999958 -0.00819433 -7.73356 0.00507153 0.00817324 0.999954 372.411 
0.999976 -0.00442453 -0.00536115 -2.55093 0.00437428 0.999947 -0.0093494 -7.82109 0.00540223 0.00932572 0.999942 375.605 
0.99998 -0.00411947 -0.00488766 -2.5843 0.00407048 0.999942 -0.0099924 -7.9006 0.00492854 0.0099723 0.999938 378.818 
0.999992 -0.000371626 -0.00385526 -2.63638 0.000335639 0.999956 -0.00933106 -7.98797 0.00385856 0.0093297 0.999949 382.044 
0.999993 0.00213293 -0.00304514 -2.68072 -0.00216646 0.999937 -0.0110506 -8.06023 0.00302137 0.0110572 0.999934 385.28 
0.999984 0.00511192 -0.00253468 -2.70725 -0.0051372 0.999936 -0.0100685 -8.15105 0.00248305 0.0100814 0.999946 388.518 
0.999983 0.00552408 -0.00192301 -2.74517 -0.00554383 0.99993 -0.0104209 -8.2247 0.00186531 0.0104313 0.999944 391.761 
