1 1.19763e-11 1.70464e-10 0 1.19763e-11 1 3.5625e-10 -1.11022e-16 1.70464e-10 3.5625e-10 1 2.22045e-16 
0.999994 -0.00243356 0.00228782 0.0507854 0.00243538 0.999997 -0.000790007 -0.0311097 -0.00228589 0.000795574 0.999997 2.37143 
0.999975 -0.0060756 0.00353633 0.12513 0.00607842 0.999981 -0.000787784 -0.0530438 -0.00353148 0.00080926 0.999993 4.71889 
0.999981 -0.0054771 0.00296412 0.258602 0.00548286 0.999983 -0.00193966 -0.0906646 -0.00295345 0.00195588 0.999994 7.08687 
0.999964 -0.00816038 0.00215908 -0.284936 0.00816165 0.999967 -0.000583174 -0.0681706 -0.00215425 0.000600775 0.999997 9.50825 
0.999937 -0.0111856 -0.000454766 -0.313101 0.0111853 0.999937 -0.000513026 -0.102027 0.000460476 0.000507907 1 11.8753 
0.999941 -0.00993024 -0.00432885 -0.272752 0.00992623 0.99995 -0.000945667 -0.158285 0.00433802 0.000902642 0.99999 14.2573 
0.999952 -0.00779627 -0.00593938 -0.265306 0.00778968 0.999969 -0.001133 -0.18754 0.00594803 0.00108668 0.999982 16.6409 
0.999966 -0.00428464 -0.00703036 -0.286078 0.0042814 0.999991 -0.000474879 -0.236459 0.00703233 0.000444763 0.999975 19.0194 
0.999954 -0.0032837 -0.00898782 -0.283349 0.00326518 0.999993 -0.00207386 -0.288382 0.00899456 0.00204442 0.999957 21.4306 
0.999947 -0.00135546 -0.0101985 -0.292065 0.00133501 0.999997 -0.00201126 -0.321168 0.0102012 0.00199754 0.999946 23.811 
0.999927 0.000478646 -0.012068 -0.276659 -0.000509573 0.999997 -0.00255981 -0.348406 0.0120668 0.00256578 0.999924 26.1905 
0.999899 0.000738878 -0.0141944 -0.257139 -0.000757079 0.999999 -0.0012769 -0.373467 0.0141935 0.00128752 0.999898 28.5798 
0.999867 -0.00167663 -0.0161981 -0.360742 0.00162601 0.999994 -0.00313793 -0.460529 0.0162033 0.00311118 0.999864 32.1473 
0.999817 -0.00594731 -0.0182023 -0.436358 0.00591169 0.999981 -0.00200995 -0.528631 0.0182139 0.00190198 0.999832 34.5476 
0.999722 -0.0066564 -0.0226043 -0.350064 0.00662827 0.999977 -0.001319 -0.613608 0.0226125 0.0011688 0.999744 38.1016 
0.999758 -0.00465646 -0.0214854 -0.430049 0.00466507 0.999989 0.000350483 -0.646186 0.0214836 -0.000450629 0.999769 40.5301 
0.999711 -0.00408353 -0.0236701 -0.467099 0.00409154 0.999992 0.000290086 -0.693773 0.0236687 -0.00038685 0.99972 42.9371 
0.999786 -0.00114152 -0.0206479 -0.562043 0.001244 0.999987 0.00495095 -0.724747 0.020642 -0.00497558 0.999775 45.3348 
0.99986 0.00396654 -0.0162622 -0.607217 -0.003792 0.999935 0.0107495 -0.729895 0.0163038 -0.0106864 0.99981 47.7174 
0.999816 -0.00085362 -0.0191663 -0.644342 0.00108585 0.999926 0.0121096 -0.754187 0.0191546 -0.0121281 0.999743 50.1607 
0.999815 -0.00293684 -0.0190134 -0.690557 0.00312774 0.999945 0.0100183 -0.782912 0.0189829 -0.010076 0.999769 52.5644 
0.999773 -0.00518331 -0.020654 -0.757307 0.00536468 0.999947 0.0087357 -0.805105 0.0206077 -0.00884452 0.999749 54.9752 
0.999698 -0.00456702 -0.02413 -0.852224 0.00482467 0.999932 0.0106303 -0.82878 0.0240798 -0.0107435 0.999652 57.4075 
0.999603 -0.00607255 -0.0275098 -1.01301 0.00636866 0.999923 0.0106891 -0.893766 0.0274427 -0.0108601 0.999564 59.9254 
0.999557 -0.00820044 -0.0286193 -1.07346 0.00849433 0.999912 0.0101627 -0.926949 0.0285335 -0.0104013 0.999539 62.3309 
0.999521 -0.00944974 -0.0294776 -1.06696 0.00975823 0.999899 0.0103391 -0.955093 0.0293769 -0.0106218 0.999512 64.7144 
0.99948 -0.0106191 -0.0304468 -1.18412 0.0109393 0.999886 0.0103688 -0.977941 0.0303332 -0.0106965 0.999483 67.1281 
0.999492 -0.00824621 -0.0307878 -1.2982 0.00854246 0.999918 0.00950339 -1.01052 0.0307069 -0.00976157 0.999481 69.5327 
0.999519 -0.00436921 -0.0307001 -1.38786 0.00468242 0.999938 0.0101378 -1.03873 0.0306539 -0.0102767 0.999477 71.9153 
0.99955 -0.00522721 -0.0295417 -1.47678 0.0056023 0.999905 0.0126285 -1.07749 0.0294729 -0.0127883 0.999484 74.3179 
0.999673 -0.00871713 -0.0240285 -1.54508 0.00885135 0.999946 0.00548492 -1.09773 0.0239794 -0.00569581 0.999696 76.6754 
0.999712 -0.00941061 -0.022069 -1.57865 0.00952436 0.999942 0.00505495 -1.1073 0.0220202 -0.00526369 0.999744 77.8519 
0.99978 -0.00930945 -0.0187761 -1.60508 0.00946963 0.999919 0.00846016 -1.11502 0.0186959 -0.0086361 0.999788 79.0308 
0.999906 -0.00786883 -0.0112214 -1.62847 0.00795566 0.999939 0.00771511 -1.12677 0.01116 -0.00780366 0.999907 81.3714 
0.999924 -0.00953986 -0.00783946 -1.64547 0.00957712 0.999943 0.00472956 -1.14249 0.0077939 -0.00480428 0.999958 82.5362 
0.999928 -0.0112563 -0.00417505 -1.66948 0.0112623 0.999936 0.00141154 -1.16503 0.00415889 -0.00145846 0.99999 83.6953 
0.999923 -0.0123009 -0.00159333 -1.66206 0.0123016 0.999924 0.000455088 -1.18254 0.00158761 -0.000474653 0.999999 84.8556 
0.999907 -0.0135113 0.0019854 -1.68502 0.0135065 0.999906 0.00240252 -1.21015 -0.00201767 -0.00237548 0.999995 86.0147 
0.999857 -0.0133234 0.0104176 -1.71105 0.0133135 0.999911 0.00101841 -1.2568 -0.0104302 -0.000879572 0.999945 88.3189 
0.999811 -0.0138332 0.0136415 -1.7023 0.0138489 0.999904 -0.00105896 -1.28113 -0.0136255 0.00124768 0.999906 89.4688 
0.99969 -0.0151254 0.0197878 -1.67176 0.0151302 0.999886 -9.42703e-05 -1.32635 -0.0197842 0.000393635 0.999804 91.7636 
0.99956 -0.0206517 0.0212987 -1.60551 0.0206351 0.999787 0.00099566 -1.33825 -0.0213147 -0.00055572 0.999773 92.913 
0.999383 -0.0238398 0.0257862 -1.52069 0.0237523 0.999711 0.00369478 -1.36644 -0.0258668 -0.00308002 0.999661 95.2122 
0.999204 -0.0257482 0.0304601 -1.46038 0.0258187 0.999665 -0.0019225 -1.41185 -0.0304004 0.00270741 0.999534 97.5269 
0.999136 -0.0239368 0.0339707 -1.34662 0.0241466 0.999692 -0.0057782 -1.44046 -0.0338219 0.00659348 0.999406 99.8451 
0.99917 -0.0263023 0.0310991 -1.18063 0.0263824 0.99965 -0.00216712 -1.49963 -0.0310312 0.0029858 0.999514 103.376 
0.999409 -0.0248686 0.0237195 -1.11747 0.0248982 0.99969 -0.000954152 -1.57133 -0.0236884 0.00154416 0.999718 106.966 
0.999665 -0.0231205 0.0116638 -1.05379 0.0231252 0.999733 -0.000266586 -1.62813 -0.0116545 0.000536224 0.999932 110.586 
0.999689 -0.0248059 0.00265642 -1.03044 0.0248038 0.999692 0.000806013 -1.66066 -0.00267559 -0.000739873 0.999996 113.016 
0.999699 -0.0235242 -0.00696413 -1.06811 0.0235291 0.999723 0.000620089 -1.70434 0.00694762 -0.000783762 0.999976 115.456 
0.999535 -0.0249099 -0.0176013 -1.08705 0.0249044 0.99969 -0.000531803 -1.74314 0.0176091 9.32044e-05 0.999845 117.886 
0.999495 -0.0214087 -0.0234628 -1.15547 0.0214009 0.999771 -0.000582459 -1.78782 0.0234699 8.00403e-05 0.999725 120.346 
0.999548 -0.016921 -0.024853 -1.25793 0.0169069 0.999857 -0.000774878 -1.83323 0.0248626 0.000354339 0.999691 122.807 
0.999568 -0.0120444 -0.0268024 -1.39442 0.0121119 0.999924 0.00235783 -1.89627 0.026772 -0.00268144 0.999638 126.525 
0.999532 -0.0117369 -0.0282495 -1.51752 0.0118364 0.999924 0.00336084 -1.93606 0.0282079 -0.00369364 0.999595 130.271 
0.999387 -0.0178824 -0.0301132 -1.60637 0.0181193 0.999807 0.00761271 -1.95937 0.0299713 -0.00815368 0.999518 134.092 
0.999243 -0.0242074 -0.0304539 -1.67643 0.0243959 0.999685 0.00583365 -1.98131 0.0303031 -0.00657218 0.999519 137.893 
0.999244 -0.0250113 -0.0297796 -1.7469 0.025203 0.999664 0.00607749 -2.00984 0.0296176 -0.00682343 0.999538 140.433 
0.999362 -0.0223957 -0.0278381 -1.84863 0.0226676 0.999698 0.00949102 -2.0298 0.0276172 -0.010116 0.999567 142.982 
0.99937 -0.0228107 -0.027193 -1.94016 0.0229875 0.999716 0.00620572 -2.06598 0.0270437 -0.00682691 0.999611 145.521 
0.999311 -0.0265169 -0.0259679 -2.11993 0.0264438 0.999645 -0.00315387 -2.17062 0.0260423 0.00246501 0.999658 149.269 
0.999265 -0.0277544 -0.0264582 -2.16571 0.0276666 0.99961 -0.0036773 -2.23078 0.0265499 0.00294258 0.999643 151.801 
0.999215 -0.027392 -0.0286278 -2.17726 0.0273328 0.999623 -0.00245732 -2.27357 0.0286843 0.00167292 0.999587 154.321 
0.99924 -0.0257394 -0.0292861 -2.24461 0.0256875 0.999668 -0.00214554 -2.32884 0.0293316 0.00139162 0.999569 156.844 
0.999197 -0.0255308 -0.030894 -2.39382 0.025527 0.999674 -0.000517594 -2.40669 0.0308971 -0.000271452 0.999523 160.622 
0.999238 -0.0213986 -0.0326555 -2.50778 0.0213076 0.999768 -0.00313134 -2.45895 0.0327149 0.00243315 0.999462 164.423 
0.999195 -0.0207444 -0.0343414 -2.66171 0.0205948 0.999777 -0.00470412 -2.54444 0.0344314 0.00399308 0.999399 168.207 
0.999108 -0.0218288 -0.0361605 -2.8396 0.0217408 0.99976 -0.00282589 -2.62436 0.0362135 0.00203721 0.999342 172.006 
0.999107 -0.0191203 -0.0376875 -3.06711 0.0190024 0.999813 -0.00348195 -2.74007 0.037747 0.00276269 0.999284 177.062 
0.99905 -0.0215914 -0.0378579 -3.19241 0.0213776 0.999753 -0.00604546 -2.80328 0.0379791 0.00523041 0.999265 179.583 
0.998925 -0.0244785 -0.0393569 -3.24421 0.0244099 0.9997 -0.00222295 -2.86124 0.0393995 0.00125986 0.999223 182.105 
0.998922 -0.0247306 -0.0392727 -3.36074 0.0248044 0.999691 0.00139267 -2.90466 0.0392262 -0.00236531 0.999228 184.624 
0.998924 -0.0242341 -0.0395302 -3.47917 0.0241142 0.999703 -0.0035085 -2.95964 0.0396035 0.00255149 0.999212 187.115 
0.998932 -0.0236723 -0.0396908 -3.57126 0.0236035 0.999719 -0.00220207 -3.00162 0.0397318 0.00126288 0.99921 189.601 
0.999029 -0.0218672 -0.0382588 -3.6885 0.0219153 0.999759 0.000839033 -3.05387 0.0382313 -0.00167667 0.999268 192.08 
0.998984 -0.0249562 -0.0375259 -3.74356 0.0249167 0.999688 -0.00151912 -3.08524 0.0375521 0.00058255 0.999295 194.519 
0.999112 -0.0256775 -0.0333916 -3.87615 0.025562 0.999666 -0.00388115 -3.13025 0.0334801 0.00302415 0.999435 196.963 
0.999156 -0.0265924 -0.0312984 -3.95716 0.02657 0.999646 -0.00113008 -3.18917 0.0313174 0.00029753 0.999509 199.391 
0.999247 -0.0252592 -0.0294564 -4.02097 0.0252519 0.999681 -0.000621077 -3.23819 0.0294627 -0.00012322 0.999566 201.8 
0.999354 -0.023494 -0.0271903 -4.09582 0.0234887 0.999724 -0.000514258 -3.29686 0.0271949 -0.00012474 0.99963 205.377 
0.999373 -0.0249526 -0.0251348 -4.22667 0.0249775 0.999688 0.000678385 -3.38381 0.0251101 -0.00130576 0.999684 208.831 
0.999251 -0.0265636 -0.028126 -4.27965 0.0265999 0.999646 0.000918372 -3.47107 0.0280917 -0.00166583 0.999604 212.168 
0.999208 -0.0267933 -0.0294261 -4.35841 0.0267918 0.999641 -0.000447152 -3.50773 0.0294275 -0.000341579 0.999567 214.314 
0.999124 -0.0274533 -0.0315759 -4.50368 0.0274571 0.999623 -0.000313646 -3.54826 0.0315726 -0.000553612 0.999501 216.394 
0.999223 -0.0232666 -0.0318149 -4.74088 0.0233632 0.999723 0.002668 -3.60234 0.031744 -0.00340923 0.99949 218.356 
0.999232 -0.0212521 -0.0329177 -4.90344 0.0213531 0.999768 0.00271916 -3.66062 0.0328523 -0.00341997 0.999454 220.27 
0.999951 -0.00737579 -0.00654257 -5.48489 0.0073952 0.999968 0.0029463 -3.78679 0.00652063 -0.00299454 0.999974 222.174 
0.999852 -0.00856242 -0.014906 -5.49951 0.00860585 0.999959 0.00285227 -3.83624 0.014881 -0.00298013 0.999885 223.993 
0.999706 -0.00730738 -0.0231106 -5.54513 0.00737652 0.999969 0.0029077 -3.8834 0.0230886 -0.00307732 0.999729 225.718 
0.999587 -0.0049777 -0.0282889 -5.6076 0.00503839 0.999985 0.00207455 -3.91922 0.0282781 -0.00221622 0.999598 227.361 
0.999514 -0.00544189 -0.0307091 -5.64845 0.00555638 0.999978 0.0036441 -3.95132 0.0306886 -0.00381296 0.999522 228.919 
0.999544 -0.0056001 -0.0296608 -5.6788 0.0057125 0.999977 0.00370626 -3.97942 0.0296393 -0.003874 0.999553 230.419 
0.999551 -0.0057369 -0.0294215 -5.71974 0.00573827 0.999984 -3.77593e-05 -4.0129 0.0294212 -0.000131086 0.999567 231.881 
0.999622 -0.00478076 -0.0270915 -5.75466 0.00473471 0.999987 -0.00176369 -4.04199 0.0270996 0.00163476 0.999631 233.326 
0.999763 -0.00354792 -0.0214823 -5.80674 0.00348204 0.999989 -0.00310316 -4.05055 0.0214931 0.00302762 0.999764 234.707 
0.999812 -0.00413436 -0.0189656 -5.81374 0.00406972 0.999986 -0.00344561 -4.06753 0.0189796 0.00336777 0.999814 235.413 
0.999899 -0.00308227 -0.0138937 -5.84498 0.00303478 0.999989 -0.00343791 -4.10433 0.0139042 0.0033954 0.999898 236.826 
0.999956 -0.00435838 -0.008284 -5.85208 0.00433901 0.999988 -0.00235494 -4.13739 0.00829417 0.0023189 0.999963 238.225 
0.999979 -0.00589334 -0.00254641 -5.88237 0.00588732 0.99998 -0.00236816 -4.17389 0.00256032 0.00235312 0.999994 239.607 
0.999983 -0.00468473 0.00334089 -5.87909 0.00469585 0.999983 -0.0033279 -4.20353 -0.00332525 0.00334353 0.999989 240.984 
0.999936 -0.00352839 0.0107554 -5.88398 0.0035672 0.999987 -0.00359183 -4.22637 -0.0107426 0.00362997 0.999936 242.376 
0.999883 -0.00400655 0.0147305 -5.86601 0.00405192 0.999987 -0.00305179 -4.25822 -0.014718 0.00311112 0.999887 243.782 
0.999831 -0.00528253 0.0176321 -5.83755 0.00540605 0.999961 -0.0069647 -4.28684 -0.0175946 0.00705884 0.99982 245.19 
0.999788 -0.00717107 0.0192982 -5.81954 0.00733897 0.999936 -0.00864396 -4.3014 -0.019235 0.00878376 0.999776 245.896 
0.999788 -0.00710826 0.0193202 -5.79543 0.00728317 0.999933 -0.00899819 -4.31606 -0.0192549 0.009137 0.999773 246.613 
0.999728 -0.012033 0.0199843 -5.77114 0.0122366 0.999874 -0.0100966 -4.34068 -0.0198602 0.0103384 0.999749 247.328 
0.999734 -0.0105336 0.0205403 -5.76182 0.010758 0.999883 -0.0108442 -4.38529 -0.0204236 0.0110623 0.99973 248.808 
0.999698 -0.0114592 0.0217525 -5.73888 0.0117453 0.999846 -0.0130713 -4.40058 -0.0215994 0.0133228 0.999678 249.526 
0.999631 -0.0180978 0.0202461 -5.66306 0.0184143 0.999709 -0.0155588 -4.44068 -0.0199586 0.0159259 0.999674 251.065 
0.999654 -0.0169999 0.0200954 -5.62909 0.0172395 0.999782 -0.0118094 -4.45625 -0.0198903 0.0121517 0.999728 251.826 
0.999564 -0.014986 0.0254536 -5.61843 0.0151074 0.999875 -0.00458478 -4.50901 -0.0253817 0.00496732 0.999665 254.161 
0.999347 -0.0126015 0.0338663 -5.55767 0.0131008 0.999808 -0.0145627 -4.53647 -0.0336763 0.0149969 0.99932 255.725 
0.999196 -0.0146155 0.0373402 -5.28155 0.0148805 0.999866 -0.00682735 -4.63817 -0.0372354 0.0073775 0.999279 257.949 
0.998961 -0.0180275 0.0418507 -5.16591 0.0182567 0.99982 -0.00510136 -4.67041 -0.0417512 0.00586012 0.999111 259.589 
0.998323 -0.0189204 0.054706 -5.22804 0.019392 0.999779 -0.00810227 -4.72423 -0.0545406 0.00914954 0.99847 262.958 
0.998734 -0.0166418 0.0474759 -4.95263 0.0168215 0.999853 -0.00338877 -4.77842 -0.0474125 0.0041831 0.998867 264.905 
0.999117 -0.00908856 0.0410214 -4.79827 0.00910633 0.999959 -0.000246193 -4.79072 -0.0410174 0.00061953 0.999158 266.868 
0.998991 -0.0137928 0.0427331 -4.7175 0.0137878 0.999905 0.000411857 -4.82918 -0.0427347 0.000177755 0.999086 268.561 
0.999669 -0.0136629 0.0218212 -4.56573 0.0136041 0.999903 0.00283773 -4.84092 -0.0218578 -0.00253993 0.999758 270.428 
0.999703 -0.0126945 0.0208066 -4.52647 0.0126164 0.999913 0.00388155 -4.86127 -0.020854 -0.0036179 0.999776 272.137 
0.999734 -0.0151811 0.0173825 -4.48488 0.0151462 0.999883 0.00214209 -4.89433 -0.017413 -0.00187824 0.999847 273.851 
0.999958 -0.00641233 0.00650342 -4.42988 0.00641706 0.999979 -0.000705916 -4.87639 -0.00649875 0.000747619 0.999979 275.97 
0.999993 -0.000706477 0.00363601 -4.497 0.00070958 0.999999 -0.00085204 -4.91639 -0.0036354 0.000854614 0.999993 277.716 
0.999988 -0.00398449 -0.00297277 -4.51222 0.00399296 0.999988 0.00284953 -4.96228 0.00296138 -0.00286137 0.999992 279.423 
0.999908 -0.00582814 -0.0122696 -4.55507 0.0058995 0.999966 0.00578817 -4.99326 0.0122354 -0.00586003 0.999908 281.106 
0.999699 -0.0069584 -0.0235115 -4.57955 0.00711962 0.999952 0.00678038 -5.01926 0.0234632 -0.00694573 0.999701 282.742 
0.999406 -0.0110315 -0.032642 -4.61472 0.0112539 0.999915 0.00663773 -5.04665 0.032566 -0.00700114 0.999445 284.314 
0.999205 -0.00841368 -0.0389735 -4.72462 0.00868291 0.99994 0.00674395 -5.07171 0.0389144 -0.00707699 0.999217 285.811 
0.998874 -0.0078431 -0.0467788 -4.75595 0.00812741 0.99995 0.00589068 -5.0732 0.0467302 -0.00626424 0.998888 287.239 
0.998319 -0.00392912 -0.057832 -4.82794 0.0040709 0.999989 0.00233385 -5.08967 0.0578222 -0.00256536 0.998324 288.593 
0.99736 -0.0044185 -0.0724836 -5.09068 0.00437191 0.99999 -0.000801385 -5.09929 0.0724864 0.000482378 0.997369 289.857 
0.994765 -0.002044 -0.10217 -5.23431 0.00201781 0.999998 -0.0003597 -5.1283 0.102171 0.000151657 0.994767 291.09 
0.98571 0.00641838 -0.168326 -5.54146 -0.00653724 0.999979 -0.000151967 -5.14969 0.168322 0.00125018 0.985731 292.801 
0.955864 0.00725265 -0.293721 -6.20344 -0.00611987 0.99997 0.00477552 -5.18624 0.293747 -0.00276721 0.955879 294.921 
0.913461 0.0126774 -0.406728 -6.82298 -0.00858401 0.999892 0.0118873 -5.20897 0.406835 -0.00736721 0.913472 296.286 
0.848301 0.011737 -0.529385 -7.59593 -0.00405888 0.999869 0.0156641 -5.22132 0.529499 -0.0111392 0.848237 297.567 
0.757615 0.0130168 -0.652572 -8.56063 -0.000704005 0.999817 0.0191259 -5.21731 0.652702 -0.0140307 0.757485 298.613 
0.679909 0.00920231 -0.733239 -9.26638 0.00933759 0.999732 0.0212053 -5.2165 0.733237 -0.0212644 0.679641 299.183 
0.571239 0.0102583 -0.82072 -9.60168 0.0193472 0.999476 0.0259587 -5.19678 0.820556 -0.0307072 0.570741 300.046 
0.464448 0.0193523 -0.885389 -10.4106 0.0136578 0.999486 0.0290106 -5.16197 0.885495 -0.0255664 0.463945 300.372 
0.349227 0.0251382 -0.936701 -11.2362 0.0110108 0.999461 0.0309275 -5.14621 0.936974 -0.0211145 0.348762 300.595 
0.231895 0.0298931 -0.972281 -12.0519 0.0122148 0.999359 0.0336389 -5.109 0.972664 -0.0196769 0.231381 300.685 
0.104984 0.036941 -0.993788 -12.897 0.018066 0.999074 0.039046 -5.0918 0.99431 -0.022053 0.104219 300.782 
-0.0261765 0.0470604 -0.998549 -13.7647 0.0199537 0.998717 0.0465453 -5.08 0.999458 -0.0187063 -0.027082 300.719 
-0.225546 0.066714 -0.971946 -15.1165 0.0280139 0.997684 0.0619799 -5.03202 0.97383 -0.0132486 -0.226893 300.374 
-0.35766 0.077926 -0.930595 -16.0641 0.0387395 0.996893 0.0685887 -5.00975 0.933048 -0.0115194 -0.359567 300.025 
-0.472501 0.079943 -0.877697 -16.9229 0.0439375 0.996776 0.0671356 -4.9625 0.880234 -0.00684217 -0.474491 299.455 
-0.618787 0.0786615 -0.781611 -18.2068 0.0479467 0.996901 0.0623698 -4.86395 0.784094 0.00111793 -0.62064 298.403 
-0.690745 0.0824734 -0.71838 -19.0331 0.0528922 0.996576 0.0635541 -4.80596 0.721162 0.00590296 -0.692742 297.515 
-0.755227 0.0939665 -0.648693 -19.8393 0.0657563 0.99554 0.0676536 -4.7476 0.652157 0.00843814 -0.758037 296.474 
-0.811647 0.0918479 -0.576883 -20.5826 0.0670903 0.995684 0.064134 -4.70814 0.580283 0.0133509 -0.814305 295.282 
-0.861399 0.0833057 -0.501051 -21.3962 0.0667068 0.996469 0.0509935 -4.61556 0.503529 0.0105023 -0.863914 294.052 
-0.902857 0.0796311 -0.422503 -22.1745 0.0675046 0.996765 0.0436128 -4.53567 0.424609 0.0108552 -0.905312 292.651 
-0.935047 0.0740438 -0.346706 -22.7689 0.0645134 0.997156 0.0389671 -4.47958 0.348605 0.0140688 -0.937164 291.053 
-0.948976 0.0782871 -0.305477 -23.059 0.0698764 0.996817 0.0383887 -4.44428 0.30751 0.0150843 -0.951425 290.207 
-0.969805 0.0848498 -0.228644 -23.3899 0.0777763 0.996177 0.0397886 -4.42166 0.231146 0.020804 -0.972697 288.372 
-0.983928 0.0886446 -0.155011 -23.6876 0.0835629 0.995739 0.0390105 -4.37709 0.157808 0.0254304 -0.987142 286.463 
-0.996413 0.0808025 -0.0251259 -23.9578 0.0800811 0.996381 0.0285016 -4.28451 0.027338 0.0263873 -0.999278 282.302 
-0.996201 0.0812101 0.0314526 -23.9512 0.0820044 0.996322 0.0248447 -4.21804 -0.0293193 0.0273295 -0.999196 280.118 
-0.99393 0.0757885 0.0797442 -23.7904 0.0780503 0.99662 0.0256338 -4.18318 -0.0775319 0.0317022 -0.996486 277.825 
-0.990993 0.067258 0.1158 -23.5166 0.0701427 0.997316 0.0210146 -4.14565 -0.114076 0.0289479 -0.99305 275.453 
-0.989076 0.05941 0.134908 -23.1174 0.0629331 0.997775 0.0219986 -4.14775 -0.133301 0.0302484 -0.990614 273.079 
-0.988942 0.0530144 0.138504 -22.7501 0.0565505 0.998163 0.0217188 -4.11846 -0.137098 0.0293111 -0.990124 270.574 
-0.990051 0.0492956 0.131793 -22.2147 0.0526899 0.99836 0.0223901 -4.06216 -0.130473 0.0291115 -0.991024 266.739 
-0.992062 0.045793 0.117112 -21.7038 0.0493007 0.998413 0.0272308 -4.0067 -0.11568 0.0327884 -0.992745 262.791 
-0.993168 0.0458395 0.107317 -21.4025 0.0492272 0.998363 0.0291326 -3.97826 -0.105805 0.0342165 -0.993798 260.152 
-0.993652 0.0463072 0.102527 -21.2455 0.0494913 0.998361 0.0287318 -3.97092 -0.101028 0.0336236 -0.994315 258.823 
-0.994759 0.0454403 0.0915979 -20.9492 0.0481649 0.998454 0.0277556 -3.94249 -0.090195 0.032022 -0.995409 256.152 
-0.995713 0.0431515 0.0818109 -20.7305 0.0460179 0.998379 0.0334806 -3.89472 -0.0802335 0.0371018 -0.996085 253.484 
-0.996379 0.0430338 0.0733272 -20.5455 0.0454977 0.998443 0.0322684 -3.8202 -0.0718245 0.0354878 -0.996786 250.833 
-0.996755 0.0435938 0.0676614 -20.349 0.0455535 0.998578 0.0276958 -3.75458 -0.0663578 0.0306882 -0.997324 248.144 
-0.996982 0.0447139 0.0634636 -20.1408 0.0465627 0.998524 0.0279571 -3.74264 -0.0621199 0.0308278 -0.997592 245.446 
-0.997894 0.0354852 0.0543043 -19.9237 0.0370746 0.998905 0.0285475 -3.58278 -0.0532318 0.0305006 -0.998116 242.802 
-0.997713 0.0393788 0.0549345 -19.7403 0.0410138 0.998739 0.0289588 -3.56775 -0.0537248 0.0311456 -0.99807 240.056 
-0.997439 0.0424197 0.0575803 -19.5404 0.0439945 0.998684 0.0263632 -3.49669 -0.0563862 0.0288289 -0.997993 235.905 
-0.997339 0.0413098 0.0600724 -19.3783 0.0431826 0.99861 0.030219 -3.4671 -0.0587406 0.0327326 -0.997736 233.116 
-0.99748 0.0357131 0.0613124 -19.2015 0.0376189 0.998835 0.030216 -3.41568 -0.0601619 0.0324464 -0.997661 230.328 
-0.997738 0.0270431 0.0615459 -19.1446 0.0287538 0.99922 0.0270821 -3.28251 -0.0607655 0.0287905 -0.997737 227.613 
-0.997758 0.0267004 0.0613618 -19.0452 0.0283012 0.999277 0.0253683 -3.26535 -0.0606401 0.027048 -0.997793 226.204 
-0.997647 0.0294009 0.0619293 -18.8463 0.0311053 0.999158 0.0267396 -3.23347 -0.061091 0.028603 -0.997722 223.36 
-0.997637 0.0287829 0.06239 -18.6798 0.0306046 0.999127 0.0284421 -3.19024 -0.0615169 0.0302843 -0.997646 220.519 
-0.997644 0.0283811 0.0624577 -18.5127 0.0301026 0.999188 0.0267971 -3.14817 -0.0616464 0.0286141 -0.997688 217.664 
-0.997628 0.0292822 0.0623018 -18.3319 0.0311293 0.999098 0.0288869 -3.10558 -0.0613997 0.0307578 -0.997639 214.789 
-0.997515 0.031794 0.0628688 -18.2251 0.0336017 0.999046 0.0279083 -3.09028 -0.0619215 0.0299514 -0.997632 213.35 
-0.997443 0.0334901 0.0631361 -18.1174 0.0351594 0.999056 0.0255166 -3.07957 -0.0622219 0.0276712 -0.997679 211.914 
-0.997476 0.0329922 0.0628772 -18.014 0.0346853 0.999059 0.0260272 -3.07123 -0.0619594 0.0281425 -0.997682 210.471 
-0.997499 0.0319411 0.0630552 -17.9248 0.0336436 0.999092 0.0261249 -3.06156 -0.0621635 0.0281809 -0.997668 209.018 
-0.997403 0.0331907 0.0639245 -17.6833 0.0349642 0.999028 0.0268269 -3.07058 -0.062972 0.0289923 -0.997594 206.15 
-0.997432 0.0320667 0.0640333 -17.4857 0.0339756 0.999003 0.028947 -3.03352 -0.0630413 0.0310483 -0.997528 203.229 
-0.997304 0.0347121 0.0646547 -17.29 0.0365889 0.998936 0.0280732 -3.00854 -0.0636114 0.0303631 -0.997513 200.333 
-0.997432 0.0330439 0.0635367 -17.1215 0.0351515 0.998858 0.0323447 -2.9641 -0.0623953 0.0344951 -0.997455 197.419 
-0.997634 0.0300082 0.0618542 -16.9282 0.0320625 0.998958 0.0324917 -2.93257 -0.0608147 0.0343981 -0.997556 194.491 
-0.997785 0.0291556 0.0597909 -16.7351 0.0311379 0.998987 0.0324954 -2.90475 -0.0587829 0.0342852 -0.997682 191.59 
-0.99783 0.0305541 0.0583167 -16.5545 0.0324131 0.998987 0.0312033 -2.86463 -0.0573042 0.0330258 -0.99781 188.698 
-0.997896 0.0304154 0.0572544 -16.3811 0.0322361 0.998995 0.0311504 -2.83947 -0.0562494 0.0329305 -0.997874 185.819 
-0.997987 0.0297581 0.0560036 -16.2288 0.0316742 0.998932 0.0336422 -2.80801 -0.0549427 0.0353484 -0.997864 182.944 
-0.998123 0.0299548 0.0534153 -16.0946 0.0317308 0.998961 0.0327163 -2.75582 -0.0523798 0.0343498 -0.998036 180.137 
-0.998632 0.0198888 0.0483625 -16.037 0.021526 0.999204 0.0335708 -2.69763 -0.0476563 0.0345659 -0.998266 177.256 
-0.998537 0.0276316 0.0464803 -15.8848 0.0292907 0.998944 0.0354004 -2.69269 -0.0454531 0.03671 -0.998292 174.506 
-0.998609 0.0312462 0.042476 -15.7102 0.0328195 0.998781 0.0368608 -2.66869 -0.0412725 0.0382035 -0.998417 171.757 
-0.9989 0.0284633 0.0372605 -15.6123 0.0299235 0.998782 0.0392362 -2.62154 -0.0360983 0.040308 -0.998535 169.046 
-0.999091 0.0273361 0.0326971 -15.4515 0.0286813 0.998731 0.041405 -2.55886 -0.0315238 0.0423052 -0.998607 165.174 
-0.999187 0.0266577 0.0302422 -15.1895 0.0277968 0.998895 0.0378934 -2.42965 -0.0291986 0.0387032 -0.998824 161.484 
-0.999044 0.0301039 0.0317028 -15.116 0.0313064 0.998782 0.038142 -2.4358 -0.030516 0.039098 -0.998769 159.176 
-0.99905 0.0292476 0.0322935 -15.0123 0.0305562 0.9987 0.0407995 -2.3965 -0.0310582 0.0417476 -0.998645 156.939 
-0.999016 0.0298491 0.0327901 -14.8854 0.0311742 0.998686 0.0406737 -2.3661 -0.0315329 0.0416558 -0.998634 154.84 
-0.998884 0.0328429 0.0339379 -14.7771 0.0341416 0.998678 0.0384232 -2.3279 -0.0326311 0.039539 -0.998685 152.82 
-0.998784 0.0342753 0.0354412 -14.61 0.0356995 0.998547 0.0403652 -2.28784 -0.0340062 0.0415813 -0.998556 149.993 
-0.998748 0.034288 0.0364173 -14.5402 0.0357809 0.998511 0.0411669 -2.26979 -0.0349516 0.0424184 -0.998488 148.215 
-0.998552 0.0375563 0.038524 -14.451 0.039041 0.998494 0.0385414 -2.273 -0.0370185 0.0399896 -0.998514 146.562 
-0.998362 0.0415466 0.0393292 -14.3493 0.0429695 0.998426 0.0360535 -2.24064 -0.0377694 0.0376844 -0.998576 144.133 
-0.998365 0.0434963 0.0370805 -14.082 0.0447751 0.998405 0.0343839 -2.22616 -0.0355258 0.035988 -0.998721 141.087 
-0.998372 0.0450706 0.0349667 -14.002 0.0462452 0.998367 0.0335445 -2.19756 -0.0333977 0.0351069 -0.998825 138.892 
-0.998263 0.0486827 0.0331677 -13.9137 0.0495449 0.998441 0.0256896 -2.16299 -0.0318653 0.0272882 -0.99912 136.069 
-0.998247 0.0499942 0.0316765 -13.8208 0.0508542 0.998342 0.0269536 -2.15781 -0.0302764 0.0285173 -0.999135 133.273 
-0.99878 0.0389515 0.0303531 -13.7519 0.0396923 0.998919 0.0241995 -2.15533 -0.0293777 0.0253747 -0.999246 131.912 
-0.998692 0.0410125 0.0305488 -13.6946 0.0414086 0.999065 0.0124489 -2.15649 -0.0300097 0.0136976 -0.999456 130.544 
-0.998995 0.0341681 0.0290144 -13.3519 0.0346438 0.999271 0.0160551 -2.11996 -0.0284446 0.0170441 -0.99945 128.619 
-0.998952 0.0322062 0.0325244 -13.2911 0.0328597 0.999265 0.0197646 -2.12572 -0.031864 0.0208126 -0.999275 127.146 
-0.998961 0.0275802 0.0362698 -13.1399 0.0282051 0.99946 0.0168304 -2.12137 -0.0357861 0.0178359 -0.9992 125.652 
-0.998808 0.0247836 0.0420575 -13.011 0.0256726 0.999455 0.0207314 -2.11169 -0.0415208 0.0217864 -0.9989 124.074 
-0.998504 0.0249537 0.0486488 -12.916 0.026327 0.999267 0.0277951 -2.08362 -0.0479195 0.0290343 -0.998429 122.424 
-0.997859 0.0317993 0.0571483 -12.7821 0.0333718 0.999084 0.0267756 -2.05437 -0.0562445 0.0286254 -0.998007 120.724 
-0.997279 0.0350441 0.0648597 -12.6517 0.0366199 0.999058 0.023268 -2.03389 -0.0639832 0.0255798 -0.997623 118.946 
-0.996588 0.0383746 0.0730678 -12.5104 0.0403444 0.998856 0.025676 -2.01189 -0.0719989 0.0285363 -0.996996 117.095 
-0.995875 0.0414256 0.0807236 -12.3267 0.0437659 0.998665 0.027441 -1.9848 -0.0794791 0.0308607 -0.996359 115.179 
-0.995244 0.0417707 0.0880035 -12.1264 0.0438157 0.99881 0.0214346 -1.95219 -0.0870034 0.0251886 -0.99589 113.207 
-0.994634 0.0421304 0.094488 -11.9263 0.0442225 0.998818 0.0201568 -1.92062 -0.0935272 0.0242272 -0.995322 111.155 
-0.994477 0.040375 0.0968739 -11.7068 0.0422602 0.998954 0.0174871 -1.9029 -0.0960665 0.0214845 -0.995143 109.002 
-0.994542 0.0389187 0.0968051 -11.6027 0.0404591 0.999083 0.0140003 -1.89568 -0.0961715 0.0178405 -0.995205 107.924 
-0.994393 0.0437616 0.0962704 -11.3567 0.0454378 0.99885 0.0152878 -1.88042 -0.0954907 0.0195764 -0.995238 105.723 
-0.994641 0.0409353 0.0949389 -11.1135 0.0433228 0.998791 0.0232235 -1.86354 -0.0938735 0.0272121 -0.995212 103.451 
-0.994783 0.0400466 0.0938298 -10.8785 0.0420846 0.998917 0.0198421 -1.83159 -0.0929336 0.0236874 -0.995391 101.118 
-0.994983 0.036663 0.0930832 -10.6959 0.0385833 0.999076 0.0189144 -1.79499 -0.0923038 0.022411 -0.995479 98.6979 
-0.994708 0.0442477 0.0927272 -10.4205 0.0464953 0.998671 0.02222 -1.78643 -0.0916208 0.0264138 -0.995444 96.2445 
-0.994669 0.0484458 0.0910281 -10.1184 0.0507158 0.998453 0.0227913 -1.73552 -0.0897831 0.0272863 -0.995587 93.829 
-0.995057 0.0479635 0.0869542 -9.86958 0.0500216 0.998514 0.0216447 -1.70276 -0.0857868 0.0258873 -0.995977 91.2224 
-0.995444 0.0498306 0.0812905 -9.65802 0.050788 0.998662 0.0097513 -1.67465 -0.0806958 0.0138355 -0.996643 88.5747 
-0.996032 0.0464314 0.0759218 -9.47903 0.0483122 0.998565 0.0231268 -1.63862 -0.074739 0.026703 -0.996846 85.8174 
-0.996305 0.0500911 0.0697715 -9.13003 0.0516651 0.998445 0.02094 -1.60601 -0.0686141 0.0244674 -0.997343 81.821 
-0.996381 0.0539476 0.0656894 -8.90756 0.055458 0.998232 0.0213892 -1.56196 -0.0644194 0.0249548 -0.997611 78.946 
-0.996693 0.0544705 0.0602957 -8.6294 0.0561121 0.998089 0.0258743 -1.57784 -0.0587711 0.029172 -0.997845 76.0594 
-0.997093 0.0512858 0.0563431 -8.48891 0.0531691 0.998058 0.0324488 -1.50771 -0.0545695 0.0353502 -0.997884 73.0894 
-0.997086 0.0538789 0.0540083 -8.29047 0.0556701 0.997929 0.0322284 -1.48558 -0.05216 0.0351412 -0.99802 70.215 
-0.997006 0.0561292 0.053181 -8.12289 0.0578648 0.997822 0.0316782 -1.46292 -0.0512871 0.0346607 -0.998082 67.3058 
-0.997054 0.0561573 0.0522479 -7.9799 0.0578794 0.997809 0.0320515 -1.41726 -0.0503335 0.0349812 -0.99812 64.3772 
-0.996719 0.061577 0.0525286 -7.80421 0.0632876 0.997497 0.0315459 -1.40101 -0.0504546 0.0347669 -0.998121 61.557 
-0.996746 0.0612838 0.0523695 -7.6914 0.0633243 0.99726 0.038234 -1.31148 -0.0498829 0.0414258 -0.997896 58.6214 
-0.996551 0.0627457 0.054297 -7.52022 0.0646681 0.997314 0.0344009 -1.26053 -0.0519927 0.0377936 -0.997932 55.717 
-0.996543 0.0618198 0.055493 -7.3191 0.0635852 0.997506 0.0306303 -1.23799 -0.053461 0.0340529 -0.997989 52.8143 
-0.996561 0.0602255 0.056914 -7.20563 0.0622625 0.997456 0.0347216 -1.17261 -0.0546781 0.0381458 -0.997775 49.9158 
-0.996559 0.0590397 0.05817 -7.01587 0.0612877 0.99741 0.0376493 -1.12896 -0.0557965 0.0410849 -0.997597 47.0282 
-0.996487 0.0607261 0.0576729 -6.81789 0.0625596 0.997574 0.030534 -1.09913 -0.0556788 0.0340348 -0.997868 44.1681 
-0.996411 0.0626793 0.0568853 -6.65532 0.0646716 0.997331 0.0338838 -1.06381 -0.0546097 0.0374411 -0.997806 41.2837 
-0.996528 0.0613641 0.0562706 -6.48243 0.0633258 0.997422 0.0337664 -1.02798 -0.0540535 0.0372125 -0.997844 38.4217 
-0.996656 0.0599354 0.0555406 -6.28787 0.0618176 0.997548 0.0328139 -1.02334 -0.0534377 0.0361375 -0.997917 35.6174 
-0.996632 0.061212 0.0545728 -6.14493 0.0630139 0.997502 0.0319307 -0.970356 -0.0524819 0.035262 -0.997999 32.7498 
-0.99652 0.0635938 0.0538831 -5.93286 0.0654836 0.997272 0.034063 -0.966846 -0.0515699 0.037473 -0.997966 29.95 
-0.996542 0.0639397 0.0530555 -5.7041 0.0657617 0.997278 0.0333348 -0.972092 -0.0507797 0.0367086 -0.998035 27.2001 
-0.996663 0.0623037 0.0527369 -5.52322 0.0641361 0.997369 0.0337959 -0.954668 -0.0504925 0.0370655 -0.998036 24.4101 
-0.996529 0.0667567 0.0497275 -5.26874 0.0686226 0.996963 0.0368111 -0.952304 -0.0471191 0.0400958 -0.998084 21.6754 
-0.99621 0.0711139 0.050078 -5.10725 0.073072 0.996586 0.03842 -0.914428 -0.0471749 0.0419337 -0.998006 18.9393 
-0.996481 0.0684481 0.0483698 -4.89581 0.0700358 0.997033 0.0319273 -0.906905 -0.0460409 0.0352026 -0.998319 16.2025 
-0.997069 0.0596185 0.0479406 -4.7262 0.0612311 0.997581 0.0329018 -0.886855 -0.0458631 0.0357408 -0.998308 13.4658 
-0.997399 0.0553095 0.0462169 -4.58977 0.0570053 0.997717 0.0362162 -0.830844 -0.0441083 0.0387566 -0.998275 10.6744 
-0.996901 0.0635475 0.046375 -4.43815 0.0654157 0.997058 0.039942 -0.780138 -0.0437003 0.0428519 -0.998125 7.95241 
-0.99658 0.0682001 0.0466541 -4.26001 0.0699271 0.996886 0.0364426 -0.748903 -0.0440234 0.0395804 -0.998246 5.24574 
-0.996538 0.0688605 0.0465838 -4.06153 0.0704688 0.996941 0.0338096 -0.727798 -0.0441131 0.0369753 -0.998342 2.54517 
-0.996688 0.0668704 0.0462745 -3.93194 0.0684517 0.997093 0.0334737 -0.674714 -0.0439015 0.0365304 -0.998368 -0.195229 
-0.996637 0.0675574 0.0463737 -3.77305 0.0690595 0.997112 0.0315902 -0.647254 -0.0441056 0.0346865 -0.998425 -2.94082 
-0.996815 0.0652035 0.0459202 -3.67585 0.0666868 0.997275 0.0315472 -0.578352 -0.0437381 0.034509 -0.998447 -5.71974 
-0.996934 0.0630661 0.0463169 -3.50536 0.0647196 0.997286 0.0351136 -0.561288 -0.0439767 0.0380036 -0.998309 -8.47367 
-0.997015 0.062347 0.0455417 -3.34457 0.0638244 0.997456 0.031738 -0.516286 -0.0434471 0.0345499 -0.998458 -11.2623 
-0.997003 0.0620836 0.0461653 -3.16481 0.0635985 0.997459 0.0321022 -0.528648 -0.044055 0.034942 -0.998418 -14.0513 
-0.997124 0.0600573 0.0462211 -3.02037 0.0613132 0.997773 0.0262502 -0.486966 -0.0445416 0.0290087 -0.998586 -16.8741 
-0.996971 0.062132 0.0467829 -2.8567 0.0634637 0.997604 0.0275381 -0.472017 -0.0449598 0.0304237 -0.998525 -19.6993 
-0.996497 0.0683825 0.0481357 -2.68028 0.0697968 0.997159 0.0283405 -0.473222 -0.0460609 0.0316009 -0.998439 -22.4647 
-0.996556 0.0673981 0.0483118 -2.54912 0.0687223 0.997289 0.0262937 -0.434934 -0.0464087 0.0295232 -0.998486 -25.3028 
-0.996737 0.0645628 0.0484505 -2.35577 0.0661246 0.997319 0.0313549 -0.422594 -0.0462963 0.0344564 -0.998333 -28.1753 
-0.996393 0.0687655 0.0497133 -2.23233 0.0703388 0.997053 0.0306215 -0.370866 -0.0474611 0.0340078 -0.998294 -31.0367 
-0.996625 0.0655891 0.0493632 -2.1175 0.0672347 0.997209 0.0324469 -0.321688 -0.0470973 0.0356564 -0.998254 -33.8854 
-0.996357 0.0690739 0.0500156 -1.99094 0.070778 0.996941 0.0331411 -0.277817 -0.0475735 0.0365604 -0.998198 -36.7328 
-0.99679 0.0636888 0.0485081 -1.83653 0.0653372 0.997311 0.0331886 -0.44429 -0.0462639 0.0362515 -0.998271 -41.0214 
-0.99691 0.0626113 0.0474339 -1.69725 0.0639908 0.997554 0.028144 -0.399754 -0.0455558 0.0310923 -0.998478 -43.8613 
-0.99685 0.0630856 0.0480639 -1.58141 0.0646305 0.997418 0.0312966 -0.346544 -0.0459655 0.0343044 -0.998354 -46.6591 
-0.996902 0.0623574 0.0479473 -1.42637 0.0638616 0.997492 0.0305054 -0.317749 -0.0459248 0.0334728 -0.998384 -49.4597 
-0.996883 0.0629683 0.0475226 -1.30573 0.0643984 0.997497 0.0291859 -0.26938 -0.0455659 0.0321554 -0.998444 -52.2589 
-0.996977 0.0626596 0.0459424 -1.17839 0.064057 0.997507 0.0296016 -0.225344 -0.043973 0.0324551 -0.998505 -55.0567 
-0.996931 0.0644799 0.0443961 -1.03787 0.0657665 0.997438 0.0281537 -0.190699 -0.042467 0.030987 -0.998617 -57.8497 
-0.997304 0.0603508 0.0417534 -0.94965 0.0615918 0.997677 0.029102 -0.137115 -0.0399001 0.0315952 -0.998704 -60.6549 
-0.99735 0.0604164 0.0405434 -0.784491 0.0616624 0.997639 0.0302199 -0.12145 -0.0386219 0.0326398 -0.998721 -63.434 
-0.997731 0.0552797 0.0384367 -0.715173 0.0564647 0.99794 0.0304588 -0.0667119 -0.0366738 0.03256 -0.998797 -66.231 
-0.997564 0.0579154 0.0388859 -0.584745 0.0589816 0.997898 0.026853 -0.0410672 -0.0372489 0.0290812 -0.998883 -69.0122 
-0.997474 0.0589476 0.0396275 -0.468857 0.0600591 0.997817 0.0274688 -0.0166912 -0.0379218 0.0297794 -0.998837 -71.7824 
-0.99767 0.0551105 0.040225 -0.436297 0.0563763 0.997927 0.0310426 0.0544631 -0.0384308 0.033238 -0.998708 -74.5707 
-0.997394 0.0582248 0.0426097 -0.313772 0.0593859 0.997883 0.0265099 0.0865643 -0.0409759 0.0289712 -0.99874 -77.2837 
-0.997498 0.0562762 0.0427816 -0.208354 0.0574077 0.99802 0.0256963 0.135836 -0.0412508 0.028088 -0.998754 -80.0157 
-0.997279 0.0592259 0.0438865 -0.064946 0.060696 0.997612 0.0329566 0.136276 -0.0418298 0.0355307 -0.998493 -82.6602 
-0.997224 0.0603805 0.0435657 0.0613257 0.0617661 0.997603 0.0311926 0.16889 -0.0415779 0.0337969 -0.998563 -85.347 
-0.997528 0.056938 0.0411823 0.154738 0.0581281 0.997908 0.028302 0.221595 -0.0394847 0.0306259 -0.998751 -88.0319 
-0.997611 0.0563427 0.0399627 0.249476 0.0575979 0.997859 0.0309868 0.25848 -0.0381313 0.0332145 -0.998721 -90.6908 
-0.997592 0.0574147 0.0389112 0.329481 0.0585873 0.99784 0.0296972 0.273372 -0.0371221 0.0319054 -0.998801 -92.0123 
-0.997552 0.0587647 0.0378969 0.417024 0.0599298 0.99774 0.0303766 0.306292 -0.0360261 0.0325734 -0.99882 -94.6568 
-0.997652 0.0582189 0.0360666 0.533893 0.059356 0.997746 0.031302 0.330606 -0.0341629 0.0333693 -0.998859 -97.2819 
-0.997673 0.0587352 0.0346167 0.625757 0.0598249 0.997717 0.0313298 0.357003 -0.0326975 0.0333278 -0.998909 -99.8855 
-0.997637 0.0594522 0.0344319 0.658486 0.0605337 0.997676 0.0312666 0.377491 -0.032493 0.033277 -0.998918 -101.185 
-0.997618 0.0603279 0.0334502 0.817037 0.0613763 0.997625 0.0312565 0.383122 -0.0314851 0.0332351 -0.998952 -103.712 
-0.997608 0.0611175 0.0322863 0.916339 0.0620351 0.997675 0.0282282 0.412748 -0.030486 0.0301635 -0.99908 -106.28 
-0.997615 0.0610417 0.0322187 0.989032 0.062081 0.997548 0.0323075 0.432704 -0.0301676 0.0342306 -0.998959 -108.851 
-0.997628 0.0605981 0.0326429 1.05594 0.0615798 0.997652 0.0299587 0.497706 -0.0307508 0.0318978 -0.999018 -111.397 
-0.997495 0.0624708 0.0331841 1.11776 0.0634916 0.997511 0.0306541 0.531914 -0.0311865 0.0326842 -0.998979 -113.927 
-0.997564 0.0611297 0.0336155 1.17258 0.0622171 0.997539 0.0323147 0.56286 -0.0315574 0.0343275 -0.998912 -116.445 
-0.997619 0.0607913 0.0325824 1.41304 0.0618314 0.997576 0.031926 0.564244 -0.0305626 0.0338646 -0.998959 -121.679 
-0.997668 0.0604643 0.0316492 1.45456 0.061495 0.997572 0.0326739 0.573408 -0.0295967 0.034544 -0.998965 -122.891 
-0.997943 0.0572526 0.0288555 1.52858 0.0582385 0.997704 0.0345719 0.615795 -0.0268099 0.0361813 -0.998986 -125.305 
-0.99814 0.0553061 0.0256339 1.60767 0.0561152 0.997911 0.032 0.636558 -0.0238106 0.033379 -0.999159 -127.666 
-0.998107 0.0560648 0.0252833 1.66665 0.0569579 0.997723 0.0361059 0.710627 -0.0232014 0.0374776 -0.999028 -131.13 
-0.997803 0.0609179 0.0260371 1.72984 0.0618236 0.997455 0.0355242 0.761512 -0.0238067 0.0370559 -0.99903 -133.314 
-0.998585 0.0478975 0.0231252 1.62874 0.048824 0.997952 0.0413168 0.718434 -0.0210989 0.0423874 -0.998878 -135.508 
-0.998656 0.0476775 0.0203172 1.67758 0.0484734 0.997996 0.0406708 0.738933 -0.0183374 0.041601 -0.998966 -137.546 
-0.998563 0.0505772 0.0176989 1.70404 0.0512786 0.997812 0.0417223 0.8102 -0.01555 0.0425699 -0.998972 -140.357 
-0.998404 0.052704 0.0203042 1.71494 0.0534877 0.997759 0.0402096 0.861307 -0.0181395 0.0412314 -0.998985 -142.127 
-0.997729 0.0565343 0.0366293 1.79849 0.0579283 0.99759 0.0381852 0.836934 -0.0343823 0.0402203 -0.998599 -143.785 
-0.994785 0.0668769 0.0770062 2.15524 0.0699895 0.996806 0.0384545 0.869569 -0.0741886 0.0436436 -0.996289 -145.252 
-0.984797 0.0632594 0.161779 2.51308 0.0709674 0.996581 0.0423134 0.881935 -0.158549 0.0531512 -0.985919 -147.324 
-0.942717 0.0658983 0.32702 3.24253 0.0783211 0.996616 0.0249507 0.942656 -0.324269 0.049134 -0.944688 -149.661 
-0.844024 0.0647077 0.532388 4.42892 0.0833216 0.996462 0.0109819 0.927652 -0.529794 0.0536284 -0.846429 -151.395 
-0.613418 0.0506443 0.788133 6.22154 0.0790206 0.99687 -0.00255427 0.854752 -0.785795 0.0607119 -0.6155 -153.274 
-0.366927 0.0342677 0.929618 7.95046 0.0611733 0.998047 -0.0126446 0.795243 -0.928236 0.0522282 -0.368307 -154.156 
-0.16837 0.0359145 0.985069 9.37185 0.0548806 0.998128 -0.0270103 0.758056 -0.984195 0.0495135 -0.170026 -154.338 
0.0491368 0.0134978 0.998701 10.83 0.0486629 0.998689 -0.0158919 0.701894 -0.997606 0.0493806 0.0484155 -154.39 
0.189199 -0.010525 0.981882 11.8115 0.0444326 0.99901 0.0021469 0.646231 -0.980933 0.0432214 0.189479 -154.132 
0.332757 -0.0235691 0.942718 12.7873 0.0403872 0.999127 0.0107237 0.616056 -0.942147 0.0345054 0.333419 -153.812 
0.533318 -0.037842 0.845068 14.1779 0.0434772 0.998905 0.0172926 0.604336 -0.844797 0.0275188 0.534379 -153.064 
0.708158 -0.0467254 0.704507 15.4501 0.0457781 0.998747 0.0202251 0.54863 -0.704569 0.0179284 0.709409 -152.1 
0.831238 -0.0434469 0.554216 16.4523 0.0487115 0.998799 0.00523954 0.585326 -0.553778 0.0226414 0.832356 -150.6 
0.944314 -0.0458955 0.32583 17.3673 0.0466157 0.998897 0.005601 0.54938 -0.325728 0.00989969 0.945412 -148.064 
