1 1.19763e-11 1.70464e-10 5.55111e-17 1.19763e-11 1 3.5625e-10 0 1.70464e-10 3.5625e-10 1 2.22045e-16 
0.999924 -0.0123454 0.000598619 0.0046339 0.0123482 0.999911 -0.00496486 -0.0234053 -0.000537273 0.00497187 0.999987 1.81814 
0.998613 -0.002744 -0.0525783 -0.111031 0.00244007 0.99998 -0.00584375 -0.0481602 0.0525933 0.00570735 0.9986 2.86715 
0.995349 -0.00491283 -0.0962073 -0.164817 0.00435292 0.999972 -0.00602882 -0.0513264 0.0962342 0.005582 0.995343 3.62304 
0.991031 -0.00564909 -0.133514 -0.284509 0.00516019 0.999979 -0.00400757 -0.067148 0.133533 0.00328267 0.991039 4.41113 
0.986927 -0.00209158 -0.161155 -0.470579 0.00155699 0.999993 -0.00344346 -0.0810772 0.161161 0.00314752 0.986923 5.23697 
0.983173 -0.00671891 -0.182554 -0.647128 0.00558567 0.999962 -0.0067212 -0.0924732 0.182592 0.00558842 0.983173 6.1165 
0.979607 -0.00717329 -0.200796 -0.806989 0.00515459 0.999931 -0.0105745 -0.102232 0.200858 0.00932382 0.979576 7.04942 
0.976144 -0.0118119 -0.216801 -1.03846 0.00881217 0.999852 -0.0147977 -0.126022 0.216943 0.0125342 0.976104 8.03457 
0.97433 -0.0184678 -0.224367 -1.15309 0.0152486 0.999755 -0.0160725 -0.135857 0.224609 0.0122387 0.974372 8.54673 
0.970058 -0.0155534 -0.242375 -1.41921 0.0103105 0.999685 -0.0228848 -0.160727 0.242654 0.0197005 0.969913 9.5988 
0.965486 -0.0155602 -0.259989 -1.73289 0.00872252 0.999586 -0.0274329 -0.198691 0.260309 0.0242183 0.965222 10.6902 
0.962922 -0.0189903 -0.269111 -1.87346 0.0113151 0.999485 -0.0300431 -0.214234 0.269543 0.0258841 0.96264 11.2536 
0.958845 -0.0161794 -0.283467 -2.24513 0.00620162 0.99933 -0.0360612 -0.264451 0.283861 0.0328191 0.958304 12.3879 
0.956626 -0.016991 -0.290824 -2.43438 0.00510979 0.999123 -0.0415645 -0.287973 0.291275 0.0382757 0.955873 12.9732 
0.954886 -0.0180921 -0.29642 -2.62497 0.00373989 0.998796 -0.0489143 -0.322036 0.296948 0.045599 0.953804 13.5729 
0.953863 -0.0174813 -0.299732 -2.8373 0.000492552 0.998393 -0.0566619 -0.363298 0.30024 0.0539 0.952339 14.1782 
0.952977 -0.0162684 -0.302607 -3.05965 -0.00363601 0.997872 -0.0650971 -0.404556 0.303022 0.0631363 0.95089 14.7937 
0.951442 -0.0161618 -0.307404 -3.27061 -0.00703927 0.997217 -0.0742161 -0.453373 0.307748 0.0727762 0.948681 15.4266 
0.949211 -0.0169256 -0.314185 -3.44379 -0.00961393 0.996526 -0.0827299 -0.483242 0.314493 0.0815487 0.94575 16.0836 
0.947538 -0.0150059 -0.319291 -3.67625 -0.0143609 0.99589 -0.0894223 -0.543693 0.31932 0.0893164 0.943428 16.7547 
0.945821 -0.0143632 -0.32437 -3.90388 -0.0174944 0.995315 -0.0950843 -0.611405 0.324216 0.0956074 0.941139 17.4033 
0.944325 -0.0117708 -0.328803 -4.15674 -0.0226582 0.994661 -0.100682 -0.680433 0.328232 0.102527 0.939016 18.0742 
0.942728 -0.00843621 -0.333457 -4.42307 -0.0277427 0.994234 -0.103586 -0.760265 0.332408 0.106904 0.937057 18.7571 
0.940752 -0.00779516 -0.339005 -4.6754 -0.0296817 0.994005 -0.105224 -0.8325 0.337793 0.109052 0.934882 19.4566 
0.938662 -0.00710865 -0.344766 -4.94817 -0.0306811 0.994101 -0.10403 -0.919096 0.343472 0.108226 0.932906 20.1631 
0.936641 -0.00632146 -0.350233 -5.23794 -0.0316196 0.99423 -0.102507 -1.00416 0.34886 0.107086 0.931037 20.8735 
0.934005 -0.00752461 -0.357179 -5.52123 -0.0302713 0.994516 -0.100109 -1.09676 0.355974 0.104315 0.928655 21.6056 
0.930936 -0.00648237 -0.365126 -5.82193 -0.0310836 0.994807 -0.0969132 -1.18343 0.363858 0.101569 0.9259 22.3369 
0.927781 -0.00510336 -0.373089 -6.13848 -0.0311241 0.995363 -0.0910132 -1.2697 0.371824 0.0960525 0.923321 23.0927 
0.924483 -0.000928005 -0.381222 -6.46689 -0.0343938 0.995716 -0.0858307 -1.34994 0.379668 0.0924607 0.920491 23.826 
0.920919 0.00326961 -0.389739 -6.80464 -0.0381862 0.995911 -0.0818756 -1.42515 0.387878 0.0902835 0.917278 24.5775 
0.916904 0.00358717 -0.399091 -7.13637 -0.0387588 0.996033 -0.080095 -1.49917 0.39722 0.0889078 0.913406 25.3384 
0.913074 0.00455991 -0.407768 -7.49485 -0.0406357 0.995978 -0.0798539 -1.56389 0.405764 0.0894825 0.909587 26.0973 
0.909071 0.00421689 -0.416619 -7.84569 -0.040589 0.996089 -0.0784839 -1.64108 0.414659 0.0882576 0.905687 26.8699 
0.905265 0.00571104 -0.424809 -8.22235 -0.0422511 0.996163 -0.0766446 -1.7143 0.422741 0.0873324 0.902033 27.644 
0.901654 0.00536212 -0.432425 -8.61529 -0.0414285 0.996395 -0.0740276 -1.79231 0.430469 0.084662 0.898626 28.4166 
0.897842 0.00575689 -0.44028 -9.01643 -0.0406103 0.996735 -0.0697817 -1.86277 0.438441 0.0805328 0.895145 29.2055 
0.894219 0.00826213 -0.447553 -9.42839 -0.041206 0.997104 -0.0639232 -1.92998 0.445729 0.0756032 0.89197 30.0016 
0.8906 0.00928325 -0.454692 -9.85959 -0.0408301 0.997386 -0.0596103 -1.99967 0.45295 0.071654 0.888652 30.7982 
0.887055 0.00891863 -0.461577 -10.2855 -0.0401116 0.997521 -0.057812 -2.06085 0.459917 0.069797 0.885214 31.6101 
0.883779 0.00824874 -0.467832 -10.723 -0.0393929 0.997607 -0.0568274 -2.11766 0.466243 0.0686521 0.881989 32.4273 
0.88137 0.0111734 -0.472295 -11.2034 -0.0421957 0.997587 -0.0551425 -2.16879 0.470539 0.0685297 0.879714 33.2329 
0.878621 0.010529 -0.477404 -11.6728 -0.0411087 0.997713 -0.0536527 -2.23115 0.475747 0.0667659 0.877044 34.063 
0.875767 0.00902656 -0.48265 -12.1301 -0.0397011 0.997785 -0.0533768 -2.29258 0.481099 0.0659074 0.874185 34.9147 
0.873329 0.00678433 -0.487084 -12.5863 -0.0380742 0.997795 -0.0543683 -2.33802 0.485641 0.0660267 0.871661 35.7735 
0.872292 0.00637908 -0.488943 -13.1121 -0.0388182 0.997663 -0.0562369 -2.36038 0.487441 0.0680349 0.870501 36.6152 
0.871639 0.00598452 -0.490112 -13.6093 -0.0379895 0.997742 -0.0553794 -2.41918 0.488675 0.06689 0.869898 37.5091 
0.87146 0.00624459 -0.490427 -14.123 -0.0372441 0.997874 -0.0534747 -2.49008 0.48905 0.0648666 0.86984 38.4014 
0.870876 0.00362094 -0.491489 -14.6292 -0.0340022 0.998021 -0.0528963 -2.55508 0.490325 0.0627779 0.869276 39.3116 
0.869281 -0.00208818 -0.494313 -15.1155 -0.0284985 0.998116 -0.0543328 -2.60624 0.493495 0.0613177 0.867584 40.2421 
0.86834 -0.00385385 -0.495955 -15.6532 -0.0268425 0.998139 -0.054753 -2.67131 0.495243 0.0608569 0.86662 41.1581 
0.866834 -0.00435004 -0.498578 -16.1934 -0.0256654 0.998247 -0.0533318 -2.72536 0.497936 0.059026 0.865203 42.0776 
0.865326 -0.00268006 -0.501202 -16.7644 -0.0255842 0.998446 -0.0495101 -2.78846 0.500556 0.0556652 0.863913 42.9788 
0.862517 -0.00310265 -0.506019 -17.3098 -0.0233382 0.998673 -0.0459037 -2.84402 0.50549 0.0514023 0.8613 43.8959 
0.858464 -0.0032571 -0.512863 -17.8598 -0.0223897 0.998789 -0.0438204 -2.90885 0.512385 0.0491011 0.857351 44.8094 
0.853342 -0.00665163 -0.521309 -18.4245 -0.020309 0.998736 -0.0459875 -2.97367 0.520956 0.0498304 0.852128 45.7089 
0.84748 -0.0101115 -0.530731 -19.0037 -0.0187542 0.998624 -0.0489729 -3.04057 0.530496 0.051457 0.846124 46.6135 
0.840783 -0.0114015 -0.541252 -19.5763 -0.0177099 0.998664 -0.0485476 -3.09637 0.541082 0.0504035 0.839458 47.5218 
0.835383 -0.00723049 -0.549621 -20.1889 -0.0199656 0.998854 -0.0434865 -3.15553 0.549306 0.0473014 0.834282 48.4066 
0.830151 -0.0026738 -0.557532 -20.7904 -0.0230068 0.998972 -0.0390475 -3.21333 0.557063 0.0452423 0.829237 49.2959 
0.825854 -0.00246741 -0.563879 -21.3916 -0.0245702 0.998883 -0.0403563 -3.27344 0.563349 0.047183 0.824871 50.1747 
0.821913 -0.00605395 -0.569581 -21.9871 -0.0232254 0.998756 -0.0441302 -3.33692 0.569139 0.0495 0.82075 51.0512 
0.818838 -0.00836798 -0.573963 -22.6026 -0.0255995 0.998367 -0.0510767 -3.4013 0.573453 0.0565167 0.817287 51.9109 
0.816297 -0.00777917 -0.57758 -23.2401 -0.0273363 0.998269 -0.0520798 -3.47766 0.576985 0.0583015 0.814671 52.7622 
0.812793 -0.00629807 -0.582519 -23.8569 -0.0266895 0.998489 -0.0480355 -3.54622 0.581942 0.0545901 0.811396 53.6361 
0.809792 -0.00335909 -0.586708 -24.5 -0.0268987 0.99872 -0.0428444 -3.6057 0.5861 0.0504767 0.808665 54.4966 
0.806815 -0.00140243 -0.590802 -25.1376 -0.0275164 0.998823 -0.0399481 -3.66117 0.590163 0.0484874 0.805827 55.3615 
0.803572 -0.00110893 -0.595207 -25.7764 -0.0286499 0.998767 -0.0405402 -3.71345 0.594518 0.0496296 0.802549 56.2254 
0.799975 -0.00213638 -0.60003 -26.4286 -0.0287638 0.998707 -0.0419045 -3.77492 0.599344 0.0507816 0.79888 57.0833 
0.796055 -0.00464681 -0.605207 -27.0763 -0.0279874 0.998618 -0.0444805 -3.8289 0.604577 0.0523471 0.794825 57.937 
0.792301 -0.00508273 -0.610109 -27.758 -0.0277005 0.998635 -0.0442919 -3.89407 0.609501 0.0519928 0.791078 58.7793 
0.788298 -0.0044187 -0.615277 -28.4335 -0.0281235 0.99867 -0.0432042 -3.95368 0.61465 0.0513615 0.787126 59.6106 
0.783498 -0.00363952 -0.621383 -29.1102 -0.0289028 0.998687 -0.0422928 -4.01329 0.620722 0.0510961 0.782364 60.4526 
0.778329 -0.00481056 -0.627839 -29.7992 -0.0285468 0.998665 -0.0430412 -4.07941 0.627208 0.051423 0.777153 61.2889 
0.772974 -0.00610101 -0.634408 -30.5026 -0.0281701 0.998638 -0.0439267 -4.13559 0.633812 0.0518255 0.771749 62.1202 
0.766789 -0.00932547 -0.641832 -31.1995 -0.0254647 0.998665 -0.0449324 -4.18919 0.641395 0.0507977 0.765528 62.957 
0.761337 -0.0105391 -0.648271 -31.9206 -0.02521 0.998631 -0.0458419 -4.25359 0.647866 0.051244 0.760029 63.7793 
0.755744 -0.0112126 -0.654771 -32.6573 -0.0255788 0.998585 -0.0466236 -4.32468 0.654367 0.0519838 0.754388 64.6098 
0.74969 -0.0133676 -0.661654 -33.4119 -0.0232684 0.998645 -0.0465403 -4.38331 0.66138 0.0502865 0.748364 65.4167 
0.743424 -0.0135251 -0.668684 -34.154 -0.0221136 0.998752 -0.0447866 -4.44367 0.668455 0.0480825 0.742197 66.2191 
0.737352 -0.0137692 -0.675368 -34.9265 -0.0214861 0.998808 -0.0438216 -4.49905 0.675167 0.046823 0.736178 67.0179 
0.730927 -0.0156284 -0.682277 -35.6899 -0.02019 0.998805 -0.0445085 -4.56146 0.682157 0.0463076 0.729738 67.8286 
0.723755 -0.0178352 -0.689827 -36.4462 -0.0194827 0.998739 -0.046263 -4.61726 0.689782 0.0469227 0.722495 68.6605 
0.717256 -0.0168526 -0.696606 -37.2224 -0.021283 0.998711 -0.0460751 -4.67844 0.696485 0.0478735 0.715973 69.4791 
0.711497 -0.017045 -0.702483 -38.0143 -0.0206314 0.998768 -0.0451301 -4.74551 0.702387 0.0466031 0.710268 70.2979 
0.706617 -0.0161578 -0.707412 -38.8242 -0.0221066 0.998747 -0.0448938 -4.81411 0.707251 0.0473612 0.705374 71.098 
0.701166 -0.0182292 -0.712765 -39.6299 -0.0205082 0.998744 -0.0457178 -4.88472 0.712703 0.0466733 0.699912 71.908 
0.696253 -0.0194286 -0.717534 -40.4649 -0.0220082 0.998586 -0.0483942 -4.95031 0.717459 0.0494862 0.694841 72.6897 
0.690861 -0.0224303 -0.722639 -41.2967 -0.0211794 0.998462 -0.0512398 -5.01218 0.722677 0.0507047 0.689324 73.4829 
0.685393 -0.0235569 -0.727793 -42.1363 -0.0207018 0.998442 -0.0518129 -5.08435 0.727879 0.0505788 0.683837 74.28 
0.680857 -0.0226956 -0.732064 -43.0017 -0.0208908 0.998511 -0.0503856 -5.15728 0.732118 0.0495988 0.67937 75.0522 
0.676718 -0.0211808 -0.735938 -43.8828 -0.0221542 0.998548 -0.0491104 -5.23714 0.735909 0.049538 0.675266 75.8131 
0.672266 -0.0218643 -0.739986 -44.7624 -0.0226874 0.998486 -0.0501132 -5.29393 0.739962 0.0504778 0.670752 76.5752 
0.667564 -0.0226351 -0.744208 -45.6366 -0.0219597 0.998504 -0.0500677 -5.36743 0.744229 0.049766 0.666068 77.3519 
0.663041 -0.023477 -0.748215 -46.5236 -0.0207051 0.998551 -0.04968 -5.44154 0.748296 0.0484318 0.661594 78.1331 
0.659445 -0.0239526 -0.751371 -47.4257 -0.0194574 0.998614 -0.0489113 -5.52288 0.751501 0.046874 0.658065 78.9075 
0.65574 -0.0261948 -0.754532 -48.328 -0.0177409 0.998587 -0.0500856 -5.5958 0.754778 0.0462292 0.654349 79.6784 
0.6513 -0.031021 -0.758186 -49.2293 -0.0143907 0.998479 -0.0532145 -5.66925 0.758684 0.0455695 0.649863 80.4585 
0.646793 -0.034909 -0.761867 -50.1534 -0.0104294 0.998454 -0.0546037 -5.74557 0.762595 0.0432631 0.645428 81.2272 
0.639452 -0.0391922 -0.767831 -51.0609 -0.00493753 0.99847 -0.0550767 -5.81468 0.768815 0.0390101 0.63828 82.0111 
0.630037 -0.0442281 -0.775305 -51.9813 0.00124254 0.998433 -0.0559469 -5.88523 0.776564 0.0342853 0.629105 82.7888 
0.620826 -0.0452025 -0.782644 -52.9307 0.00402008 0.998507 -0.054481 -5.96819 0.783938 0.0306769 0.620081 83.5498 
0.612686 -0.0426632 -0.789174 -53.9047 0.00299983 0.99866 -0.0516592 -6.04951 0.790321 0.0292835 0.611993 84.2845 
0.603368 -0.0428934 -0.796308 -54.8773 0.00288599 0.998663 -0.0516066 -6.12356 0.797457 0.0288396 0.602686 85.0273 
0.593989 -0.0440529 -0.803266 -55.8645 0.00238692 0.998592 -0.0529999 -6.20267 0.804469 0.0295641 0.593258 85.752 
0.58365 -0.0467419 -0.810659 -56.8562 0.00385932 0.99849 -0.0547935 -6.27993 0.811996 0.0288516 0.58295 86.4755 
0.573801 -0.0486867 -0.817547 -57.8698 0.00490899 0.998418 -0.0560125 -6.36086 0.81898 0.0281267 0.573132 87.1751 
0.564018 -0.0489859 -0.824308 -58.8946 0.00693242 0.998485 -0.0545932 -6.44239 0.825733 0.0250771 0.563503 87.8649 
0.553999 -0.0492893 -0.831057 -59.9337 0.00847845 0.998528 -0.0535699 -6.52454 0.832474 0.0226316 0.553601 88.5437 
0.54381 -0.0496349 -0.83774 -60.9805 0.00862408 0.998527 -0.0535631 -6.60797 0.839164 0.0219034 0.543437 89.2142 
0.533841 -0.0506349 -0.844067 -62.0414 0.00795315 0.998462 -0.0548668 -6.68995 0.845547 0.0225772 0.533423 89.8676 
0.52382 -0.0503619 -0.850339 -63.1141 0.00558151 0.998432 -0.0556946 -6.77912 0.85181 0.0244278 0.52328 90.5139 
0.514179 -0.0513965 -0.856142 -64.1909 0.0042382 0.998343 -0.0573879 -6.85768 0.857673 0.0258791 0.513545 91.1431 
0.504212 -0.0514038 -0.862048 -65.2817 0.00369687 0.998346 -0.0573689 -6.94599 0.863572 0.0257392 0.503569 91.7856 
0.494216 -0.0496406 -0.867921 -66.3717 0.0045767 0.998503 -0.0545031 -7.04225 0.869327 0.0229641 0.493703 92.4322 
0.486465 -0.0482313 -0.872368 -67.4842 0.00554525 0.998625 -0.0521196 -7.12649 0.873683 0.0205168 0.486064 93.0476 
0.478204 -0.0487767 -0.876893 -68.5935 0.00651488 0.998626 -0.0519952 -7.20907 0.878224 0.0191515 0.477865 93.6698 
0.468952 -0.0534667 -0.881604 -69.6939 0.011546 0.998452 -0.0544115 -7.28829 0.883148 0.0153374 0.468843 94.2966 
0.461793 -0.0575848 -0.885116 -70.8231 0.0151542 0.998257 -0.0570392 -7.36347 0.886858 0.0129271 0.461861 94.877 
0.455378 -0.0605461 -0.888237 -71.954 0.0166511 0.99809 -0.0594976 -7.45277 0.890142 0.0123038 0.455516 95.4571 
0.449143 -0.0648536 -0.891103 -73.0848 0.0198242 0.99784 -0.0626298 -7.54032 0.89324 0.0104643 0.449458 96.0411 
0.444904 -0.0655443 -0.893177 -74.2225 0.0224436 0.997821 -0.062044 -7.64602 0.895297 0.00755751 0.445406 96.5904 
0.440761 -0.0628883 -0.895419 -75.3659 0.024547 0.998014 -0.0580109 -7.75039 0.897289 0.00358913 0.44143 97.1434 
0.43605 -0.0602371 -0.897904 -76.5182 0.0265981 0.998184 -0.0540476 -7.8635 0.899529 -0.000315122 0.43686 97.7604 
0.434743 -0.0593171 -0.898599 -77.6365 0.0268117 0.998239 -0.0529228 -7.93818 0.900156 -0.00108512 0.435567 98.2351 
0.43274 -0.061396 -0.899426 -78.7929 0.0310398 0.998101 -0.0531975 -7.98158 0.900984 -0.00489729 0.433825 98.7203 
0.429903 -0.060626 -0.900837 -79.9194 0.0334345 0.998128 -0.0512178 -8.06942 0.902256 -0.00810037 0.431125 99.2567 
0.428239 -0.0596362 -0.901696 -81.0576 0.0351725 0.998164 -0.0493121 -8.14942 0.902981 -0.0105976 0.42955 99.7566 
0.425142 -0.0599089 -0.903142 -82.1437 0.0352107 0.998147 -0.049636 -8.22498 0.904441 -0.0106979 0.426464 100.339 
0.423989 -0.0610648 -0.903606 -83.2561 0.0370635 0.998058 -0.0500568 -8.28247 0.904909 -0.0122673 0.425429 100.817 
0.422806 -0.0607937 -0.904179 -84.356 0.0397784 0.998031 -0.048503 -8.34337 0.905347 -0.0154594 0.424392 101.295 
0.420482 -0.0609536 -0.905251 -85.4428 0.0424636 0.99797 -0.0474727 -8.41056 0.906307 -0.0184788 0.422217 101.795 
0.419955 -0.0624836 -0.905391 -86.5307 0.0450864 0.997832 -0.0479504 -8.48939 0.906424 -0.0206838 0.421862 102.265 
0.418248 -0.0636678 -0.906099 -87.5953 0.0464843 0.997734 -0.0486498 -8.56935 0.907143 -0.0217717 0.42026 102.76 
0.418149 -0.0650848 -0.906044 -88.6548 0.0466942 0.997651 -0.0501154 -8.64996 0.907178 -0.0213513 0.420206 103.234 
0.41895 -0.0649292 -0.905685 -89.6991 0.0445319 0.997709 -0.050927 -8.73949 0.906917 -0.018996 0.420882 103.711 
0.421853 -0.064594 -0.904361 -90.739 0.0426395 0.997769 -0.0513759 -8.82116 0.905661 -0.0168885 0.423665 104.17 
0.426187 -0.0644354 -0.902337 -91.7653 0.0402336 0.997823 -0.0522511 -8.9048 0.90374 -0.0140355 0.427852 104.647 
0.430903 -0.064788 -0.900069 -92.7803 0.0393924 0.997819 -0.0529653 -8.98605 0.901538 -0.012633 0.432516 105.132 
0.437428 -0.0641445 -0.896963 -93.8009 0.0381325 0.997879 -0.052765 -9.07165 0.898445 -0.0111225 0.438946 105.6 
0.444554 -0.0626494 -0.893559 -94.8091 0.037187 0.997982 -0.0514699 -9.15346 0.89498 -0.0103476 0.445986 106.083 
0.452325 -0.0613005 -0.889744 -95.7994 0.0356671 0.99808 -0.0506322 -9.22697 0.89114 -0.00883233 0.453643 106.593 
0.4611 -0.060982 -0.88525 -96.7895 0.0355741 0.998104 -0.0502267 -9.29811 0.886635 -0.00833253 0.462395 107.096 
0.471631 -0.0594527 -0.87979 -97.7763 0.0326424 0.998218 -0.0499569 -9.37 0.881192 -0.00515719 0.472731 107.594 
0.480997 -0.0600205 -0.874665 -98.7376 0.0315248 0.998193 -0.0511609 -9.44143 0.876155 -0.00296539 0.48202 108.125 
0.490378 -0.061864 -0.869312 -99.6831 0.0298404 0.998084 -0.0541951 -9.50294 0.870999 0.000635439 0.491284 108.676 
0.501897 -0.0633571 -0.862604 -100.63 0.0290005 0.997985 -0.0564271 -9.57305 0.864441 0.00330458 0.502723 109.216 
0.513924 -0.0625218 -0.855554 -101.572 0.0282808 0.998033 -0.0559457 -9.64604 0.857369 0.0045561 0.514682 109.772 
0.528053 -0.0593826 -0.847133 -102.521 0.0262148 0.998217 -0.0536325 -9.72659 0.848807 0.0061134 0.528668 110.315 
0.540277 -0.0570822 -0.839549 -103.442 0.0256107 0.99835 -0.051398 -9.79997 0.841097 0.0062677 0.540848 110.9 
0.552134 -0.0564785 -0.83184 -104.356 0.0258312 0.998383 -0.0506406 -9.8774 0.833355 0.00647299 0.5527 111.484 
0.564158 -0.0570766 -0.823692 -105.258 0.0262584 0.998343 -0.0511942 -9.95097 0.825249 0.00725281 0.564722 112.077 
0.57486 -0.0574866 -0.81623 -106.131 0.0252073 0.9983 -0.0525565 -10.0225 0.817864 0.00963769 0.575331 112.685 
0.585943 -0.0587845 -0.808217 -106.988 0.0268968 0.998227 -0.0531048 -10.0964 0.809906 0.00937796 0.586485 113.299 
0.596768 -0.0588273 -0.800255 -107.838 0.0273335 0.998221 -0.0529967 -10.1634 0.801948 0.00975291 0.597314 113.913 
0.607117 -0.0565262 -0.7926 -108.669 0.0260565 0.998346 -0.0512407 -10.2276 0.794185 0.0104567 0.607585 114.539 
0.617897 -0.0543177 -0.78438 -109.503 0.0267505 0.998486 -0.0480716 -10.2872 0.785804 0.00872078 0.618415 115.15 
0.629525 -0.0504045 -0.775344 -110.328 0.0212054 0.998636 -0.0477032 -10.3391 0.776691 0.0135889 0.629735 115.749 
0.640883 -0.0508261 -0.765954 -111.137 0.0205621 0.998584 -0.0490581 -10.3966 0.767363 0.0156908 0.64102 116.357 
0.650185 -0.0506139 -0.758088 -111.902 0.019358 0.998558 -0.0500663 -10.467 0.759529 0.0178774 0.650228 117.003 
0.660935 -0.0498324 -0.748787 -112.676 0.0191609 0.998588 -0.0495441 -10.5384 0.750198 0.018398 0.660957 117.624 
0.678246 -0.0457728 -0.733408 -114.127 0.0184679 0.998805 -0.0452576 -10.6651 0.734603 0.0171512 0.67828 118.944 
0.69355 -0.0450094 -0.719001 -115.518 0.0186432 0.998833 -0.0445436 -10.7867 0.720167 0.0174888 0.69358 120.281 
0.707684 -0.0415787 -0.705304 -116.851 0.0176167 0.998995 -0.0412161 -10.8999 0.706309 0.0167429 0.707705 121.627 
0.722442 -0.0355012 -0.69052 -118.104 0.0131226 0.999205 -0.0376422 -10.9948 0.691307 0.0181328 0.722333 122.953 
0.737327 -0.0322883 -0.674764 -119.318 0.0106455 0.999288 -0.0361847 -11.0916 0.675452 0.0194967 0.737146 124.243 
0.755604 -0.0256272 -0.654527 -120.474 0.00792319 0.999519 -0.0299882 -11.1789 0.654981 0.0174732 0.755444 125.55 
0.775954 -0.021869 -0.630411 -121.594 0.00376146 0.999541 -0.0300443 -11.2689 0.630779 0.0209417 0.77568 126.854 
0.795616 -0.0228975 -0.605368 -122.64 0.0047796 0.999492 -0.0315231 -11.3469 0.605782 0.0221869 0.795321 128.168 
0.816007 -0.017853 -0.577767 -123.642 0.00281499 0.999634 -0.0269129 -11.4287 0.578036 0.0203347 0.815758 129.517 
0.842224 -0.0137238 -0.538953 -125.031 0.00386886 0.999804 -0.019413 -11.545 0.539114 0.0142649 0.842112 131.619 
0.862381 -0.012333 -0.506109 -126.336 0.00419134 0.999843 -0.0172226 -11.6453 0.506242 0.0127312 0.862298 133.772 
0.880717 -0.0102092 -0.473533 -127.548 0.00304335 0.999869 -0.0158965 -11.7221 0.473633 0.0125592 0.880633 135.956 
0.893199 -0.0106273 -0.449536 -128.724 0.00358976 0.999857 -0.0165047 -11.8019 0.449647 0.0131282 0.89311 138.27 
0.899321 -0.00550379 -0.437254 -129.51 0.00184913 0.99996 -0.00878346 -11.8489 0.437285 0.00709062 0.899295 139.865 
0.909109 0.00152112 -0.416556 -130.691 -0.0024123 0.999996 -0.00161304 -11.8941 0.416552 0.00247129 0.909108 142.319 
0.918772 0.00273288 -0.39478 -131.843 -0.00110327 0.99999 0.00435485 -11.9201 0.394788 -0.00356557 0.918766 144.918 
0.929672 -0.0027764 -0.368379 -132.91 0.00385899 0.99999 0.00220215 -11.92 0.368369 -0.00346885 0.929673 147.642 
0.938484 -0.00310231 -0.345309 -133.596 0.00294809 0.999995 -0.000971761 -11.9285 0.34531 -0.000106021 0.938488 149.549 
0.957022 0.0102401 -0.289834 -134.623 -0.00935328 0.999946 0.00444478 -11.9443 0.289864 -0.00154286 0.957067 152.5 
0.969219 0.0159541 -0.245685 -135.24 -0.014835 0.999869 0.00640531 -11.96 0.245755 -0.00256341 0.969329 154.534 
0.979433 0.0234441 -0.200405 -135.754 -0.0215568 0.9997 0.0115945 -11.9486 0.200617 -0.00703594 0.979645 156.597 
0.987903 0.0367626 -0.150651 -136.284 -0.0346234 0.999259 0.0167996 -11.9235 0.151157 -0.0113803 0.988444 158.448 
0.993686 0.0389871 -0.105201 -136.622 -0.0377936 0.999197 0.013315 -11.9103 0.105636 -0.009255 0.994362 160.71 
0.997138 0.0440007 -0.0614824 -136.903 -0.0433116 0.998983 0.0124977 -11.8827 0.0619698 -0.00979901 0.99803 162.973 
0.998733 0.0460915 -0.0201942 -137.03 -0.0458179 0.998854 0.0138042 -11.8636 0.0208073 -0.0128615 0.999701 165.371 
0.997417 0.0558922 0.0451107 -137.071 -0.0564825 0.998332 0.011918 -11.8345 -0.0443694 -0.0144352 0.998911 169.023 
0.992674 0.0613531 0.104084 -136.819 -0.0620588 0.998066 0.00355252 -11.8417 -0.103665 -0.00998583 0.994562 172.766 
0.987628 0.0640388 0.143145 -136.542 -0.0642662 0.997928 -0.00303868 -11.8583 -0.143043 -0.00619831 0.989697 175.324 
0.981703 0.0665209 0.178422 -136.127 -0.0646654 0.997775 -0.0162014 -11.9139 -0.179102 0.00436729 0.983821 177.9 
0.974396 0.0712882 0.21324 -135.634 -0.066962 0.997378 -0.0274515 -11.9672 -0.214638 0.0124696 0.976614 180.519 
0.964829 0.0781575 0.250992 -135.152 -0.0724441 0.996861 -0.0319374 -12.083 -0.252701 0.0126312 0.967462 183.133 
0.955524 0.0775048 0.284547 -134.444 -0.0690198 0.996823 -0.0397423 -12.1838 -0.286723 0.0183353 0.957838 185.78 
0.945459 0.0799255 0.315783 -133.548 -0.0689292 0.996567 -0.0458585 -12.3404 -0.318364 0.0215907 0.947723 188.411 
0.932867 0.0839652 0.350298 -132.709 -0.0704488 0.996202 -0.0511763 -12.4946 -0.353265 0.0230626 0.935239 191.105 
0.919347 0.0854316 0.384061 -131.707 -0.0679391 0.995949 -0.0589123 -12.6875 -0.387538 0.0280681 0.921427 193.775 
0.903702 0.088647 0.418885 -130.575 -0.0646198 0.995364 -0.0712342 -12.922 -0.423258 0.0373062 0.905241 196.435 
0.879983 0.0951415 0.46538 -129.485 -0.066308 0.994747 -0.0779834 -13.1317 -0.470355 0.0377657 0.881669 199.18 
0.852674 0.103517 0.512086 -128.016 -0.0692223 0.993917 -0.085656 -13.4211 -0.517838 0.0375889 0.854653 201.737 
0.822176 0.1098 0.558544 -126.406 -0.0697035 0.993256 -0.0926533 -13.7354 -0.56495 0.0372448 0.824284 204.229 
0.789782 0.1135 0.602795 -124.733 -0.0655119 0.992719 -0.101085 -14.0702 -0.609879 0.0403446 0.791467 206.7 
0.758087 0.117152 0.641545 -122.825 -0.0596378 0.992064 -0.110688 -14.4347 -0.649421 0.0456509 0.759057 209.013 
0.726062 0.119179 0.677223 -120.815 -0.0540019 0.991707 -0.116626 -14.8303 -0.685506 0.0481067 0.726476 211.268 
0.696123 0.120511 0.707736 -118.668 -0.0481391 0.991427 -0.121468 -15.2515 -0.716307 0.0504865 0.695956 213.423 
0.666331 0.124914 0.735119 -116.467 -0.0430158 0.990666 -0.129347 -15.6863 -0.744415 0.0545661 0.665484 215.51 
0.637663 0.126623 0.759837 -114.129 -0.0380381 0.99037 -0.133119 -16.1352 -0.769375 0.055982 0.636339 217.447 
0.616171 0.133022 0.776298 -113.076 -0.0430365 0.989848 -0.135455 -16.3234 -0.786435 0.0500545 0.615641 218.495 
0.580086 0.134656 0.803348 -110.697 -0.0445538 0.99001 -0.133773 -16.774 -0.813336 0.0418074 0.58029 220.382 
0.562056 0.136064 0.815831 -109.479 -0.045875 0.989986 -0.133505 -17.0075 -0.825826 0.037611 0.562669 221.253 
0.543493 0.139563 0.82773 -108.268 -0.045897 0.989547 -0.136711 -17.2271 -0.838158 0.0363111 0.544217 222.106 
0.524992 0.143206 0.838973 -107.028 -0.047141 0.989122 -0.139336 -17.459 -0.8498 0.0336005 0.526033 222.885 
0.506413 0.142662 0.850407 -105.775 -0.0450819 0.989251 -0.139108 -17.6967 -0.861111 0.0321083 0.507401 223.645 
0.485639 0.141311 0.862662 -104.522 -0.0442034 0.989555 -0.137212 -17.9289 -0.873041 0.028503 0.486813 224.374 
0.464462 0.1393 0.874569 -103.264 -0.0427846 0.989928 -0.134952 -18.1588 -0.884559 0.0252622 0.465744 225.069 
0.443352 0.137407 0.885753 -102.001 -0.040939 0.990253 -0.133127 -18.3855 -0.895412 0.02276 0.444656 225.726 
0.422778 0.13576 0.896007 -100.733 -0.0376691 0.990493 -0.132302 -18.6103 -0.90545 0.0221825 0.423873 226.334 
0.401621 0.135081 0.905789 -99.4583 -0.0355829 0.990617 -0.131955 -18.8338 -0.915114 0.0207652 0.402659 226.917 
0.381074 0.134033 0.914777 -98.1909 -0.0316064 0.990746 -0.131998 -19.0518 -0.924004 0.0213882 0.381784 227.463 
0.360909 0.134029 0.92292 -96.9158 -0.0273252 0.990714 -0.133189 -19.2694 -0.932201 0.0228502 0.36122 227.97 
0.340656 0.133354 0.930683 -95.648 -0.022581 0.990765 -0.133698 -19.4876 -0.939917 0.0245292 0.340522 228.448 
0.318728 0.132393 0.938554 -94.3939 -0.0210079 0.99094 -0.132648 -19.6837 -0.947613 0.0225617 0.318622 228.927 
0.297365 0.132708 0.945496 -93.1352 -0.0204647 0.990951 -0.132652 -19.8938 -0.954545 0.0200966 0.29739 229.358 
0.278431 0.136784 0.950666 -91.8731 -0.0192226 0.990402 -0.136872 -20.1134 -0.960264 0.0198351 0.278388 229.728 
0.259994 0.145674 0.954559 -90.631 -0.0183541 0.989122 -0.145949 -20.3298 -0.965436 0.0204258 0.259839 230.063 
0.241403 0.152749 0.958328 -89.3946 -0.0189836 0.988089 -0.152711 -20.5564 -0.970239 0.0186722 0.241427 230.383 
0.221562 0.156659 0.96248 -88.165 -0.0201427 0.987536 -0.156101 -20.7753 -0.974938 0.0151991 0.221956 230.7 
0.2012 0.157756 0.966764 -86.9378 -0.0222344 0.987428 -0.1565 -21.001 -0.979298 0.00999238 0.202178 230.982 
0.181546 0.157382 0.970707 -85.7182 -0.0247171 0.987529 -0.155486 -21.2277 -0.983072 0.00423479 0.183172 231.231 
0.161518 0.158171 0.974112 -84.5093 -0.0266329 0.987411 -0.155914 -21.4359 -0.98651 -0.000760436 0.163697 231.478 
0.141678 0.156911 0.977398 -83.3074 -0.0261908 0.987606 -0.154754 -21.6422 -0.989566 -0.00367369 0.144032 231.71 
0.124593 0.156571 0.979777 -82.0965 -0.0232988 0.98766 -0.154868 -21.8556 -0.991934 -0.00353207 0.126704 231.856 
0.105082 0.156703 0.98204 -80.9043 -0.021988 0.987632 -0.155243 -22.0769 -0.99422 -0.00527991 0.107228 232.04 
0.0856515 0.160066 0.983383 -79.7162 -0.024881 0.987046 -0.158495 -22.28 -0.996014 -0.0108922 0.0885245 232.173 
0.0675717 0.161962 0.984481 -78.5329 -0.0235303 0.98672 -0.160716 -22.4775 -0.997437 -0.0123053 0.0704854 232.254 
0.0506705 0.15901 0.985976 -77.3614 -0.0220544 0.987181 -0.158071 -22.6892 -0.998472 -0.0137356 0.0535278 232.344 
0.0364819 0.154328 0.987346 -76.1921 -0.0173048 0.987953 -0.153784 -22.9054 -0.999184 -0.0114756 0.038713 232.389 
0.0228692 0.15053 0.988341 -75.0151 -0.0164722 0.988522 -0.150177 -23.1029 -0.999603 -0.0128457 0.0250863 232.41 
0.0100037 0.147598 0.988997 -73.8912 -0.0140625 0.988969 -0.147452 -23.2859 -0.999851 -0.0124327 0.011969 232.437 
-0.000247808 0.14778 0.98902 -72.7668 -0.0130405 0.988936 -0.147771 -23.4777 -0.999915 -0.0129339 0.00168207 232.444 
-0.00894175 0.150148 0.988623 -71.6573 -0.0130528 0.988561 -0.150257 -23.6662 -0.999875 -0.0142478 -0.00687961 232.445 
-0.0160255 0.151907 0.988265 -70.5564 -0.0143944 0.988254 -0.152139 -23.8509 -0.999768 -0.0166636 -0.0136507 232.444 
-0.0208351 0.155681 0.987588 -69.4742 -0.0138354 0.987663 -0.155985 -24.0474 -0.999687 -0.0169136 -0.0184242 232.419 
-0.0311059 0.166798 0.9855 -67.3476 -0.0149253 0.98579 -0.167318 -24.429 -0.999405 -0.0199135 -0.0281744 232.385 
-0.0374552 0.149259 0.988088 -65.2229 -0.0119887 0.988644 -0.149797 -24.799 -0.999226 -0.0174566 -0.0352405 232.341 
-0.0390277 0.147688 0.988264 -63.1523 -0.0133875 0.988851 -0.148305 -25.1438 -0.999148 -0.0190184 -0.0366154 232.286 
-0.036965 0.153309 0.987487 -61.1187 -0.0157901 0.987949 -0.153972 -25.4913 -0.999192 -0.021284 -0.0340988 232.236 
-0.0352641 0.153746 0.987481 -60.1097 -0.0186722 0.987822 -0.154466 -25.6679 -0.999204 -0.0238855 -0.0319639 232.218 
-0.0306726 0.155807 0.987311 -59.1106 -0.0177986 0.987534 -0.156395 -25.8375 -0.999371 -0.0223698 -0.0275171 232.175 
-0.0271874 0.156636 0.987282 -58.1149 -0.0207203 0.987347 -0.157217 -26.0133 -0.999416 -0.0247311 -0.0235978 232.164 
-0.021562 0.157477 0.987287 -57.1264 -0.02303 0.987177 -0.157962 -26.1907 -0.999502 -0.0261432 -0.0176588 232.132 
-0.0157933 0.156846 0.987497 -56.1328 -0.0243061 0.987268 -0.157199 -26.357 -0.99958 -0.0264848 -0.0117799 232.138 
-0.00924932 0.155485 0.987795 -55.1421 -0.0234841 0.987531 -0.155663 -26.5346 -0.999681 -0.0246372 -0.00548257 232.147 
-0.00111411 0.154539 0.987986 -54.1677 -0.0217674 0.987749 -0.154527 -26.7149 -0.999762 -0.021678 0.00226346 232.134 
0.00658294 0.155599 0.987798 -53.1926 -0.0205418 0.987632 -0.155436 -26.883 -0.999767 -0.0192679 0.0096978 232.147 
0.0135647 0.15546 0.987749 -52.2162 -0.0217109 0.987653 -0.155147 -27.0492 -0.999672 -0.0193404 0.0167724 232.161 
0.0202766 0.154372 0.987805 -51.2408 -0.0231861 0.987815 -0.153897 -27.2169 -0.999526 -0.0197828 0.0236088 232.179 
0.026838 0.15193 0.988027 -50.2684 -0.024823 0.988179 -0.151279 -27.3911 -0.999332 -0.0204657 0.0302921 232.218 
0.0332239 0.15054 0.988045 -49.2994 -0.0258811 0.988389 -0.149722 -27.5529 -0.999113 -0.0205974 0.0367343 232.273 
0.0399623 0.150821 0.987753 -48.3384 -0.0261712 0.988362 -0.149855 -27.7201 -0.998858 -0.0198622 0.0434443 232.326 
0.0462195 0.153193 0.987115 -47.3798 -0.0266018 0.988009 -0.152086 -27.8797 -0.998577 -0.0192297 0.0497404 232.387 
0.0527305 0.154832 0.986533 -46.4223 -0.0270678 0.987766 -0.153579 -28.036 -0.998242 -0.018605 0.0562764 232.454 
0.0591979 0.155893 0.985999 -45.4676 -0.0295272 0.987572 -0.154369 -28.2087 -0.997809 -0.0199755 0.0630653 232.519 
0.0663814 0.156635 0.985423 -44.5154 -0.0315614 0.987437 -0.154829 -28.366 -0.997295 -0.0208236 0.070491 232.583 
0.0729409 0.156319 0.98501 -43.5644 -0.0328907 0.98748 -0.154275 -28.5297 -0.996794 -0.0211447 0.0771691 232.666 
0.0796848 0.15393 0.984863 -42.6158 -0.0335659 0.987859 -0.151682 -28.6903 -0.996255 -0.020971 0.0838841 232.754 
0.0857653 0.152803 0.984528 -41.6688 -0.0359745 0.988 -0.150208 -28.8483 -0.995666 -0.0225353 0.0902331 232.861 
0.0918551 0.151859 0.984125 -40.7246 -0.0367561 0.988146 -0.149049 -29.0132 -0.995094 -0.0224817 0.0963481 232.966 
0.0984092 0.153472 0.983241 -39.7841 -0.0374993 0.987907 -0.150447 -29.1617 -0.994439 -0.0220655 0.102974 233.077 
0.105694 0.153819 0.98243 -38.845 -0.0355687 0.987916 -0.150852 -29.3178 -0.993762 -0.0189995 0.109888 233.183 
0.115523 0.155988 0.98098 -37.9101 -0.0343829 0.987629 -0.152996 -29.4668 -0.99271 -0.0160544 0.119457 233.288 
0.125428 0.158259 0.979399 -36.9831 -0.0342638 0.987297 -0.155147 -29.6219 -0.991511 -0.0140981 0.129257 233.415 
0.135114 0.159475 0.977912 -36.0607 -0.0350535 0.987114 -0.156133 -29.7823 -0.99021 -0.0131835 0.138963 233.545 
0.142291 0.158262 0.977091 -35.1439 -0.0373564 0.98729 -0.154474 -29.9411 -0.98912 -0.0145203 0.146395 233.696 
0.147383 0.156698 0.976588 -34.2242 -0.0396004 0.987514 -0.152475 -30.0975 -0.988286 -0.0162011 0.151748 233.846 
0.150623 0.157207 0.976011 -33.3018 -0.0424569 0.987393 -0.152488 -30.2546 -0.987679 -0.0184701 0.155399 234.005 
0.153749 0.159083 0.97522 -32.378 -0.0420009 0.987115 -0.154402 -30.4087 -0.987217 -0.0172209 0.15845 234.167 
0.15657 0.160273 0.974576 -31.4495 -0.041409 0.986943 -0.155654 -30.5658 -0.986798 -0.0159854 0.161163 234.338 
0.159211 0.15988 0.974213 -30.5132 -0.0412071 0.987016 -0.155247 -30.7301 -0.986384 -0.0154275 0.163732 234.507 
0.162185 0.159395 0.973802 -29.5722 -0.0398587 0.98712 -0.154937 -30.8963 -0.985955 -0.0136861 0.166449 234.675 
0.165296 0.160423 0.973109 -28.6281 -0.0398898 0.986962 -0.155931 -31.0529 -0.985437 -0.0130423 0.16954 234.85 
0.168794 0.160995 0.972414 -27.6792 -0.0402383 0.986873 -0.156404 -31.2143 -0.98483 -0.0127281 0.173057 235.026 
0.172368 0.159096 0.9721 -26.7282 -0.0402119 0.987184 -0.154434 -31.3745 -0.984212 -0.0124705 0.176556 235.208 
0.176031 0.155189 0.972075 -25.7721 -0.0376774 0.987833 -0.150882 -31.5367 -0.983663 -0.0100653 0.179736 235.393 
0.18124 0.153794 0.971339 -24.8137 -0.0368802 0.988064 -0.149561 -31.7021 -0.982747 -0.00871681 0.184749 235.564 
0.187009 0.155316 0.970002 -23.8569 -0.0356952 0.987845 -0.151291 -31.8587 -0.981709 -0.00633158 0.19028 235.756 
0.193236 0.15731 0.968459 -22.9033 -0.0349733 0.98754 -0.153431 -32.0217 -0.980529 -0.0042218 0.19633 235.965 
0.199467 0.15647 0.967331 -21.9468 -0.0353977 0.987675 -0.152462 -32.1843 -0.979265 -0.00383026 0.202547 236.176 
0.207298 0.155551 0.965832 -20.9862 -0.0350244 0.987825 -0.151576 -32.3574 -0.977651 -0.00240631 0.210222 236.379 
0.216006 0.154345 0.964116 -20.0225 -0.0343121 0.988017 -0.150484 -32.5151 -0.975789 -0.000575195 0.218714 236.596 
0.224751 0.154671 0.962062 -19.0849 -0.0330527 0.987964 -0.151113 -32.6873 -0.973856 0.00216402 0.227158 236.836 
0.246657 0.154541 0.956701 -17.193 -0.0306633 0.987953 -0.151684 -33.005 -0.968618 0.00807823 0.248424 237.336 
0.267049 0.15141 0.951714 -15.3209 -0.0342814 0.988448 -0.147635 -33.3353 -0.963073 0.00679974 0.269154 237.883 
0.277699 0.153086 0.948392 -14.3826 -0.0373482 0.988196 -0.148575 -33.4916 -0.959942 0.00583844 0.280139 238.16 
0.287439 0.155678 0.945062 -13.4537 -0.0385741 0.987783 -0.150984 -33.6444 -0.957022 0.00694367 0.289933 238.466 
0.297469 0.156966 0.94174 -12.5351 -0.0441819 0.987599 -0.150653 -33.8095 -0.953709 0.00320691 0.300715 238.778 
0.307489 0.156354 0.938618 -11.6095 -0.0466598 0.987699 -0.149245 -33.9655 -0.950407 0.00209532 0.311002 239.087 
0.316823 0.154835 0.935762 -10.6868 -0.0482607 0.987939 -0.147129 -34.1333 -0.947256 0.00145312 0.320474 239.397 
0.332578 0.152325 0.930693 -8.85266 -0.0499343 0.988329 -0.143915 -34.4547 -0.941753 0.00138944 0.336303 240.065 
0.341216 0.15046 0.927865 -7.93456 -0.0509128 0.988616 -0.141588 -34.6144 -0.938605 0.00107189 0.344992 240.39 
0.350097 0.150555 0.924535 -7.02383 -0.0528008 0.988601 -0.140994 -34.7683 -0.935224 0.000545265 0.354056 240.721 
0.359115 0.151296 0.920948 -6.11758 -0.0522202 0.988484 -0.142029 -34.925 -0.931831 0.00291251 0.36288 241.063 
0.367182 0.152716 0.917527 -5.22691 -0.0530897 0.988263 -0.143243 -35.0758 -0.928633 0.00388516 0.37098 241.432 
0.374775 0.152045 0.914563 -4.34873 -0.0556314 0.988371 -0.141518 -35.2353 -0.925445 0.00215901 0.378875 241.817 
0.382887 0.150616 0.911434 -3.4729 -0.0557492 0.988588 -0.139946 -35.3868 -0.922111 0.00277178 0.386915 242.201 
0.391715 0.148903 0.907958 -2.60528 -0.0578239 0.988851 -0.137223 -35.5379 -0.918268 0.00125057 0.395958 242.586 
0.400131 0.145358 0.904857 -1.7409 -0.0578115 0.989379 -0.133371 -35.6823 -0.914633 0.00105473 0.404285 242.985 
0.409903 0.141797 0.90104 -0.86596 -0.0569376 0.989894 -0.129878 -35.8238 -0.91035 0.00193417 0.413834 243.368 
0.419535 0.142518 0.896482 -0.0102831 -0.059806 0.989792 -0.129364 -35.9391 -0.905767 0.00065761 0.423776 243.74 
0.427431 0.142729 0.89271 0.826513 -0.0625104 0.989761 -0.128316 -36.0825 -0.901884 -0.000957444 0.431976 244.169 
0.435302 0.141228 0.889138 1.65669 -0.063923 0.989975 -0.125949 -36.2195 -0.898012 -0.00201064 0.439965 244.597 
0.443426 0.140318 0.885259 2.4877 -0.0649195 0.990104 -0.124418 -36.3555 -0.893957 -0.00230024 0.448147 245.034 
0.460314 0.140239 0.87661 4.12734 -0.0662085 0.990117 -0.123631 -36.6199 -0.885284 -0.00112984 0.465049 245.909 
0.468455 0.140657 0.872219 4.93452 -0.066616 0.990058 -0.123882 -36.746 -0.880972 -7.03617e-05 0.473168 246.359 
0.483519 0.137782 0.864422 6.53894 -0.067915 0.990462 -0.119884 -36.9985 -0.872695 -0.000741198 0.488265 247.294 
0.494549 0.133275 0.858871 8.14494 -0.069252 0.991074 -0.113914 -37.2446 -0.866386 -0.00314253 0.499365 248.245 
0.498396 0.131025 0.856991 8.94707 -0.0701825 0.991367 -0.110754 -37.3613 -0.864104 -0.00494658 0.503289 248.73 
0.503436 0.127606 0.854558 9.76551 -0.0712061 0.991797 -0.10615 -37.4968 -0.861094 -0.00741003 0.508392 249.198 
0.507212 0.12351 0.852925 11.3828 -0.0726704 0.992282 -0.100474 -37.7269 -0.858752 -0.0110205 0.512273 250.201 
0.508918 0.124941 0.8517 12.1946 -0.0739188 0.992099 -0.101368 -37.8348 -0.857635 -0.0113686 0.514132 250.691 
0.510446 0.126636 0.850534 12.9974 -0.0739729 0.991897 -0.103289 -37.945 -0.856722 -0.0101928 0.515678 251.194 
0.512837 0.126665 0.84909 13.8108 -0.0725804 0.991911 -0.104133 -38.0555 -0.855412 -0.0082238 0.517883 251.684 
0.514191 0.125042 0.848512 14.6197 -0.0722355 0.992114 -0.102431 -38.165 -0.854628 -0.00862374 0.519169 252.196 
0.515931 0.122069 0.847888 15.4341 -0.0694155 0.992497 -0.10065 -38.2732 -0.853813 -0.00692833 0.520534 252.694 
0.517105 0.118728 0.847648 16.2444 -0.0688202 0.992893 -0.0970892 -38.3871 -0.853151 -0.00813005 0.521601 253.205 
0.519117 0.115208 0.846903 17.0633 -0.0666188 0.993313 -0.0942899 -38.4958 -0.852103 -0.00747216 0.523321 253.702 
0.520678 0.112212 0.846347 17.8847 -0.0673405 0.993634 -0.0903115 -38.597 -0.851093 -0.0099702 0.52492 254.208 
0.521293 0.112279 0.845959 18.7037 -0.0669841 0.993632 -0.0906025 -38.6903 -0.850745 -0.00943539 0.525494 254.719 
0.522246 0.11159 0.845463 19.5182 -0.0675784 0.9937 -0.0894114 -38.7939 -0.850113 -0.0104402 0.526497 255.226 
0.523772 0.111729 0.8445 20.3473 -0.0689795 0.993669 -0.0886821 -38.9021 -0.849061 -0.011804 0.528162 255.725 
0.523782 0.109811 0.844745 21.1672 -0.0691603 0.993865 -0.086313 -39.0003 -0.84904 -0.0132137 0.528163 256.25 
0.524722 0.10718 0.844499 21.9999 -0.0685569 0.99414 -0.0835744 -39.0943 -0.848508 -0.0140428 0.528996 256.768 
0.524939 0.103448 0.84483 23.6471 -0.0688533 0.994495 -0.0789925 -39.2955 -0.848351 -0.0167031 0.529171 257.847 
0.525776 0.103392 0.844316 24.4761 -0.0707149 0.994462 -0.0777429 -39.3868 -0.847679 -0.0188304 0.530175 258.372 
0.528972 0.0981342 0.842946 26.1271 -0.0691271 0.994973 -0.0724537 -39.5742 -0.845819 -0.0199445 0.533096 259.424 
0.533799 0.0967163 0.840062 27.762 -0.070406 0.995072 -0.0698246 -39.7456 -0.842675 -0.0218731 0.537978 260.488 
0.540026 0.0921048 0.836593 29.3923 -0.0702517 0.995458 -0.0642471 -39.908 -0.838711 -0.024077 0.544044 261.561 
0.550772 0.0874765 0.830059 31.0187 -0.0695675 0.995844 -0.0587875 -40.0676 -0.831752 -0.0253666 0.554568 262.652 
0.563023 0.0871 0.821839 32.6165 -0.068861 0.995917 -0.058374 -40.2127 -0.823568 -0.0237267 0.566722 263.76 
0.575447 0.0847691 0.813434 34.204 -0.070557 0.996051 -0.0538858 -40.3519 -0.81479 -0.026385 0.579156 264.905 
0.582221 0.0812465 0.808961 34.9896 -0.0695935 0.996323 -0.0499764 -40.4194 -0.810046 -0.027201 0.585735 265.487 
0.590572 0.0794373 0.803066 35.7755 -0.0688147 0.996476 -0.0479629 -40.4812 -0.804046 -0.0269372 0.593957 266.061 
0.598764 0.0795998 0.79696 36.5386 -0.0674727 0.996525 -0.0488393 -40.5386 -0.798078 -0.0245298 0.602055 266.661 
0.608555 0.0784467 0.789624 37.3233 -0.0659658 0.996658 -0.0481757 -40.5994 -0.790765 -0.0227707 0.611696 267.257 
0.618065 0.0773943 0.782308 38.0841 -0.0647771 0.996772 -0.0474341 -40.6625 -0.783453 -0.0213582 0.621083 267.855 
0.628559 0.0744509 0.774191 38.8694 -0.0617546 0.997043 -0.0457437 -40.7178 -0.775307 -0.0190572 0.631298 268.469 
