1 1.19763e-11 1.70464e-10 0 1.19763e-11 1 3.5625e-10 -1.11022e-16 1.70464e-10 3.5625e-10 1 2.22045e-16 
0.999996 0.00214564 -0.00204904 -0.0418032 -0.00214643 0.999998 -0.000386347 -0.0841063 0.0020482 0.000390744 0.999998 3.57563 
0.999982 0.0042904 -0.00409898 -0.0836255 -0.0042936 0.999991 -0.000772789 -0.168246 0.00409563 0.000790375 0.999991 7.15277 
0.999969 0.00571877 -0.00546518 -0.111499 -0.00572448 0.999983 -0.00103029 -0.224319 0.0054592 0.00106155 0.999985 9.53676 
0.999941 0.00785928 -0.00751403 -0.1533 -0.00787014 0.999968 -0.0014164 -0.308407 0.00750266 0.00147546 0.999971 13.1119 
0.999905 0.00994267 -0.00955913 -0.195073 -0.00996015 0.999949 -0.00178253 -0.392444 0.00954091 0.00187757 0.999953 16.6876 
0.999893 0.00927013 -0.0113331 -0.237295 -0.00929306 0.999955 -0.00197185 -0.471514 0.0113143 0.00207696 0.999934 20.2702 
0.999862 0.00984956 -0.0133611 -0.288791 -0.00988085 0.999949 -0.00227713 -0.55273 0.013338 0.00240884 0.999908 23.853 
0.999832 0.00925498 -0.0158083 -0.347249 -0.00926459 0.999957 -0.000534481 -0.632943 0.0158027 0.000680849 0.999875 27.4417 
0.999801 0.0074613 -0.0185104 -0.411276 -0.0075089 0.999969 -0.00250366 -0.70872 0.0184912 0.00264216 0.999826 31.0279 
0.999774 0.00740399 -0.0199167 -0.459653 -0.0074443 0.99997 -0.00195049 -0.763253 0.0199017 0.00209831 0.9998 33.4202 
0.999745 0.00646936 -0.021649 -0.536706 -0.00650583 0.999977 -0.00161451 -0.845783 0.0216381 0.00175494 0.999764 37.0093 
0.999747 0.00573009 -0.0217576 -0.590462 -0.00572952 0.999984 8.85133e-05 -0.900111 0.0217577 3.61705e-05 0.999763 39.4055 
0.999739 0.00782238 -0.0214496 -0.675668 -0.00781302 0.999969 0.000520558 -0.977631 0.021453 -0.000352835 0.99977 42.9959 
0.999751 0.0110736 -0.019367 -0.735861 -0.010976 0.999927 0.00514141 -1.02036 0.0194225 -0.00492756 0.999799 45.3956 
0.999827 0.0116071 -0.0145132 -0.80502 -0.0114147 0.999847 0.0132676 -1.06409 0.014665 -0.0130996 0.999807 49.0045 
0.999871 0.0115474 -0.0111836 -0.859463 -0.0114466 0.999894 0.00904029 -1.09829 0.0112868 -0.00891111 0.999897 52.6058 
0.999859 0.010072 -0.0134195 -0.91186 -0.0099677 0.99992 0.00781502 -1.14315 0.0134972 -0.00768015 0.999879 56.2203 
0.999822 0.010094 -0.0159091 -0.956215 -0.00994013 0.999903 0.00972452 -1.17565 0.0160057 -0.00956466 0.999826 58.6326 
0.999786 0.0108011 -0.0176325 -1.03113 -0.0106471 0.999905 0.00880072 -1.22132 0.0177259 -0.0086111 0.999806 62.2456 
0.999789 0.00908306 -0.0184288 -1.10319 -0.00888242 0.999901 0.0109403 -1.2671 0.0185264 -0.0107743 0.99977 65.8504 
0.999762 0.0110335 -0.0188021 -1.15768 -0.0108882 0.99991 0.00781308 -1.29392 0.0188866 -0.0076065 0.999793 68.2411 
0.99971 0.0150043 -0.0188123 -1.21532 -0.0148515 0.999856 0.00823696 -1.32468 0.0189332 -0.00795518 0.999789 70.6262 
0.999699 0.0170654 -0.0176236 -1.26857 -0.0168974 0.999811 0.00963771 -1.35574 0.0177847 -0.00933702 0.999798 73.0022 
0.999836 0.0146383 -0.0106252 -1.32014 -0.0145978 0.999886 0.00388094 -1.40752 0.0106808 -0.0037252 0.999936 76.5408 
0.999881 0.0145024 -0.00525761 -1.33795 -0.0144706 0.999877 0.0060339 -1.4488 0.00534447 -0.00595709 0.999968 78.8946 
0.999885 0.0150247 0.00205161 -1.34229 -0.0150362 0.999871 0.00571294 -1.48583 -0.00196551 -0.00574313 0.999982 81.2345 
0.99988 0.0127292 0.00886334 -1.32387 -0.0127231 0.999919 -0.000739437 -1.53031 -0.00887203 0.000626579 0.999961 83.558 
0.999807 0.0116764 0.0157817 -1.29299 -0.0116789 0.999932 6.52823e-05 -1.58059 -0.0157798 -0.000249582 0.999876 85.877 
0.999574 0.0121248 0.02656 -1.21667 -0.0120245 0.99992 -0.00393573 -1.65616 -0.0266056 0.00361468 0.99964 89.3334 
0.999319 0.0101085 0.0354901 -1.10175 -0.0100514 0.999948 -0.00178757 -1.73609 -0.0355063 0.00142963 0.999368 92.7913 
0.999053 0.00686319 0.0429619 -0.953966 -0.00683001 0.999976 -0.000919247 -1.80954 -0.0429672 0.000624947 0.999076 96.2554 
0.99879 0.00589486 0.0488303 -0.782045 -0.0054781 0.999947 -0.00866424 -1.89164 -0.0488788 0.00838626 0.998769 99.7397 
0.998865 0.005468 0.0473268 -0.607718 -0.00526529 0.999976 -0.00440692 -1.98309 -0.0473498 0.00415272 0.99887 103.279 
0.999189 0.00637717 0.0397667 -0.448327 -0.00625591 0.999975 -0.00317304 -2.06974 -0.0397859 0.00292169 0.999204 106.867 
0.999569 0.00862227 0.028059 -0.329075 -0.00856555 0.999961 -0.00214103 -2.15685 -0.0280764 0.00189977 0.999604 110.492 
0.999851 0.00934745 0.0145022 -0.253779 -0.00934393 0.999956 -0.000310941 -2.24015 -0.0145045 0.000175388 0.999895 114.142 
0.999933 0.0115795 -4.92663e-05 -0.232571 -0.0115796 0.999932 -0.00108376 -2.32757 3.67139e-05 0.00108426 0.999999 117.812 
0.999859 0.0157602 -0.00585855 -0.246444 -0.0157671 0.999875 -0.00113725 -2.38815 0.0058399 0.00122947 0.999982 120.271 
0.999791 0.0188422 -0.00790759 -0.269679 -0.0188506 0.999822 -0.000979368 -2.44463 0.00788773 0.00112823 0.999968 122.742 
0.999667 0.0235682 -0.0104931 -0.316815 -0.0235496 0.999721 0.00189471 -2.52162 0.0105348 -0.00164697 0.999943 126.47 
0.999638 0.0241768 -0.0118416 -0.353204 -0.0241148 0.999695 0.00534702 -2.56129 0.0119673 -0.00505952 0.999916 128.97 
0.999723 0.0188177 -0.0141389 -0.397623 -0.0187331 0.999806 0.00608865 -2.61481 0.0142507 -0.0058221 0.999881 132.733 
0.999843 0.00989517 -0.0147093 -0.443887 -0.00978133 0.999922 0.00779134 -2.66006 0.0147852 -0.00764623 0.999861 136.523 
0.999882 0.00559825 -0.0143058 -0.490815 -0.00550633 0.999964 0.00645657 -2.71132 0.0143414 -0.00637704 0.999877 140.331 
0.99988 0.00859196 -0.0128936 -0.531657 -0.00846348 0.999914 0.00998678 -2.74413 0.0129783 -0.00987645 0.999867 142.88 
0.999892 0.00910511 -0.0114942 -0.586224 -0.0090539 0.999949 0.00449961 -2.79483 0.0115346 -0.00439506 0.999924 146.694 
0.999915 0.00764352 -0.0105907 -0.634443 -0.00768883 0.999961 -0.00424426 -2.87506 0.0105579 0.00432532 0.999935 150.492 
0.999901 0.00893226 -0.0108898 -0.684175 -0.00895768 0.999957 -0.00228766 -2.96991 0.0108688 0.00238498 0.999938 154.288 
0.999874 0.00999207 -0.0123223 -0.740134 -0.0100148 0.999948 -0.00178528 -3.05171 0.0123038 0.00190846 0.999923 158.078 
0.999842 0.0105925 -0.0142772 -0.798967 -0.010612 0.999943 -0.00129639 -3.13526 0.0142626 0.00144769 0.999897 161.864 
0.999799 0.0115564 -0.0163761 -0.867607 -0.0116077 0.999928 -0.00304421 -3.22185 0.0163397 0.00323369 0.999861 165.652 
0.999752 0.0123362 -0.0185243 -0.941804 -0.0123873 0.99992 -0.00264513 -3.31395 0.0184902 0.00287394 0.999825 169.441 
0.9997 0.0132105 -0.020625 -1.02432 -0.0132442 0.999911 -0.00149884 -3.40245 0.0206034 0.00177155 0.999786 173.234 
0.999649 0.0146528 -0.0220779 -1.11197 -0.0147098 0.999889 -0.00241887 -3.49193 0.02204 0.00274279 0.999753 177.026 
0.999687 0.0103064 -0.0227772 -1.19338 -0.01042 0.999934 -0.00487375 -3.58708 0.0227255 0.00510956 0.999729 180.811 
0.999673 0.0103628 -0.0233607 -1.28027 -0.0103012 0.999943 0.00275764 -3.66913 0.0233879 -0.0025161 0.999723 184.593 
0.99965 0.0123045 -0.0234172 -1.34277 -0.0123672 0.99992 -0.00253445 -3.72236 0.0233842 0.00282317 0.999723 187.092 
0.999653 0.0119275 -0.023508 -1.40087 -0.0119497 0.999928 -0.000803738 -3.78186 0.0234967 0.00108437 0.999723 189.586 
0.999676 0.0114353 -0.0227296 -1.45692 -0.0113896 0.999933 0.00213771 -3.83975 0.0227525 -0.00187814 0.999739 192.07 
0.999773 0.010028 -0.0187743 -1.52543 -0.0100574 0.999948 -0.00147379 -3.92931 0.0187585 0.00166228 0.999823 195.761 
0.999851 0.00895475 -0.0147845 -1.57734 -0.00894716 0.99996 0.000579148 -4.02538 0.0147891 -0.000446782 0.999891 199.411 
0.999885 0.00982983 -0.0115409 -1.61957 -0.00981773 0.999951 0.00110458 -4.11261 0.0115512 -0.000991152 0.999933 203.016 
0.99991 0.0101237 -0.00875483 -1.64907 -0.0101128 0.999948 0.00128718 -4.19622 0.00876741 -0.00119853 0.999961 206.553 
0.999931 0.00830088 -0.00828296 -1.67052 -0.00827281 0.99996 0.00341813 -4.27705 0.008311 -0.00334937 0.99996 209.982 
0.999911 0.0091296 -0.00978528 -1.70539 -0.00911522 0.999957 0.00151356 -4.35161 0.00979868 -0.00142423 0.999951 213.275 
0.999882 0.00812922 -0.0130471 -1.74418 -0.00810178 0.999965 0.00215459 -4.42687 0.0130641 -0.00204863 0.999913 216.448 
0.999783 0.00751584 -0.0194553 -1.79655 -0.00740204 0.999955 0.00591479 -4.49424 0.0194989 -0.00576949 0.999793 219.511 
0.999579 0.0085377 -0.027723 -1.8716 -0.00837363 0.999947 0.0060289 -4.5533 0.0277731 -0.00579422 0.999598 222.403 
0.999278 0.0086326 -0.0370029 -1.96323 -0.00845652 0.999952 0.00491251 -4.61388 0.0370435 -0.00459604 0.999303 225.093 
0.998893 0.0120495 -0.0454686 -2.07606 -0.0118789 0.999921 0.00402076 -4.67414 0.0455135 -0.00347619 0.998958 227.589 
0.998877 0.0130127 -0.0455603 -2.18284 -0.0127428 0.9999 0.0062109 -4.72895 0.0456365 -0.00562336 0.998942 229.917 
0.998938 0.0132911 -0.0441086 -2.27881 -0.0132363 0.999911 0.00153503 -4.77892 0.044125 -0.000949568 0.999026 232.116 
0.999116 0.0134701 -0.0398168 -2.3648 -0.0135033 0.999909 -0.000565903 -4.83053 0.0398055 0.00110306 0.999207 234.278 
0.999342 0.0131104 -0.0338217 -2.43716 -0.0131495 0.999913 -0.00093472 -4.88158 0.0338065 0.00137885 0.999428 236.409 
0.999701 0.0109899 -0.0218298 -2.50154 -0.010982 0.99994 0.00048182 -4.94755 0.0218338 -0.00024194 0.999762 239.2 
0.99985 0.0113417 -0.0130489 -2.5282 -0.0113588 0.999935 -0.00123393 -4.99821 0.0130341 0.00138196 0.999914 241.264 
0.999919 0.011816 -0.00476259 -2.54339 -0.011818 0.99993 -0.000381602 -5.04817 0.00475775 0.000437855 0.999989 243.356 
0.999932 0.011576 0.00154232 -2.54662 -0.0115692 0.999923 -0.00438365 -5.09478 -0.00159295 0.00436551 0.999989 245.471 
0.999946 0.0100129 0.00284872 -2.54206 -0.00999282 0.999926 -0.00699183 -5.14519 -0.00291852 0.00696299 0.999972 247.636 
0.999925 0.011761 0.00332098 -2.5422 -0.0117345 0.9999 -0.00786543 -5.18538 -0.00341315 0.00782587 0.999964 249.111 
0.999966 0.00732253 0.00391026 -2.5354 -0.00727648 0.999906 -0.0116644 -5.22737 -0.0039953 0.0116355 0.999924 250.61 
0.999972 0.00563303 0.00484195 -2.52948 -0.00558664 0.999939 -0.00954148 -5.26387 -0.0048954 0.00951417 0.999943 252.145 
0.999931 0.00828298 0.00826515 -2.52283 -0.00827762 0.999965 -0.000683216 -5.31615 -0.00827053 0.000614754 0.999966 254.511 
0.999729 0.0130181 0.0193126 -2.49585 -0.0127962 0.999851 -0.0115665 -5.36441 -0.0194603 0.0113162 0.999747 256.93 
0.999583 0.00615029 0.0282192 -2.42627 -0.00603844 0.999974 -0.00404695 -5.42505 -0.0282434 0.00387486 0.999594 259.43 
0.999304 0.00863166 0.03629 -2.34791 -0.00835191 0.999934 -0.00785311 -5.48851 -0.0363554 0.00754455 0.99931 261.94 
0.999077 0.00986067 0.0418032 -2.28274 -0.00960269 0.999934 -0.00636774 -5.5333 -0.0418632 0.00596044 0.999106 263.621 
0.998782 0.0119276 0.0478698 -2.21167 -0.0117293 0.999921 -0.00442053 -5.58017 -0.0479187 0.00385367 0.998844 265.303 
0.998464 0.00718835 0.0549306 -2.07093 -0.00692358 0.999964 -0.00500896 -5.64239 -0.0549646 0.00462095 0.998478 267.834 
0.998366 0.00484879 0.0569318 -1.92383 -0.0045818 0.999978 -0.00481941 -5.70592 -0.0569539 0.00455068 0.998366 270.382 
0.99846 0.00500763 0.0552475 -1.78334 -0.00476577 0.999978 -0.00450878 -5.77311 -0.0552689 0.00423854 0.998463 272.943 
0.998695 0.0070106 0.0505903 -1.66066 -0.0066944 0.999957 -0.00641686 -5.83588 -0.0506331 0.00606981 0.998699 275.503 
0.998868 0.00861346 0.046776 -1.58558 -0.00833855 0.999947 -0.00606901 -5.87971 -0.0468258 0.0056721 0.998887 277.204 
0.999363 0.00582291 0.0351951 -1.48931 -0.00581906 0.999983 -0.000211965 -5.94192 -0.0351957 7.02846e-06 0.99938 279.735 
0.999766 0.00442697 0.0211729 -1.43189 -0.00448163 0.999987 0.00253453 -5.99441 -0.0211614 -0.00262882 0.999773 282.203 
0.999959 0.00344834 0.00839104 -1.41125 -0.00346866 0.999991 0.00240803 -6.04017 -0.00838266 -0.00243704 0.999962 284.555 
0.999991 0.00266362 -0.00344064 -1.42342 -0.00265706 0.999995 0.0019098 -6.08512 0.0034457 -0.00190064 0.999992 286.744 
0.999719 0.00628369 -0.0228721 -1.47765 -0.00635626 0.999975 -0.00310117 -6.1326 0.022852 0.00324568 0.999734 288.751 
0.997996 0.00756368 -0.06282 -1.59716 -0.00778981 0.999964 -0.00335535 -6.18245 0.0627924 0.00383798 0.998019 290.628 
0.991448 0.013381 -0.129815 -1.83449 -0.0137845 0.999903 -0.0022104 -6.22425 0.129772 0.00398093 0.991536 292.379 
0.975195 0.0163635 -0.220744 -2.20954 -0.0163356 0.999865 0.00195183 -6.25767 0.220746 0.00170258 0.97533 293.998 
0.943122 0.0199169 -0.331848 -2.73939 -0.0176741 0.999796 0.00977555 -6.29763 0.331975 -0.00335442 0.943282 295.467 
0.868843 0.0205875 -0.49466 -3.68733 -0.0137525 0.999753 0.0174538 -6.32823 0.494897 -0.00836182 0.868911 297.164 
0.782848 0.0220978 -0.621821 -4.58632 -0.0104315 0.999695 0.0223937 -6.33944 0.622126 -0.0110443 0.782839 298.262 
0.666117 0.0204804 -0.745566 -5.63558 0.00186837 0.999574 0.0291272 -6.34398 0.745845 -0.0207951 0.665794 299.167 
0.51501 0.0317447 -0.856596 -6.80887 0.00190339 0.999269 0.0381764 -6.33128 0.857182 -0.0212917 0.514573 299.805 
0.345398 0.0409151 -0.937564 -8.02723 0.0007943 0.999036 0.0438904 -6.30458 0.938456 -0.0159044 0.345033 300.181 
0.165841 0.0515813 -0.984803 -9.27029 0.00873268 0.998515 0.0537701 -6.27121 0.986114 -0.0175172 0.165144 300.329 
-0.0286115 0.0676125 -0.997301 -10.5813 0.0145099 0.997633 0.0672187 -6.22432 0.999485 -0.0125475 -0.0295249 300.229 
-0.227627 0.0866127 -0.969889 -11.9432 0.0251397 0.996227 0.0830646 -6.15018 0.973424 -0.00547504 -0.228945 299.798 
-0.412246 0.0944947 -0.906159 -13.3109 0.0393319 0.995525 0.0859204 -6.06377 0.910223 -0.000220522 -0.414118 299.143 
-0.566104 0.0948009 -0.818864 -14.6631 0.0485279 0.995475 0.0816987 -5.95012 0.822904 0.00651222 -0.568143 298.181 
-0.680915 0.105633 -0.724704 -16.0243 0.0643617 0.994346 0.0844632 -5.83093 0.729529 0.0108691 -0.683864 296.918 
-0.779741 0.110185 -0.616331 -17.3224 0.0764321 0.993782 0.080967 -5.69239 0.62142 0.0160258 -0.783314 295.284 
-0.855053 0.099719 -0.508863 -18.5053 0.0789028 0.994928 0.0623887 -5.55079 0.512503 0.013195 -0.858584 293.35 
-0.913017 0.0936182 -0.397033 -19.5385 0.0779441 0.995413 0.0554726 -5.4355 0.400406 0.0197009 -0.916126 291.079 
-0.954698 0.0996951 -0.280378 -20.3818 0.0882635 0.994679 0.0531413 -5.33047 0.284184 0.0259867 -0.958418 288.505 
-0.979985 0.100218 -0.172006 -20.9774 0.0936763 0.994551 0.0457598 -5.23189 0.175655 0.0287311 -0.984032 285.632 
-0.992432 0.0962251 -0.0762879 -21.307 0.0935178 0.99488 0.0383087 -5.1433 0.0795836 0.0308845 -0.99635 282.521 
-0.995236 0.0952705 -0.020712 -21.3836 0.0945336 0.994939 0.0340426 -5.09207 0.0238504 0.0319224 -0.999206 280.311 
-0.994999 0.0874416 0.048283 -21.2898 0.0890684 0.995491 0.0326315 -5.02153 -0.0452119 0.0367688 -0.998301 276.829 
-0.993718 0.0728344 0.0849721 -21.0019 0.0755538 0.996713 0.0292337 -4.96544 -0.0825636 0.03547 -0.995954 273.207 
-0.993731 0.0674377 0.0891622 -20.7768 0.0703133 0.997088 0.0295097 -4.92746 -0.0869125 0.035594 -0.99558 270.705 
-0.994305 0.0646509 0.0847192 -20.5552 0.0673417 0.9973 0.0292953 -4.88341 -0.0825965 0.0348336 -0.995974 268.136 
-0.995416 0.0615365 0.0732102 -20.2497 0.0640901 0.997397 0.0330559 -4.8177 -0.0709855 0.0375964 -0.996769 264.179 
-0.996221 0.0603663 0.0624424 -20.0709 0.0627769 0.997327 0.0373911 -4.78028 -0.0600183 0.0411698 -0.997348 261.517 
-0.99725 0.0575239 0.0467308 -19.8553 0.0592684 0.997562 0.036842 -4.71799 -0.0444976 0.0395103 -0.998228 257.511 
-0.997895 0.0567492 0.0313836 -19.7034 0.0580563 0.997411 0.0424359 -4.64839 -0.0288942 0.0441686 -0.998606 253.475 
-0.998048 0.0591368 0.0200731 -19.6137 0.0599296 0.997339 0.0415063 -4.55642 -0.0175652 0.0426283 -0.998937 249.416 
-0.998231 0.0581244 0.0125212 -19.5513 0.058564 0.997553 0.0381979 -4.47385 -0.0102703 0.0388636 -0.999192 245.338 
-0.998187 0.0593773 0.00984946 -19.5267 0.0597285 0.997399 0.040346 -4.41134 -0.0074282 0.0408611 -0.999137 242.596 
-0.997981 0.0626714 0.010313 -19.4932 0.0630302 0.997241 0.0392085 -4.317 -0.00782726 0.0397794 -0.999178 238.458 
-0.997732 0.066012 0.0131621 -19.4501 0.0665033 0.996933 0.041247 -4.2238 -0.010399 0.0420287 -0.999062 234.291 
-0.997966 0.0617424 0.015851 -19.3813 0.0623657 0.997151 0.0424197 -4.12114 -0.0131868 0.043322 -0.998974 230.091 
-0.998034 0.0604056 0.016693 -19.3094 0.061015 0.997383 0.0387922 -4.0312 -0.014306 0.0397345 -0.999108 225.871 
-0.997974 0.0612577 0.0171721 -19.2653 0.061909 0.997264 0.0403829 -3.97516 -0.0146514 0.0413642 -0.999037 223.034 
-0.997984 0.0611058 0.0171689 -19.1907 0.0617821 0.997202 0.042095 -3.88454 -0.0145486 0.0430708 -0.998966 218.756 
-0.997889 0.0625505 0.0174596 -19.1149 0.0632531 0.997066 0.043101 -3.78382 -0.0147124 0.0441144 -0.998918 214.452 
-0.997835 0.0634161 0.0174059 -19.0532 0.0640673 0.99715 0.0398286 -3.70667 -0.0148305 0.0408575 -0.999055 211.57 
-0.997866 0.0629366 0.0173792 -18.9904 0.0635988 0.997148 0.0406227 -3.63417 -0.014773 0.0416413 -0.999023 208.672 
-0.997907 0.0622505 0.0175085 -18.9279 0.0629027 0.997236 0.0395545 -3.55915 -0.0149978 0.040573 -0.999064 205.758 
-0.99794 0.0617754 0.0173135 -18.8371 0.062452 0.997176 0.0417199 -3.45304 -0.0146874 0.0427152 -0.998979 201.368 
-0.997888 0.062688 0.0170078 -18.7808 0.0633664 0.997071 0.0428183 -3.38478 -0.0142738 0.0438056 -0.998938 198.44 
-0.998025 0.0609385 0.0152772 -18.7236 0.0615833 0.997039 0.0460573 -3.31386 -0.0124253 0.0469071 -0.998822 195.515 
-0.998162 0.059105 0.0133474 -18.6712 0.0596663 0.997133 0.0465325 -3.24151 -0.0105588 0.0472433 -0.998828 192.6 
-0.998083 0.0609218 0.0108909 -18.6104 0.0613504 0.997115 0.0446967 -3.13828 -0.0081365 0.0452791 -0.998941 188.243 
-0.998131 0.0604498 0.00902349 -18.5605 0.0608012 0.9971 0.0457688 -3.04424 -0.00623061 0.0462318 -0.998911 183.909 
-0.998156 0.0602652 0.00722776 -18.5334 0.0605447 0.996998 0.048264 -2.97727 -0.00429743 0.0486126 -0.998808 181.032 
-0.998199 0.059895 0.00323911 -18.5152 0.0599806 0.997142 0.0459439 -2.90829 -0.000478051 0.0460554 -0.998939 178.175 
-0.998113 0.0613978 -0.000664971 -18.5102 0.0612897 0.996892 0.0495055 -2.83865 0.00370243 0.0493714 -0.998774 175.337 
-0.998024 0.0626469 -0.0048148 -18.5183 0.0623395 0.996867 0.0486763 -2.76955 0.00784914 0.04828 -0.998803 172.537 
-0.997975 0.062982 -0.00888985 -18.5371 0.0624394 0.996699 0.0518804 -2.70136 0.012128 0.0512203 -0.998614 169.792 
-0.997866 0.0640468 -0.0127156 -18.5681 0.063298 0.996615 0.0524611 -2.63353 0.0160325 0.0515443 -0.998542 167.126 
-0.997822 0.0641553 -0.0153698 -18.605 0.0632094 0.996447 0.0556675 -2.56588 0.0188866 0.0545747 -0.998331 164.539 
-0.997807 0.0642404 -0.0159498 -18.6444 0.0632995 0.996545 0.0537756 -2.5028 0.0193493 0.0526481 -0.998426 162.047 
-0.997796 0.0645406 -0.0153892 -18.7004 0.0636388 0.996551 0.0532498 -2.42222 0.0187729 0.0521531 -0.998463 158.493 
-0.997858 0.0639692 -0.0137075 -18.7489 0.0630918 0.99638 0.056978 -2.34737 0.0173027 0.0559911 -0.998281 155.169 
-0.997907 0.0633588 -0.0129065 -18.7779 0.0625592 0.996523 0.0550275 -2.29743 0.0163481 0.0541049 -0.998401 153.088 
-0.997957 0.0627924 -0.0118166 -18.8044 0.062067 0.996606 0.0540838 -2.25235 0.0151726 0.0532398 -0.998467 151.111 
-0.997934 0.0633379 -0.0107775 -18.8274 0.0626438 0.996479 0.0557219 -2.20994 0.0142688 0.0549317 -0.998388 149.24 
-0.998009 0.0624197 -0.00907076 -18.8548 0.0618204 0.996529 0.0557508 -2.1442 0.0125192 0.055079 -0.998403 146.599 
-0.997672 0.0677028 -0.00815838 -18.8824 0.0672119 0.996478 0.0501328 -2.07834 0.0115238 0.0494677 -0.998709 144.104 
-0.997589 0.0689579 -0.00781221 -18.9013 0.068504 0.996485 0.0482197 -2.02299 0.0111099 0.0475683 -0.998806 141.752 
-0.997558 0.0692891 -0.00880415 -18.9195 0.0687757 0.996418 0.0492041 -1.97456 0.0121819 0.0484784 -0.99875 139.499 
-0.997204 0.0739792 -0.0105095 -18.9546 0.0734402 0.996295 0.0447485 -1.91499 0.013781 0.0438516 -0.998943 136.621 
-0.997312 0.0721261 -0.0129272 -18.9831 0.0716097 0.996756 0.0367359 -1.86792 0.0155349 0.0357114 -0.999241 133.82 
-0.997667 0.0667203 -0.0144539 -19.0074 0.0661229 0.997069 0.0384778 -1.82356 0.0169788 0.0374323 -0.999155 131.06 
-0.99785 0.0639143 -0.0144844 -19.0298 0.0635588 0.997694 0.0238037 -1.79041 0.0159724 0.0228319 -0.999612 128.995 
-0.99846 0.0543389 -0.0111999 -19.0369 0.053955 0.998026 0.0321262 -1.76235 0.0129236 0.0314724 -0.999421 126.832 
-0.998583 0.0531416 -0.00285605 -19.0406 0.0530315 0.998136 0.0302135 -1.72188 0.00445632 0.0300192 -0.999539 124.575 
-0.998732 0.0498256 0.00723671 -19.0174 0.0500668 0.998014 0.0382285 -1.67161 -0.00531758 0.0385423 -0.999243 122.172 
-0.998351 0.054468 0.0181132 -18.9811 0.0551539 0.997684 0.0398066 -1.60683 -0.0159031 0.04074 -0.999043 119.622 
-0.997796 0.0591212 0.0301125 -18.9125 0.060193 0.997536 0.0360261 -1.53944 -0.0279085 0.0377593 -0.998897 116.921 
-0.996992 0.0646659 0.0427162 -18.8074 0.0663674 0.997005 0.0396925 -1.47269 -0.0400215 0.0424081 -0.998298 114.057 
-0.996159 0.0681779 0.0549391 -18.6547 0.0700116 0.997027 0.0321729 -1.40278 -0.0525822 0.0358957 -0.997971 111.05 
-0.995901 0.067266 0.0604637 -18.4584 0.0691318 0.997177 0.0293123 -1.34335 -0.0583213 0.0333721 -0.99774 107.885 
-0.995718 0.0703541 0.0599628 -18.2568 0.072024 0.99706 0.0261548 -1.28814 -0.0579464 0.0303616 -0.997858 104.562 
-0.995839 0.069408 0.0590507 -18.045 0.0714282 0.996906 0.0328159 -1.21998 -0.0565903 0.0368972 -0.997715 101.074 
-0.996093 0.0671447 0.0573521 -17.825 0.0690053 0.997131 0.0310997 -1.15122 -0.0550995 0.0349358 -0.997869 97.4478 
-0.99629 0.0670092 0.054 -17.6127 0.0690018 0.99697 0.0359199 -1.07749 -0.0514294 0.0395127 -0.997895 93.6775 
-0.996925 0.062717 0.0469784 -17.41 0.0643324 0.997359 0.0336984 -0.999006 -0.0447409 0.036617 -0.998327 89.7748 
-0.997034 0.0652185 0.0408576 -17.2933 0.0660695 0.997618 0.0198344 -0.958478 -0.0394667 0.0224751 -0.998968 87.1097 
-0.997277 0.0644023 0.0359441 -17.1883 0.0656562 0.997233 0.0348659 -0.921829 -0.0335992 0.0371309 -0.998745 84.3517 
-0.997558 0.0626721 0.0308257 -17.0909 0.0637044 0.997399 0.033727 -0.862118 -0.0286318 0.0356083 -0.998956 81.5532 
-0.997629 0.0635591 0.0263751 -17.0091 0.0644264 0.997362 0.0334496 -0.805378 -0.0241795 0.0350695 -0.999092 78.6838 
-0.997592 0.0655743 0.0225991 -16.9389 0.0663481 0.997169 0.0353853 -0.74786 -0.0202147 0.0367995 -0.999118 75.7575 
-0.997805 0.0636037 0.0184137 -16.8736 0.0643123 0.997093 0.0408589 -0.688618 -0.0157614 0.0419534 -0.998995 72.8087 
-0.997897 0.0631123 0.0147713 -16.8211 0.0637243 0.996931 0.0454778 -0.626696 -0.0118558 0.0463234 -0.998856 69.8619 
-0.997897 0.0638462 0.0111938 -16.7602 0.0642777 0.996973 0.0437352 -0.530047 -0.00836763 0.0443627 -0.998981 65.4569 
-0.997985 0.062682 0.00984662 -16.7237 0.0630589 0.997026 0.0442963 -0.466239 -0.00704076 0.0448279 -0.99897 62.5225 
-0.997929 0.0637153 0.00879245 -16.6926 0.0640337 0.997038 0.0425953 -0.402897 -0.00605243 0.0430702 -0.999054 59.5885 
-0.997885 0.0643599 0.00910214 -16.6607 0.0647355 0.996656 0.0498695 -0.331875 -0.0058621 0.0503533 -0.998714 56.651 
-0.997881 0.0641922 0.0106616 -16.6229 0.0646141 0.996869 0.0455863 -0.25535 -0.0077019 0.0461786 -0.998904 53.7352 
-0.997948 0.0628669 0.0121345 -16.5778 0.0633178 0.99714 0.0412669 -0.195088 -0.00950543 0.0419506 -0.999074 50.8207 
-0.997905 0.0632512 0.0136152 -16.5315 0.0638097 0.996925 0.0454833 -0.136119 -0.0106965 0.0462568 -0.998872 47.9114 
-0.998028 0.0610291 0.0146873 -16.4782 0.0616807 0.996892 0.0489985 -0.0668298 -0.0116513 0.0498078 -0.998691 45.0138 
-0.998053 0.0607866 0.0139933 -16.4254 0.0613146 0.997275 0.0410351 -0.00428615 -0.0114607 0.0418131 -0.99906 42.137 
-0.997947 0.0626403 0.0133342 -16.38 0.063177 0.997006 0.0445851 0.0513988 -0.0105014 0.045336 -0.998917 39.2618 
-0.998065 0.0609454 0.0122986 -16.3325 0.0614373 0.997112 0.0446331 0.111825 -0.00954289 0.0453023 -0.998928 36.3968 
-0.99824 0.0582587 0.0110815 -16.2847 0.0586866 0.997338 0.0432852 0.170682 -0.00853025 0.0438593 -0.999001 33.5444 
-0.998085 0.0609364 0.0106252 -16.2461 0.0613321 0.99723 0.0420795 0.227999 -0.00803158 0.0426506 -0.999058 30.7078 
-0.997895 0.0639842 0.0105794 -16.2128 0.0643942 0.996932 0.0445004 0.286007 -0.0076996 0.0450879 -0.998953 27.8676 
-0.998 0.0624026 0.0101425 -16.1748 0.0627844 0.997095 0.0431327 0.345532 -0.00742147 0.0436832 -0.999018 25.0502 
-0.998187 0.0594563 0.00939459 -16.1341 0.0598079 0.997279 0.0431088 0.404138 -0.00680594 0.0435925 -0.999026 22.2484 
-0.99815 0.0601073 0.00912394 -16.1004 0.0604577 0.997164 0.0448265 0.461558 -0.00640366 0.0452952 -0.998953 19.4725 
-0.998049 0.0617875 0.00894943 -16.0726 0.0621392 0.996978 0.046617 0.52366 -0.00604204 0.0470822 -0.998873 16.7084 
-0.998206 0.059354 0.00785864 -16.0404 0.0596205 0.997431 0.0397066 0.582246 -0.00548171 0.0401039 -0.999181 13.9623 
-0.998613 0.0520647 0.00783009 -15.9999 0.0523338 0.997853 0.0393776 0.627781 -0.00576309 0.0397327 -0.999194 11.2215 
-0.998372 0.0563739 0.0086936 -15.9576 0.0567184 0.997309 0.046461 0.712668 -0.00605102 0.0468784 -0.998882 7.1228 
-0.997939 0.0635082 0.00913385 -15.9388 0.0638699 0.996845 0.0471324 0.778721 -0.00611174 0.0476187 -0.998847 4.40032 
-0.997895 0.0642503 0.0088642 -15.9092 0.0645692 0.997019 0.0422432 0.844665 -0.00612364 0.0427266 -0.999068 1.6761 
-0.998143 0.0603587 0.00826222 -15.8712 0.0606548 0.997268 0.0421595 0.904504 -0.00569496 0.0425823 -0.999077 -1.06317 
-0.998211 0.0592982 0.00765033 -15.8232 0.0595551 0.997445 0.039457 0.987097 -0.00529105 0.039842 -0.999192 -5.19233 
-0.998412 0.0558965 0.00700252 -15.7739 0.0561322 0.997627 0.0398757 1.07072 -0.00475699 0.0402055 -0.99918 -9.35714 
-0.998639 0.0517386 0.00654927 -15.7385 0.0519726 0.997727 0.0428829 1.12967 -0.00431569 0.0431649 -0.999059 -12.1499 
-0.998726 0.0500959 0.00607549 -15.7058 0.0502939 0.997986 0.0386471 1.18872 -0.00412719 0.0389034 -0.999235 -14.951 
-0.998792 0.0487102 0.00648413 -15.6752 0.0489209 0.998089 0.0377468 1.2389 -0.00463308 0.0380184 -0.999266 -17.7644 
-0.998865 0.0471492 0.00675802 -15.6435 0.0473475 0.998333 0.0330146 1.27911 -0.00519014 0.0332971 -0.999432 -20.5842 
-0.998679 0.0508047 0.00766811 -15.6178 0.0510482 0.998052 0.0358622 1.32013 -0.0058312 0.0362063 -0.999327 -23.4244 
-0.998599 0.0521993 0.00862454 -15.5903 0.0524732 0.997996 0.0353532 1.36253 -0.00676185 0.0357562 -0.999338 -26.2678 
-0.998682 0.0505942 0.0085833 -15.554 0.0508564 0.998136 0.033729 1.40128 -0.00686082 0.034121 -0.999394 -29.1154 
-0.998415 0.0552364 0.0107834 -15.5077 0.0556016 0.997761 0.0371614 1.47449 -0.00870662 0.0377021 -0.999251 -33.3961 
-0.998216 0.0585104 0.0119089 -15.4766 0.0589332 0.997502 0.0389542 1.51964 -0.00959994 0.0395865 -0.99917 -36.2445 
-0.997954 0.0627049 0.0125044 -15.4441 0.0631551 0.997217 0.0396206 1.56685 -0.00998519 0.0403293 -0.999137 -39.0822 
-0.997711 0.0663361 0.0130939 -15.4093 0.0668328 0.996877 0.0420756 1.62115 -0.0102619 0.0428544 -0.999029 -41.9139 
-0.997384 0.0710715 0.0131636 -15.3752 0.0714792 0.996874 0.0336483 1.67019 -0.0107311 0.0345012 -0.999347 -44.7246 
-0.997325 0.0718293 0.013504 -15.3378 0.0722703 0.996748 0.0356356 1.71026 -0.0109005 0.0365163 -0.999274 -47.538 
-0.997388 0.0709966 0.0133258 -15.2972 0.0714312 0.99681 0.0356045 1.75778 -0.0107555 0.0364633 -0.999277 -50.3466 
-0.997423 0.0704948 0.013348 -15.2568 0.0709433 0.996801 0.0367963 1.8087 -0.0107114 0.0376484 -0.999234 -53.1527 
-0.997473 0.0700767 0.0117216 -15.2177 0.0704341 0.996953 0.033519 1.85964 -0.00933702 0.0342599 -0.999369 -55.9495 
-0.997444 0.0707486 0.00995904 -15.1841 0.0710564 0.996858 0.0349885 1.90589 -0.00745236 0.0356068 -0.999338 -58.7514 
-0.997412 0.0714185 0.00825047 -15.157 0.0716558 0.996871 0.033369 1.9492 -0.00584149 0.0338738 -0.999409 -61.5494 
-0.997518 0.0700987 0.00660021 -15.128 0.0702877 0.996913 0.0349817 1.98995 -0.00412766 0.0353588 -0.999366 -64.3508 
-0.997609 0.0689224 0.00517194 -15.1012 0.0690631 0.996981 0.0354884 2.03155 -0.00271038 0.0357607 -0.999357 -67.1465 
-0.997552 0.0697597 0.00474988 -15.083 0.0698835 0.996943 0.0349457 2.07123 -0.00229755 0.0351921 -0.999378 -69.9346 
-0.997456 0.0710485 0.00580028 -15.0538 0.0712018 0.996917 0.0329676 2.11708 -0.0034401 0.0332967 -0.99944 -74.0953 
-0.997261 0.0735477 0.00782347 -15.0308 0.0737887 0.996584 0.0370851 2.14655 -0.00506922 0.0375608 -0.999282 -76.8564 
-0.997205 0.0741079 0.00952148 -14.9983 0.0743836 0.996687 0.0329016 2.17982 -0.00705167 0.0335179 -0.999413 -79.5932 
-0.997432 0.0709471 0.00984352 -14.9596 0.0712243 0.996964 0.0314566 2.20092 -0.00758188 0.0320769 -0.999457 -82.3173 
-0.997344 0.0721357 0.0100962 -14.9082 0.0724751 0.996619 0.0387007 2.25086 -0.00727035 0.0393296 -0.9992 -86.384 
-0.997395 0.0715973 0.00874906 -14.874 0.0718637 0.996788 0.035335 2.28236 -0.00619107 0.0358717 -0.999337 -89.0704 
-0.997569 0.0693489 0.00678033 -14.8392 0.0695458 0.996956 0.0352411 2.31115 -0.00431576 0.035627 -0.999356 -91.7411 
-0.997596 0.0690833 0.00540046 -14.8108 0.0692329 0.996958 0.0358045 2.3415 -0.00291055 0.0360923 -0.999344 -94.4004 
-0.997588 0.0692914 0.00413711 -14.787 0.0693957 0.996938 0.0360248 2.37419 -0.00162823 0.036225 -0.999342 -97.0455 
-0.99761 0.0690694 0.00167024 -14.7585 0.0690834 0.996904 0.037534 2.42687 0.000927379 0.0375597 -0.999294 -100.984 
-0.997622 0.0689271 0.000230392 -14.7441 0.068888 0.996932 0.0371479 2.46267 0.00233081 0.0370755 -0.99931 -103.593 
-0.997637 0.068672 -0.0018943 -14.7307 0.0685617 0.997014 0.0355198 2.51495 0.00432787 0.035306 -0.999367 -107.473 
-0.997581 0.0694542 -0.00275607 -14.7273 0.069316 0.996983 0.0349414 2.54739 0.00517458 0.0346659 -0.999386 -110.046 
-0.997581 0.0694796 -0.00230498 -14.7215 0.0693539 0.996957 0.0355917 2.60037 0.00477087 0.0353457 -0.999364 -113.877 
-0.997481 0.0709084 -0.00202276 -14.7178 0.0707866 0.996815 0.0367401 2.6342 0.0046215 0.0365043 -0.999323 -116.411 
-0.997465 0.0711532 -0.00130037 -14.7098 0.0710525 0.996747 0.0380308 2.68566 0.00400216 0.037842 -0.999276 -120.173 
-0.997492 0.0707696 -0.00148602 -14.7029 0.0706628 0.996781 0.0378653 2.71994 0.00416095 0.0376653 -0.999282 -122.645 
-0.99759 0.0693019 -0.00333369 -14.6988 0.0691265 0.996887 0.0379067 2.7515 0.00595031 0.0375849 -0.999276 -125.082 
-0.99774 0.0669436 -0.00574651 -14.6985 0.0666624 0.996977 0.039921 2.78482 0.00840159 0.0394477 -0.999186 -127.485 
-0.997743 0.0666208 -0.00835732 -14.7061 0.0662659 0.997105 0.0372856 2.81753 0.0108171 0.0366476 -0.99927 -129.845 
-0.997649 0.0679462 -0.00892477 -14.719 0.067551 0.996957 0.0389121 2.84869 0.0115415 0.0382177 -0.999203 -132.162 
-0.99747 0.070571 -0.0086098 -14.7333 0.0701496 0.996648 0.0420846 2.88027 0.0115509 0.0413741 -0.999077 -134.417 
-0.997459 0.070694 -0.00888113 -14.7462 0.0702583 0.99663 0.0423454 2.91317 0.0118448 0.0416138 -0.999064 -136.594 
-0.99743 0.0709289 -0.0100921 -14.7585 0.0704023 0.996485 0.0453989 2.94671 0.0132768 0.0445717 -0.998918 -138.687 
-0.997505 0.0692995 -0.0134689 -14.7736 0.0686439 0.996661 0.044213 2.97953 0.0164878 0.0431782 -0.998931 -140.676 
-0.997329 0.0714336 -0.0152585 -14.7974 0.070677 0.996465 0.0454141 3.00678 0.0184487 0.0442143 -0.998852 -142.556 
-0.996956 0.0776416 -0.007091 -14.8233 0.0772658 0.996075 0.0431864 3.04471 0.0104162 0.0425071 -0.999042 -145.155 
-0.9961 0.0854175 0.0220899 -14.7976 0.0862628 0.995442 0.0406577 3.06559 -0.0185163 0.0424047 -0.998929 -146.744 
-0.991659 0.0830197 0.0985923 -14.5993 0.0876565 0.995193 0.0436612 3.08604 -0.0944937 0.0519393 -0.99417 -148.926 
-0.975301 0.0835113 0.204485 -14.2131 0.0920268 0.995227 0.032477 3.08933 -0.200796 0.0504929 -0.978331 -150.833 
-0.935309 0.0828505 0.343995 -13.6085 0.0951721 0.995278 0.0190584 3.07671 -0.340791 0.0505641 -0.938778 -152.477 
-0.859385 0.0802225 0.504997 -12.7772 0.0961686 0.99535 0.0055375 3.03226 -0.502204 0.0533237 -0.863104 -153.874 
-0.743371 0.0736228 0.664815 -11.7165 0.0930533 0.995642 -0.0062104 2.96922 -0.662375 0.0572466 -0.746982 -155.033 
-0.64112 0.0668705 0.764522 -10.9011 0.0890672 0.995948 -0.0124219 2.92644 -0.762255 0.0601299 -0.644478 -155.63 
-0.466543 0.052451 0.882942 -9.56712 0.0728102 0.99713 -0.0207618 2.84459 -0.881497 0.0546009 -0.469023 -156.278 
-0.205912 0.0511896 0.977231 -7.69941 0.061418 0.997338 -0.0393015 2.72269 -0.976641 0.0519269 -0.208508 -156.663 
0.00318504 0.0300787 0.999542 -6.24316 0.0506636 0.998259 -0.0302015 2.64127 -0.998711 0.0507366 0.00165559 -156.617 
0.215344 -0.00253655 0.976535 -4.77901 0.0385675 0.999239 -0.00590934 2.56936 -0.975776 0.0389351 0.215278 -156.244 
0.421523 -0.0148738 0.906695 -3.37534 0.0368797 0.999319 -0.00075217 2.53483 -0.906067 0.0337557 0.421785 -155.554 
0.605961 -0.0273115 0.795026 -2.05796 0.0349979 0.999358 0.00765593 2.51038 -0.794724 0.023185 0.606527 -154.484 
0.753352 -0.0242947 0.657169 -0.898358 0.0346689 0.999395 -0.0027967 2.48705 -0.656703 0.0248902 0.753738 -153.141 
0.866102 -0.0257923 0.499202 0.0623072 0.0305684 0.999532 -0.00139243 2.4569 -0.498932 0.0164658 0.866485 -151.484 
0.944917 -0.0261284 0.326266 0.748482 0.0274394 0.999623 0.000584342 2.42219 -0.326159 0.00840039 0.945278 -149.55 
0.982129 -0.00892197 0.187998 1.16323 0.00989766 0.999942 -0.00425174 2.39343 -0.18795 0.0060365 0.98216 -147.348 
0.996104 -0.00752832 0.0878645 1.40767 0.00762295 0.999971 -0.00074151 2.35947 -0.0878563 0.00140841 0.996132 -144.927 
0.999714 0.00576911 0.0232226 1.46968 -0.00571099 0.99998 -0.00256835 2.31998 -0.023237 0.00243499 0.999727 -142.303 
0.999845 0.0152851 0.00875467 1.47997 -0.0152588 0.999879 -0.00305959 2.2747 -0.00880038 0.00292553 0.999957 -139.492 
0.999888 0.0134044 0.00664639 1.49937 -0.0133989 0.99991 -0.000862366 2.24674 -0.00665736 0.000773215 0.999977 -137.518 
0.999931 0.0117253 0.000685586 1.5045 -0.0117248 0.999931 -0.00073398 2.20569 -0.000694144 0.000725892 1 -134.422 
0.999941 0.00984413 -0.00459016 1.49856 -0.00983727 0.99995 0.00151402 2.15963 0.00460484 -0.00146877 0.999988 -131.16 
0.999922 0.00971968 -0.0077907 1.47002 -0.00972254 0.999953 -0.000329546 2.11115 0.00778713 0.000405266 0.99997 -127.744 
0.999915 0.0107294 -0.00748023 1.43672 -0.0107402 0.999941 -0.00141414 2.05364 0.00746462 0.00149436 0.999971 -124.185 
0.999927 0.0116468 -0.00322154 1.41318 -0.011667 0.999912 -0.00633252 1.9844 0.0031475 0.00636965 0.999975 -120.492 
0.999965 0.00830835 -0.000623979 1.40577 -0.00831346 0.999928 -0.00868108 1.89703 0.000551809 0.00868597 0.999962 -116.657 
0.999968 0.00739242 -0.00294227 1.39673 -0.00742603 0.999905 -0.0115777 1.83206 0.00285641 0.0115992 0.999929 -114.029 
0.999915 0.00704996 -0.0109665 1.3518 -0.00715884 0.999925 -0.00992103 1.73425 0.0108957 0.0099987 0.999891 -109.973 
0.999866 0.00696921 -0.0147768 1.28483 -0.00714461 0.999904 -0.0118506 1.63593 0.0146928 0.0119546 0.999821 -105.791 
0.999821 0.00836419 -0.0169627 1.20221 -0.00857034 0.99989 -0.0121175 1.53005 0.0168595 0.0122607 0.999783 -101.479 
0.99983 0.00954711 -0.0157943 1.11554 -0.00962548 0.999942 -0.00489311 1.43616 0.0157467 0.00504431 0.999863 -97.026 
0.999831 0.0105526 -0.0150376 1.06298 -0.0104497 0.999922 0.00690988 1.39069 0.0151093 -0.00675157 0.999863 -94.0023 
0.999801 0.0131205 -0.0150243 1.00915 -0.0129429 0.999846 0.0118539 1.36142 0.0151775 -0.0116571 0.999817 -90.9823 
0.999822 0.0112986 -0.015085 0.939998 -0.0111744 0.999903 0.00829353 1.31647 0.0151772 -0.00812349 0.999852 -86.4669 
0.999853 0.0109409 -0.01321 0.899547 -0.0107972 0.999882 0.0108983 1.28285 0.0133277 -0.010754 0.999853 -83.4544 
0.999887 0.00892408 -0.0121206 0.867953 -0.00881557 0.999921 0.008977 1.25271 0.0121998 -0.00886913 0.999886 -80.4455 
0.999921 0.00710647 -0.010344 0.825573 -0.00697024 0.999889 0.0131469 1.20796 0.0104363 -0.0130738 0.99986 -75.9344 
0.999923 0.00616292 -0.0108059 0.800315 -0.00601266 0.999885 0.0138836 1.18937 0.0108902 -0.0138176 0.999845 -72.9364 
0.99988 0.00963817 -0.0120959 0.763954 -0.00955552 0.999931 0.00687253 1.1606 0.0121613 -0.00675612 0.999903 -69.956 
0.999868 0.00924534 -0.01334 0.710763 -0.00914295 0.999928 0.00771653 1.1119 0.0134103 -0.00759355 0.999881 -65.4891 
0.999852 0.00626006 -0.0160062 0.658775 -0.0060981 0.99993 0.0101478 1.06748 0.0160686 -0.0100487 0.99982 -61.0454 
0.99979 0.00526822 -0.0198174 0.585664 -0.00503642 0.999919 0.0117287 1.01567 0.0198776 -0.0116264 0.999735 -56.6276 
0.999737 0.00664611 -0.0219689 0.490709 -0.00641283 0.999923 0.0106722 0.984688 0.0220381 -0.0105285 0.999702 -52.2367 
0.999724 0.00772292 -0.0221863 0.392853 -0.00751266 0.999926 0.00954479 0.939187 0.0222583 -0.00937547 0.999708 -47.8694 
0.999757 0.00603406 -0.0212218 0.333567 -0.00582947 0.999936 0.00968956 0.906968 0.0212789 -0.00956349 0.999728 -44.9684 
0.999795 0.003823 -0.0198663 0.280628 -0.00359832 0.999929 0.011333 0.87547 0.0199082 -0.0112592 0.999738 -42.0791 
0.999835 0.00500473 -0.0174609 0.202969 -0.00486423 0.999955 0.00807965 0.825329 0.0175005 -0.00799338 0.999815 -37.7625 
0.999853 0.00890609 -0.0146817 0.132669 -0.00873702 0.999895 0.0115396 0.768286 0.014783 -0.0114096 0.999826 -33.4638 
0.999879 0.00948293 -0.0123754 0.0974608 -0.00936355 0.999909 0.00966938 0.735284 0.0124659 -0.00955232 0.999877 -30.614 
0.999925 0.00915249 -0.00818967 0.0606257 -0.00906823 0.999906 0.0102673 0.678599 0.00828287 -0.0101922 0.999914 -26.356 
0.999917 0.0120946 -0.00436897 0.0372092 -0.0121051 0.999924 -0.00237793 0.602174 0.00433988 0.00243062 0.999988 -22.1399 
0.99994 0.010751 -0.00229564 0.0266974 -0.0107554 0.99994 -0.00190325 0.494739 0.00227504 0.00192782 0.999996 -17.9437 
0.999967 0.00780728 -0.00209357 0.0235453 -0.00781055 0.999968 -0.00155948 0.398755 0.00208133 0.00157578 0.999997 -13.7826 
0.999955 0.00811271 -0.00490875 0.00895588 -0.0081147 0.999967 -0.000384737 0.301604 0.00490547 0.000424554 0.999988 -9.65474 
0.999935 0.00769983 -0.00845656 -0.0204447 -0.00770561 0.99997 -0.00065134 0.210832 0.0084513 0.000716461 0.999964 -5.54803 
0.999934 0.00711778 -0.00907319 -0.0443722 -0.00714658 0.999969 -0.00314525 0.147333 0.00905053 0.00320988 0.999954 -2.81852 
0.999911 0.00902188 -0.0098416 -0.0886426 -0.00904896 0.999955 -0.00271061 0.0459036 0.00981671 0.00279942 0.999948 1.26942 
0.999896 0.00997054 -0.0104697 -0.131883 -0.0099956 0.999947 -0.00234403 -0.0534628 0.0104458 0.00244844 0.999942 5.3441 
0.999896 0.00956685 -0.0108254 -0.160177 -0.00960319 0.999948 -0.00330995 -0.122172 0.0107931 0.00341357 0.999936 8.05983 
0.99988 0.0111967 -0.0107393 -0.192609 -0.0112069 0.999937 -0.000882468 -0.187042 0.0107287 0.00100272 0.999942 10.7711 
0.999889 0.0105664 -0.0104625 -0.235533 -0.0105896 0.999942 -0.00216326 -0.289202 0.010439 0.00227381 0.999943 14.8303 
0.999902 0.00959972 -0.0101858 -0.270914 -0.00961066 0.999953 -0.00102539 -0.393605 0.0101755 0.00112319 0.999948 18.8831 
0.999892 0.010107 -0.010685 -0.309468 -0.0101297 0.999946 -0.00207722 -0.496613 0.0106635 0.00218523 0.999941 22.9265 
0.999882 0.0101429 -0.0115169 -0.338072 -0.0101693 0.999946 -0.00222993 -0.565242 0.0114937 0.00234679 0.999931 25.6135 
0.999887 0.00909072 -0.0119988 -0.383673 -0.00909197 0.999959 -4.90392e-05 -0.661141 0.0119978 0.000158127 0.999928 29.6238 
0.999897 0.00885217 -0.0113103 -0.413998 -0.00886811 0.99996 -0.00135964 -0.724036 0.0112978 0.0014598 0.999935 32.2825 
0.999925 0.00725552 -0.00987332 -0.451537 -0.00725917 0.999974 -0.000333467 -0.820635 0.00987064 0.000405115 0.999951 36.2434 
0.999943 0.00507233 -0.00942728 -0.471855 -0.00506587 0.999987 0.000708524 -0.882457 0.00943075 -0.000660725 0.999955 38.8665 
0.999917 0.00481222 -0.0119837 -0.512504 -0.0047895 0.999987 0.00192473 -0.96857 0.0119928 -0.00186717 0.999926 42.7784 
0.999856 0.00905247 -0.0143666 -0.578258 -0.00890827 0.99991 0.0100698 -1.03853 0.0144564 -0.00994033 0.999846 46.6701 
0.999822 0.00793904 -0.0171234 -0.645636 -0.00771999 0.999888 0.0128205 -1.07581 0.0172233 -0.012686 0.999771 50.5277 
