1 1.19763e-11 1.70464e-10 -5.55111e-17 1.19763e-11 1 3.5625e-10 0 1.70464e-10 3.5625e-10 1 2.22045e-16 
0.999998 -0.00173974 -0.000513058 -0.0217798 0.00174061 0.999997 0.00169691 -0.0415063 0.000510105 -0.0016978 0.999998 2.62563 
0.999993 -0.00370936 -0.00104214 -0.0145556 0.00371018 0.999993 0.000784686 -0.0841901 0.00103922 -0.000788547 0.999999 5.25708 
0.999983 -0.00566581 -0.00113129 0.000782908 0.0056692 0.999979 0.00301039 -0.12873 0.00111421 -0.00301675 0.999995 7.9097 
0.999987 -0.0046838 -0.00194175 -0.015725 0.0046873 0.999987 0.00180163 -0.167979 0.00193328 -0.00181071 0.999996 10.5732 
0.999996 0.00288422 -9.52312e-05 -0.0722299 -0.00288436 0.999995 -0.00145352 -0.211463 9.10385e-05 0.00145379 0.999999 13.2468 
0.999984 0.00562359 -0.000284504 -0.0792565 -0.00562375 0.999984 -0.000548756 -0.262535 0.000281414 0.000550348 1 15.932 
0.999999 -0.0010091 -0.000115348 -0.0931818 0.00100959 0.99999 0.00434006 -0.308877 0.000110967 -0.00434017 0.999991 18.637 
0.999988 -0.00491257 -0.000626423 -0.0937682 0.00491265 0.999988 0.000133769 -0.347382 0.000625758 -0.000136845 1 21.3428 
0.999999 -0.00122669 0.0003003 -0.110283 0.00122656 0.999999 0.000446188 -0.389002 -0.000300848 -0.000445819 1 24.0752 
0.999995 -0.00309172 0.000867505 -0.108119 0.00308643 0.999977 0.00604305 -0.429554 -0.000886168 -0.00604034 0.999981 26.8264 
0.999981 -0.00618919 0.000726572 -0.111395 0.00618765 0.999979 0.00210271 -0.466791 -0.000739571 -0.00209817 0.999998 29.5769 
0.999996 -0.00106034 0.00253159 -0.142476 0.00106378 0.999999 -0.00135602 -0.507402 -0.00253015 0.0013587 0.999996 32.3322 
0.999998 0.000319606 0.00206984 -0.148277 -0.000313726 0.999996 -0.00284058 -0.556709 -0.00207074 0.00283993 0.999994 35.1018 
0.999998 0.000782902 0.00157443 -0.198361 -0.000782633 1 -0.00017135 -0.589358 -0.00157456 0.000170118 0.999999 37.906 
0.999991 0.00402639 0.00133037 -0.25849 -0.004026 0.999992 -0.000297177 -0.61099 -0.00133156 0.000291818 0.999999 40.6947 
0.999964 0.00844572 0.0010954 -0.262324 -0.00844547 0.999964 -0.000232991 -0.6589 -0.00109733 0.000223731 0.999999 43.5096 
0.999978 0.0066519 0.000291476 -0.279957 -0.00665178 0.999978 -0.000421618 -0.715309 -0.000294274 0.00041967 1 46.3286 
0.999978 0.00653991 -0.00142158 -0.297176 -0.00653867 0.999978 0.000878566 -0.76503 0.00142729 -0.000869251 0.999999 49.1637 
0.999955 0.00911424 -0.00273391 -0.324225 -0.00911247 0.999958 0.000659608 -0.804696 0.00273981 -0.000634665 0.999996 52.0177 
0.999962 0.00742459 -0.00452911 -0.338758 -0.00741244 0.999969 0.00269259 -0.856919 0.00454896 -0.00265892 0.999986 54.8766 
0.999978 0.00379882 -0.00548398 -0.352053 -0.00378758 0.999991 0.00205731 -0.887109 0.00549175 -0.0020365 0.999983 57.7374 
0.999988 0.00125306 -0.0048318 -0.379311 -0.00124042 0.999996 0.00261617 -0.921416 0.00483505 -0.00261014 0.999985 60.5923 
0.999991 -0.00174925 -0.00374778 -0.423925 0.00176053 0.999994 0.00300942 -0.96506 0.00374249 -0.003016 0.999988 63.441 
0.999994 -0.00204635 -0.0027416 -0.447984 0.00205068 0.999997 0.00157702 -1.00954 0.00273836 -0.00158263 0.999995 66.279 
0.999997 0.00173406 -0.00151408 -0.487324 -0.00173036 0.999996 0.00244682 -1.04966 0.00151832 -0.00244419 0.999996 69.1058 
0.999962 0.00876078 -0.000365434 -0.508463 -0.00875903 0.999951 0.0045218 -1.09855 0.000405031 -0.00451843 0.99999 71.9275 
0.999864 0.0164887 0.000846322 -0.522577 -0.0164914 0.999859 0.00326779 -1.12989 -0.000792321 -0.0032813 0.999994 74.7248 
0.99985 0.0172783 0.000995712 -0.523326 -0.0172821 0.999843 0.00387348 -1.1771 -0.000928629 -0.00389011 0.999992 77.5308 
0.999886 0.0150921 0.000797669 -0.521565 -0.0150942 0.999883 0.0026214 -1.22109 -0.000758013 -0.00263314 0.999996 80.3128 
0.999885 0.0151526 0.000440812 -0.54346 -0.0151537 0.999882 0.00270726 -1.27365 -0.000399738 -0.00271363 0.999996 83.0849 
0.999859 0.0167758 -0.000587965 -0.552088 -0.0167742 0.999856 0.00268473 -1.32836 0.000632919 -0.00267449 0.999996 85.8539 
0.999896 0.0141712 -0.00259369 -0.580703 -0.0141602 0.999891 0.00418831 -1.3622 0.00265276 -0.00415115 0.999988 88.6105 
0.999943 0.0100496 -0.00368994 -0.596749 -0.0100317 0.999938 0.0048281 -1.40646 0.00373823 -0.00479081 0.999982 91.3629 
0.999964 0.00725793 -0.00440706 -0.631527 -0.00723982 0.999965 0.00411117 -1.45307 0.00443674 -0.00407911 0.999982 94.0908 
0.999967 0.00671781 -0.00448919 -0.647493 -0.00670247 0.999972 0.00342412 -1.50319 0.00451206 -0.00339392 0.999984 96.801 
0.999954 0.00876533 -0.00392017 -0.684496 -0.00875373 0.999957 0.00296877 -1.5433 0.00394602 -0.00293432 0.999988 99.5024 
0.999943 0.00881665 -0.00597979 -0.667047 -0.00878381 0.999946 0.00549556 -1.57935 0.00602792 -0.00544272 0.999967 102.182 
0.999951 0.00823994 -0.005533 -0.695371 -0.00823106 0.999965 0.00162614 -1.62041 0.00554621 -0.00158052 0.999983 104.861 
0.999974 0.00440959 -0.00577902 -0.723595 -0.00439994 0.999989 0.00168287 -1.66046 0.00578638 -0.0016574 0.999982 107.537 
0.999987 -0.000964128 -0.00505599 -0.744308 0.000986625 0.99999 0.00444895 -1.71319 0.00505165 -0.00445388 0.999977 110.216 
0.999991 -5.31015e-05 -0.00419156 -0.757784 5.593e-05 1 0.00067469 -1.75366 0.00419152 -0.000674919 0.999991 112.875 
0.999989 0.00348234 -0.00327059 -0.763294 -0.00348748 0.999993 -0.00156565 -1.79641 0.00326512 0.00157703 0.999993 115.517 
0.99999 0.00413513 -0.00181691 -0.765851 -0.00413044 0.999988 0.00257558 -1.84585 0.00182753 -0.00256805 0.999995 118.183 
0.999995 0.00309163 -0.000540673 -0.75262 -0.00309022 0.999992 0.00258595 -1.88472 0.000548663 -0.00258427 0.999997 120.852 
0.999964 0.00821532 0.00232849 -0.774532 -0.00821856 0.999965 0.00138299 -1.91192 -0.00231704 -0.00140208 0.999996 123.584 
0.999964 0.00790484 0.0032201 -0.760711 -0.00790265 0.999969 -0.000691934 -1.95441 -0.00322547 0.000666462 0.999995 126.293 
0.999976 0.00535337 0.00446311 -0.751396 -0.00535436 0.999986 0.000209828 -2.00886 -0.00446192 -0.00023372 0.99999 129.008 
0.999974 0.00368687 0.00624245 -0.771555 -0.00369689 0.999992 0.00159446 -2.05747 -0.00623652 -0.0016175 0.999979 131.719 
0.999979 0.000690088 0.00638565 -0.782405 -0.000707145 0.999996 0.00266923 -2.11671 -0.00638378 -0.00267369 0.999976 134.431 
0.999988 -0.00149709 0.00470717 -0.77045 0.00148693 0.999997 0.00216087 -2.15634 -0.00471039 -0.00215384 0.999987 137.136 
0.999985 -0.00502942 0.00211102 -0.763243 0.00502222 0.999982 0.00340116 -2.19644 -0.00212809 -0.0033905 0.999992 139.84 
0.999978 -0.00663096 -0.00100737 -0.753949 0.00663366 0.999974 0.00270394 -2.23581 0.000989418 -0.00271056 0.999996 142.535 
0.999954 -0.00912273 -0.00295899 -0.778048 0.00912285 0.999958 2.57908e-05 -2.28408 0.00295863 -5.2784e-05 0.999996 145.231 
0.999734 -0.0224985 -0.00505611 -0.789482 0.022508 0.999745 0.00181744 -2.32988 0.00501394 -0.00193076 0.999986 147.918 
0.99944 -0.0326494 -0.00735137 -0.79942 0.0326525 0.999467 0.00029978 -2.38262 0.00733766 -0.000539653 0.999973 150.611 
0.999527 -0.0300436 -0.00661456 -0.818369 0.0300132 0.999539 -0.00465853 -2.44221 0.00675147 0.0044578 0.999967 153.298 
0.999407 -0.0339663 -0.00563853 -0.835773 0.0339632 0.999423 -0.00064617 -2.51028 0.00565723 0.000454284 0.999984 155.993 
0.999043 -0.0433565 -0.00570806 -0.843375 0.0433738 0.999055 0.00293788 -2.54867 0.00557529 -0.00318265 0.999979 158.688 
0.999046 -0.0434419 -0.0045644 -0.878836 0.0434601 0.999047 0.00396378 -2.59565 0.00438786 -0.00415836 0.999982 161.379 
0.999358 -0.0357818 -0.00184079 -0.93022 0.0357837 0.999359 0.00103052 -2.6379 0.00180273 -0.00109573 0.999998 164.081 
0.999429 -0.0337113 -0.00229701 -0.943253 0.033715 0.99943 0.00159388 -2.67919 0.00224197 -0.00167041 0.999996 166.785 
0.999505 -0.031287 -0.00343034 -1.01669 0.0312816 0.999509 -0.00161659 -2.70595 0.00347924 0.00150848 0.999993 169.511 
0.999735 -0.0227371 -0.00354143 -1.08064 0.0227161 0.999725 -0.00586607 -2.75632 0.00367384 0.00578407 0.999977 172.239 
0.999875 -0.0155029 -0.00297851 -1.09476 0.0154946 0.999876 -0.00280719 -2.83341 0.00302166 0.00276069 0.999992 174.977 
0.999841 -0.0174882 -0.00359416 -1.12844 0.01749 0.999847 0.000467036 -2.89128 0.00358545 -0.000529823 0.999993 177.735 
0.999781 -0.0197 -0.00712983 -1.15458 0.0196738 0.999799 -0.00372999 -2.93547 0.00720188 0.0035889 0.999968 180.489 
0.999865 -0.0135145 -0.00933083 -1.21035 0.0134334 0.999872 -0.00870159 -2.99506 0.00944723 0.00857507 0.999919 183.256 
0.999924 -0.00804844 -0.00935151 -1.30116 0.00800697 0.999958 -0.00446406 -3.05136 0.00938705 0.00438884 0.999946 186.043 
0.999935 -0.00701529 -0.00898094 -1.3236 0.00700055 0.999974 -0.00167181 -3.10587 0.00899244 0.00160883 0.999958 188.848 
0.999903 -0.0111511 -0.00830868 -1.38414 0.0111432 0.999937 -0.00100057 -3.14447 0.00831931 0.000907885 0.999965 191.661 
0.999831 -0.0166974 -0.00774963 -1.40445 0.0166982 0.999861 4.17417e-05 -3.19484 0.00774785 -0.000171139 0.99997 194.479 
0.999719 -0.0227548 -0.00667582 -1.43032 0.0227653 0.99974 0.00150367 -3.24524 0.00663987 -0.00165522 0.999977 197.319 
0.999898 -0.0130406 -0.00575784 -1.4656 0.0129941 0.999883 -0.00804944 -3.29598 0.00586214 0.00797381 0.999951 200.166 
0.999986 0.00391326 -0.00346173 -1.52509 -0.00392887 0.999982 -0.00451242 -3.35973 0.00344401 0.00452596 0.999984 203.04 
0.999989 0.00408481 -0.00247777 -1.56402 -0.00409046 0.999989 -0.00227936 -3.41161 0.00246843 0.00228947 0.999994 205.918 
0.99999 -0.000670653 -0.00438716 -1.58607 0.000657037 0.999995 -0.00310432 -3.46157 0.00438922 0.0031014 0.999986 208.817 
0.999989 0.00126506 -0.00453915 -1.63148 -0.00128026 0.999994 -0.00334708 -3.52021 0.00453489 0.00335285 0.999984 211.737 
0.999988 0.0018322 -0.00461924 -1.67703 -0.00184672 0.999993 -0.00314076 -3.57848 0.00461345 0.00314925 0.999984 214.653 
0.999984 -6.1088e-05 -0.00571431 -1.69125 3.71443e-05 0.999991 -0.00419015 -3.6489 0.00571452 0.00418987 0.999975 217.6 
0.999981 0.00090073 -0.00602221 -1.73126 -0.000927532 0.99999 -0.00444931 -3.71018 0.00601814 0.00445481 0.999972 220.566 
0.999978 0.00209357 -0.00628445 -1.77126 -0.00212549 0.999985 -0.00507709 -3.76605 0.00627373 0.00509034 0.999967 223.541 
0.999971 0.00173167 -0.00742475 -1.80243 -0.0017724 0.999983 -0.00548195 -3.82365 0.00741514 0.00549495 0.999957 226.519 
0.99997 -0.000970091 -0.00767379 -1.81833 0.000925507 0.999983 -0.00581139 -3.88837 0.00767929 0.00580412 0.999954 229.506 
0.999956 -0.00402967 -0.00848752 -1.83177 0.00398854 0.99998 -0.00485623 -3.95242 0.00850692 0.00482216 0.999952 232.49 
0.999947 -0.0041337 -0.00938815 -1.85113 0.00408741 0.999979 -0.00494476 -4.01645 0.00940839 0.00490612 0.999944 235.484 
0.999958 -0.00273241 -0.00874715 -1.89082 0.00269135 0.999985 -0.00470222 -4.0868 0.00875987 0.00467849 0.999951 238.488 
0.999969 -0.00270899 -0.00744425 -1.94631 0.00269196 0.999994 -0.00229614 -4.14363 0.00745042 0.00227603 0.99997 241.505 
0.999982 -0.00135968 -0.00577985 -1.98018 0.00133159 0.999987 -0.0048606 -4.21987 0.00578639 0.00485282 0.999971 244.537 
0.999983 -0.00091232 -0.00569022 -2.01518 0.000891504 0.999993 -0.00365976 -4.27834 0.00569352 0.00365463 0.999977 247.579 
0.999979 7.02034e-05 -0.00653136 -2.04665 -9.27041e-05 0.999994 -0.00344478 -4.33669 0.00653108 0.00344531 0.999973 250.624 
0.999972 0.00199675 -0.00723664 -2.06647 -0.00202201 0.999992 -0.00348494 -4.39202 0.00722963 0.00349947 0.999968 253.684 
0.999975 0.000632053 -0.00700441 -2.10844 -0.000653089 0.999995 -0.00300132 -4.45418 0.00700248 0.00300582 0.999971 256.755 
0.999965 -0.00444388 -0.00713266 -2.13081 0.0044332 0.999989 -0.00151241 -4.51507 0.00713931 0.00148074 0.999973 259.834 
0.999951 -0.00711111 -0.00692628 -2.18389 0.00708669 0.999969 -0.00354377 -4.56986 0.00695127 0.00349452 0.99997 262.908 
0.999923 -0.010506 -0.0066298 -2.20325 0.0105043 0.999945 -0.000296145 -4.61882 0.00663254 0.000226481 0.999978 265.994 
0.999912 -0.0118221 -0.00607647 -2.25443 0.0118099 0.999928 -0.00205095 -4.68581 0.00610028 0.001979 0.999979 269.081 
0.999947 -0.00932082 -0.00427524 -2.29275 0.00931339 0.999955 -0.001754 -4.76133 0.0042914 0.00171409 0.999989 272.172 
0.99999 -0.00441883 -0.00095066 -2.34632 0.00441636 0.999987 -0.00258265 -4.82389 0.00096206 0.00257842 0.999996 275.255 
0.999997 -0.00138574 0.00200004 -2.41988 0.00139253 0.999993 -0.00340057 -4.88688 -0.00199531 0.00340335 0.999992 278.332 
0.99999 -0.00219981 0.00400005 -2.48478 0.00221493 0.99999 -0.00377904 -4.94809 -0.0039917 0.00378786 0.999985 281.441 
0.999974 0.000986721 0.00708819 -2.5278 -0.000970131 0.999997 -0.00234361 -5.06536 -0.00709048 0.00233668 0.999972 284.576 
0.999985 -0.000878794 0.00538831 -2.49984 0.000912853 0.99998 -0.00632172 -5.1406 -0.00538265 0.00632655 0.999966 287.667 
0.999991 -0.00103834 0.00420512 -2.49233 0.00106337 0.999982 -0.0059536 -5.2265 -0.00419886 0.00595802 0.999973 290.79 
0.999996 -0.000338631 0.00267291 -2.48669 0.000356103 0.999979 -0.00653909 -5.30897 -0.00267064 0.00654001 0.999975 293.911 
0.999999 -3.24439e-05 0.00144029 -2.48975 4.12565e-05 0.999981 -0.00611906 -5.37487 -0.00144006 0.00611911 0.99998 297.052 
0.999999 0.00156317 -0.000169569 -2.51051 -0.00156374 0.999993 -0.00342716 -5.4458 0.000164211 0.00342742 0.999994 300.206 
0.999999 0.00127166 0.000491434 -2.51016 -0.00126985 0.999992 -0.0036635 -5.51756 -0.000496089 0.00366287 0.999993 303.384 
0.999996 8.60319e-05 0.00286696 -2.5632 -7.19291e-05 0.999988 -0.0049188 -5.57644 -0.00286735 0.00491857 0.999984 306.573 
0.999993 -0.00241745 0.00274427 -2.55977 0.00243886 0.999966 -0.00782529 -5.65106 -0.00272526 0.00783193 0.999966 309.778 
0.999998 0.000975555 -0.00144678 -2.57828 -0.000987707 0.999964 -0.00842275 -5.71267 0.00143852 0.00842417 0.999963 313.023 
0.999996 0.000357356 -0.00278965 -2.56491 -0.000362513 0.999998 -0.00184844 -5.78865 0.00278898 0.00184944 0.999994 316.275 
0.999995 -0.00171557 -0.00254533 -2.58382 0.00170935 0.999996 -0.00244225 -5.84821 0.00254951 0.00243789 0.999994 319.533 
0.999996 -0.00252863 -0.000966552 -2.6216 0.0025267 0.999995 -0.00198981 -5.92012 0.000971579 0.00198736 0.999998 322.794 
1 -0.000322 0.000418314 -2.65638 0.000323258 0.999995 -0.00301143 -5.98256 -0.000417343 0.00301156 0.999995 326.047 
0.999996 -0.00145302 0.00227204 -2.71725 0.00145648 0.999998 -0.00152088 -6.06309 -0.00226983 0.00152419 0.999996 329.275 
0.999992 -0.00351214 0.00211601 -2.70425 0.0035164 0.999992 -0.002009 -6.12188 -0.00210894 0.00201642 0.999996 332.545 
0.999997 0.000303752 0.00246702 -2.71996 -0.000293944 0.999992 -0.00397505 -6.18552 -0.00246821 0.00397431 0.999989 335.781 
0.999992 0.0035831 0.00155557 -2.74814 -0.00357305 0.999973 -0.00641098 -6.25576 -0.0015785 0.00640537 0.999978 339.002 
0.999985 0.00543677 -6.71186e-05 -2.77022 -0.0054368 0.999985 -0.000395193 -6.31996 6.4969e-05 0.000395552 1 342.22 
0.999979 0.00537462 -0.00348071 -2.80216 -0.00538499 0.999981 -0.00297446 -6.37907 0.00346466 0.00299314 0.99999 345.424 
0.999972 0.00153381 -0.00725748 -2.81131 -0.00154662 0.999997 -0.00176039 -6.41783 0.00725476 0.00177157 0.999972 348.623 
0.999962 0.000877475 -0.00868682 -2.8636 -0.00090511 0.999995 -0.00317782 -6.48775 0.00868398 0.00318556 0.999957 351.813 
0.999961 -1.36681e-05 -0.00882887 -2.89846 -1.60209e-05 0.999994 -0.00336263 -6.55925 0.00882887 0.00336264 0.999955 355.009 
0.999949 -0.00112664 -0.0100131 -2.93085 0.0010772 0.999987 -0.00494188 -6.62685 0.0100185 0.00493085 0.999938 358.195 
0.999944 -0.00208168 -0.0103571 -2.97585 0.00201929 0.99998 -0.00602986 -6.69095 0.0103694 0.00600861 0.999928 361.377 
0.999925 -0.00532299 -0.0110008 -3.00913 0.00526509 0.999972 -0.00528555 -6.77713 0.0110286 0.00522724 0.999926 364.552 
0.999894 -0.00899023 -0.0114608 -3.06239 0.00892218 0.999942 -0.00597522 -6.84221 0.0115139 0.00587233 0.999916 367.746 
0.999933 -0.00506458 -0.0103997 -3.1163 0.00499876 0.999967 -0.00634526 -6.90273 0.0104315 0.00629285 0.999926 370.95 
0.999952 -0.00277401 -0.0093768 -3.17303 0.0027182 0.999979 -0.00595958 -6.97687 0.00939313 0.00593381 0.999938 374.212 
0.99997 -0.000414062 -0.00772214 -3.28833 0.00035232 0.999968 -0.00799513 -7.01451 0.0077252 0.00799217 0.999938 377.324 
0.999978 0.0023924 -0.0062195 -3.35617 -0.00244375 0.999963 -0.00826182 -7.08532 0.00619951 0.00827684 0.999947 380.542 
0.999968 0.00384795 -0.00695786 -3.36042 -0.00390601 0.999958 -0.00834947 -7.17 0.00692543 0.00837639 0.999941 383.77 
0.999963 0.0055931 -0.00654292 -3.39614 -0.00565132 0.999944 -0.00891254 -7.25292 0.00649271 0.00894919 0.999939 386.994 
0.999948 0.00750537 -0.00684634 -3.40114 -0.00755928 0.99994 -0.00788348 -7.32802 0.00678676 0.00793483 0.999945 390.233 
0.999928 0.0103749 -0.00599014 -3.45812 -0.0104273 0.999907 -0.00877338 -7.40207 0.00589856 0.00883521 0.999944 393.482 
