1 1.19763e-11 1.70464e-10 5.55111e-17 1.19763e-11 1 3.5625e-10 0 1.70464e-10 3.5625e-10 1 2.22045e-16 
0.999805 -0.00429256 0.0192793 0.0139963 0.00426504 0.99999 0.00146825 -0.0132135 -0.0192854 -0.00138573 0.999813 0.581779 
0.999804 -0.0103702 0.0168834 0.0530595 0.0103953 0.999945 -0.00139715 -0.0204486 -0.016868 0.00157238 0.999856 1.18592 
0.999899 -0.0141307 -0.00146589 0.0417386 0.0141237 0.999889 -0.00474176 -0.0284844 0.00153273 0.00472057 0.999988 1.82495 
0.999178 -0.00817421 -0.0396934 0.0758514 0.00795768 0.999953 -0.00561019 -0.0174497 0.0397374 0.00528971 0.999196 2.51825 
0.998222 -0.00306559 -0.0595222 0.0633202 0.00264073 0.99997 -0.00721508 -0.0148541 0.0595426 0.00704507 0.998201 2.87764 
0.996901 -0.00126988 -0.0786585 0.0140977 0.000645902 0.999968 -0.00795769 -0.0137981 0.0786661 0.00788222 0.99687 3.24698 
0.995069 -0.00279932 -0.0991432 -0.0521957 0.00207014 0.99997 -0.00745689 -0.0179495 0.0991611 0.00721488 0.995045 3.62677 
0.991001 -0.00207784 -0.133838 -0.226247 0.00146621 0.999988 -0.00466841 -0.0521165 0.133846 0.00443016 0.990992 4.40061 
0.986866 -0.00181569 -0.161532 -0.401655 0.00138136 0.999995 -0.00280109 -0.0761377 0.161536 0.00254117 0.986864 5.22578 
0.983157 -0.00709273 -0.182627 -0.614575 0.0062331 0.999967 -0.00528059 -0.100052 0.182659 0.00405331 0.983168 6.09439 
0.97991 -0.00934432 -0.199221 -0.85766 0.00763946 0.999927 -0.00932461 -0.100183 0.199294 0.00761534 0.97991 7.01246 
0.976516 -0.014252 -0.214972 -1.08315 0.0116401 0.999842 -0.0134111 -0.122898 0.215129 0.0105938 0.976528 7.99646 
0.973922 -0.0256961 -0.225423 -1.20374 0.0227666 0.999619 -0.0155859 -0.121378 0.225738 0.0100473 0.974136 8.5036 
0.970249 -0.0220764 -0.241099 -1.5485 0.0174354 0.99962 -0.0213662 -0.159413 0.241479 0.0165269 0.970265 9.54855 
0.968163 -0.0183256 -0.249647 -1.69507 0.0125673 0.999617 -0.0246404 -0.174057 0.250003 0.0207186 0.968023 10.0887 
0.964359 -0.0256396 -0.263353 -1.78715 0.0187914 0.999417 -0.0284904 -0.16356 0.26393 0.0225262 0.964279 10.6443 
0.959025 -0.0310784 -0.281612 -2.09173 0.0222426 0.999156 -0.034519 -0.194266 0.282448 0.0268408 0.958907 11.7666 
0.95449 -0.0312916 -0.296597 -2.47153 0.0194194 0.998891 -0.0428908 -0.257012 0.29761 0.0351791 0.954039 12.9251 
0.953252 -0.0311141 -0.30057 -2.68256 0.0168083 0.998604 -0.0500654 -0.301662 0.301708 0.0426729 0.952445 13.5169 
0.95247 -0.0304221 -0.30311 -2.91804 0.0134388 0.998228 -0.0579597 -0.346032 0.304336 0.0511314 0.951191 14.1131 
0.95049 -0.028263 -0.309468 -3.38734 0.00511704 0.997144 -0.0753503 -0.444972 0.310714 0.0700361 0.94792 15.3482 
0.947645 -0.0256203 -0.318297 -3.83971 -0.00302024 0.996012 -0.0891629 -0.56025 0.319312 0.0854561 0.943789 16.6535 
0.944286 -0.0220916 -0.328384 -4.2949 -0.0117361 0.99485 -0.100675 -0.690783 0.328917 0.0989199 0.939164 17.9706 
0.94045 -0.0214243 -0.339255 -4.83081 -0.0152296 0.994354 -0.105012 -0.837737 0.33959 0.103926 0.934815 19.3414 
0.934982 -0.0229106 -0.353956 -5.31109 -0.0146786 0.994558 -0.103149 -0.998397 0.354392 0.101638 0.929557 20.7596 
0.928465 -0.023166 -0.370696 -5.85358 -0.0145734 0.995012 -0.098683 -1.16141 0.371134 0.097026 0.923497 22.2156 
0.924523 -0.0215856 -0.380515 -6.13762 -0.0152883 0.995491 -0.093617 -1.24391 0.38082 0.0923685 0.920024 22.9821 
0.920194 -0.0201707 -0.390942 -6.43815 -0.0160988 0.995877 -0.0892755 -1.30982 0.391131 0.0884445 0.916075 23.7247 
0.912847 -0.015668 -0.408001 -7.16108 -0.0202963 0.996287 -0.0836695 -1.46708 0.407797 0.0846584 0.90914 25.2105 
0.904588 -0.0150378 -0.426022 -7.8809 -0.0222289 0.996354 -0.0823689 -1.63099 0.425707 0.0839799 0.900955 26.7306 
0.900796 -0.0135129 -0.434033 -8.27816 -0.0238437 0.996469 -0.0805088 -1.71366 0.433588 0.0828709 0.897293 27.4868 
0.896858 -0.0142146 -0.442091 -8.65345 -0.0228918 0.996652 -0.0784853 -1.78709 0.441727 0.0805104 0.89353 28.2727 
0.889549 -0.010306 -0.456723 -9.49926 -0.0237195 0.997355 -0.0687033 -1.93083 0.456223 0.0719482 0.886952 29.8172 
0.881585 -0.00998599 -0.47192 -10.3546 -0.0227348 0.997718 -0.0635826 -2.07961 0.471478 0.0667825 0.879346 31.4077 
0.878477 -0.0103208 -0.477674 -10.8116 -0.0220023 0.997832 -0.0620233 -2.14689 0.477278 0.0649959 0.876345 32.2092 
0.874509 -0.0103732 -0.484899 -11.2329 -0.0220305 0.99789 -0.0610791 -2.20891 0.484509 0.0640968 0.872435 33.0497 
0.87125 -0.0112591 -0.490711 -11.7076 -0.0211887 0.997942 -0.0605176 -2.28259 0.490382 0.0631235 0.869218 33.8718 
0.867128 -0.00940198 -0.497997 -12.6995 -0.0247592 0.997772 -0.0619489 -2.43577 0.49747 0.0660476 0.864963 35.5424 
0.865648 -0.00789974 -0.500591 -13.7562 -0.0262991 0.997778 -0.0612236 -2.58358 0.499962 0.0661631 0.863516 37.2681 
0.865967 -0.00729321 -0.500047 -14.8701 -0.0255862 0.997938 -0.0588645 -2.71748 0.499446 0.063769 0.863995 39.0122 
0.865108 -0.00779996 -0.501526 -15.3814 -0.0257269 0.997873 -0.059897 -2.80021 0.500926 0.06472 0.863067 39.9311 
0.862832 -0.0131696 -0.505319 -15.8859 -0.0204203 0.997936 -0.0608758 -2.86276 0.505078 0.0628444 0.860782 40.8644 
0.860207 -0.00931113 -0.50986 -17.0217 -0.0217345 0.998255 -0.0548995 -3.01535 0.509481 0.0583064 0.858504 42.672 
0.853412 -0.0104732 -0.521132 -18.1661 -0.0178497 0.998624 -0.0493003 -3.13653 0.520931 0.0513755 0.852051 44.4618 
0.847435 -0.0148154 -0.530692 -18.7089 -0.0148416 0.998559 -0.0515766 -3.2044 0.530691 0.0515841 0.845994 45.3759 
0.841079 -0.019392 -0.540564 -19.3025 -0.012316 0.998412 -0.0549795 -3.26587 0.540772 0.0528997 0.839504 46.2696 
0.835405 -0.0180931 -0.549338 -19.9083 -0.0141079 0.998423 -0.0543387 -3.33422 0.549454 0.0531448 0.833832 47.1561 
0.824149 -0.0107039 -0.566272 -21.1324 -0.0178738 0.998832 -0.0448938 -3.46376 0.566091 0.0471206 0.822995 48.9234 
0.816171 -0.0132574 -0.577659 -22.3494 -0.0193609 0.998548 -0.0502718 -3.59728 0.577486 0.0522143 0.814729 50.6652 
0.8137 -0.0143608 -0.581108 -22.9876 -0.0233649 0.998079 -0.0573822 -3.6645 0.580815 0.0602694 0.811801 51.5071 
0.810536 -0.0154348 -0.585485 -23.628 -0.0236848 0.997971 -0.0590978 -3.72971 0.585209 0.061768 0.808526 52.3586 
0.806526 -0.014646 -0.591017 -24.2418 -0.0222747 0.99823 -0.0551341 -3.80352 0.590779 0.0576318 0.804773 53.2321 
0.803094 -0.0127144 -0.595716 -24.8882 -0.0211882 0.998531 -0.0498758 -3.8767 0.595475 0.0526771 0.801645 54.0896 
0.800204 -0.0106035 -0.599635 -25.5456 -0.0218159 0.998667 -0.0467726 -3.94318 0.599331 0.0505092 0.798906 54.9391 
0.796582 -0.0110666 -0.60443 -26.1918 -0.0218667 0.998651 -0.0471028 -4.0078 0.604135 0.0507381 0.795265 55.7958 
0.792035 -0.0130847 -0.610336 -26.8184 -0.0210872 0.998587 -0.0487732 -4.07605 0.610112 0.0515003 0.79064 56.6705 
0.787724 -0.0172299 -0.615787 -27.5032 -0.0178593 0.99855 -0.0507855 -4.13817 0.615769 0.0510025 0.786274 57.4956 
0.783449 -0.0184804 -0.621181 -28.1878 -0.0168451 0.998559 -0.0509531 -4.20783 0.621227 0.050383 0.782009 58.3342 
0.778156 -0.0196266 -0.627764 -28.8508 -0.0154163 0.998614 -0.0503306 -4.27244 0.627881 0.0488429 0.776775 59.1741 
0.773252 -0.0191945 -0.633808 -29.5435 -0.0157399 0.998653 -0.0494464 -4.34359 0.633903 0.0482106 0.771908 60.0027 
0.767301 -0.022478 -0.640894 -30.252 -0.0131495 0.998624 -0.0507677 -4.39947 0.641153 0.0473815 0.765949 60.8195 
0.755349 -0.0274987 -0.654746 -31.7069 -0.0092631 0.998571 -0.0526254 -4.51478 0.655258 0.0458155 0.754015 62.4515 
0.74943 -0.029258 -0.661436 -32.4232 -0.00861399 0.998508 -0.0539279 -4.59142 0.662027 0.0461129 0.74806 63.274 
0.743673 -0.0296361 -0.667886 -33.1666 -0.00963261 0.998438 -0.0550294 -4.66712 0.668474 0.0473573 0.742226 64.0987 
0.732724 -0.0290246 -0.679907 -34.709 -0.00939015 0.998564 -0.0527474 -4.81819 0.680461 0.0450337 0.731399 65.6719 
0.725426 -0.0293411 -0.687674 -35.4573 -0.00941162 0.998575 -0.0525346 -4.90098 0.688236 0.0445821 0.724116 66.4906 
0.71898 -0.0338579 -0.694206 -36.2837 -0.00420951 0.998582 -0.0530628 -4.94166 0.695018 0.0410733 0.717818 67.2244 
0.704417 -0.0364323 -0.708851 -37.8394 -0.00406621 0.998458 -0.0553578 -5.07307 0.709775 0.0418773 0.703183 68.8579 
0.699406 -0.0340995 -0.713911 -38.6474 -0.00674989 0.998502 -0.0543056 -5.15623 0.714693 0.0428005 0.698128 69.6605 
0.693632 -0.0346409 -0.719496 -39.4478 -0.00684035 0.998481 -0.0546673 -5.22591 0.720297 0.0428406 0.692341 70.4795 
0.683946 -0.0372801 -0.72858 -41.1387 -0.00769244 0.998269 -0.0583009 -5.37683 0.729492 0.0454792 0.682475 72.0032 
0.679704 -0.0384119 -0.73248 -42.0076 -0.00905123 0.998113 -0.060741 -5.46101 0.733431 0.0479157 0.678074 72.748 
0.668429 -0.039437 -0.742729 -43.7156 -0.00794077 0.998158 -0.060146 -5.61838 0.743733 0.0461012 0.666885 74.3227 
0.657228 -0.0415883 -0.752544 -45.4563 -0.005425 0.99819 -0.0599015 -5.778 0.753673 0.0434515 0.655812 75.8784 
0.65229 -0.0433671 -0.756728 -46.353 -0.00378078 0.998163 -0.0604625 -5.85311 0.75796 0.0423001 0.650928 76.625 
0.647751 -0.043704 -0.760598 -47.2411 -0.00350348 0.998172 -0.0603387 -5.93634 0.761844 0.0417492 0.646414 77.4049 
0.643636 -0.0442232 -0.764053 -48.1341 -0.00271926 0.998191 -0.0600657 -6.02711 0.765327 0.0407381 0.642351 78.1871 
0.639576 -0.0469405 -0.767293 -49.0479 -0.000214654 0.998123 -0.0612408 -6.11812 0.768728 0.0393329 0.638366 78.9462 
0.636075 -0.0512405 -0.769924 -49.9804 0.00255808 0.997927 -0.0643014 -6.20437 0.771623 0.038931 0.634888 79.685 
0.631531 -0.0548981 -0.773405 -50.9205 0.00628336 0.99782 -0.0656968 -6.29809 0.775325 0.03663 0.630499 80.4316 
0.623623 -0.0585355 -0.779531 -51.8223 0.010804 0.997743 -0.0662781 -6.37602 0.781651 0.0329105 0.622847 81.2222 
0.613982 -0.0621261 -0.786871 -52.7376 0.0145711 0.99762 -0.0673958 -6.45989 0.789186 0.0299143 0.613426 82.0068 
0.595778 -0.0605936 -0.80086 -54.6658 0.0158077 0.997841 -0.0637376 -6.64068 0.802993 0.0253137 0.59545 83.4864 
0.577851 -0.0627618 -0.813726 -56.6973 0.0165836 0.997736 -0.0651778 -6.80718 0.815974 0.0241686 0.577583 84.8187 
0.557558 -0.0675957 -0.827381 -58.7322 0.0196448 0.997475 -0.0682537 -7.01446 0.829905 0.0218017 0.557478 86.1877 
0.53543 -0.0685426 -0.841793 -60.7674 0.0231884 0.997519 -0.0664733 -7.21998 0.844261 0.016072 0.535691 87.5712 
0.514386 -0.0701453 -0.854685 -62.8881 0.0222837 0.997406 -0.0684473 -7.40891 0.857269 0.0161629 0.514615 88.8786 
0.494021 -0.0716931 -0.866489 -65.0564 0.0193124 0.997253 -0.0715017 -7.62055 0.869235 0.0185894 0.494049 90.1072 
0.476306 -0.0708755 -0.876418 -67.3244 0.0202634 0.997366 -0.069644 -7.79974 0.879046 0.0154126 0.476488 91.2304 
0.460848 -0.0688915 -0.884801 -69.5723 0.0199339 0.997535 -0.0672865 -8.00732 0.887255 0.0133713 0.461085 92.41 
0.444656 -0.0751291 -0.892545 -71.8202 0.0244597 0.997123 -0.0717463 -8.23401 0.895367 0.010071 0.445214 93.6097 
0.431692 -0.0795172 -0.898509 -74.0061 0.0247598 0.996776 -0.0763178 -8.50285 0.901681 0.0106988 0.432269 94.7728 
0.426925 -0.0803262 -0.900712 -75.1465 0.0271635 0.996737 -0.0760146 -8.61347 0.903879 0.00798606 0.427714 95.3138 
0.423349 -0.0769545 -0.902692 -76.3007 0.0278945 0.997021 -0.0719139 -8.73014 0.905537 0.00526451 0.424235 95.8368 
0.418076 -0.0742939 -0.905369 -77.4648 0.0308787 0.997236 -0.0675735 -8.86045 0.907887 0.000294245 0.419215 96.4317 
0.414875 -0.0744673 -0.906826 -78.5795 0.033154 0.997221 -0.0667223 -8.95046 0.909274 -0.00238353 0.416191 96.9114 
0.412485 -0.0745629 -0.907908 -79.73 0.0349867 0.997206 -0.0660013 -9.04112 0.910292 -0.00454021 0.413941 97.4055 
0.411029 -0.0737535 -0.908634 -80.8792 0.0363547 0.997255 -0.0645014 -9.13122 0.910897 -0.00652114 0.412583 97.8869 
0.408347 -0.0729756 -0.909905 -82.0125 0.0382146 0.997292 -0.0628342 -9.23088 0.912026 -0.00911352 0.41003 98.3971 
0.404919 -0.0722907 -0.911491 -83.0927 0.0372526 0.997346 -0.0625509 -9.34229 0.913594 -0.00862736 0.406537 98.9926 
0.402469 -0.0714239 -0.912643 -85.3069 0.0415583 0.997349 -0.0597262 -9.5215 0.91449 -0.01389 0.40437 99.9222 
0.400077 -0.0723482 -0.913621 -87.5002 0.0454215 0.997219 -0.059078 -9.68611 0.915355 -0.0178623 0.402251 100.853 
0.397825 -0.0769311 -0.91423 -89.6523 0.0496672 0.996823 -0.0622686 -9.84315 0.916116 -0.0206353 0.400382 101.764 
0.402669 -0.0767943 -0.912119 -91.7632 0.0472893 0.996889 -0.0630549 -10.047 0.914123 -0.0177432 0.405048 102.607 
0.407931 -0.078108 -0.909666 -93.7889 0.0432838 0.996868 -0.0661854 -10.2044 0.911986 -0.0123747 0.410034 103.623 
0.420831 -0.0775847 -0.903815 -95.8456 0.0440758 0.996908 -0.0650535 -10.3938 0.906068 -0.0124599 0.422949 104.526 
0.437228 -0.0765752 -0.896085 -97.8431 0.042773 0.997012 -0.0643297 -10.5542 0.898333 -0.0102015 0.439196 105.494 
0.455491 -0.0789144 -0.886736 -99.8208 0.0440218 0.996841 -0.0661004 -10.7139 0.889151 -0.00892759 0.457526 106.46 
0.478645 -0.0815984 -0.874208 -101.761 0.0409589 0.996663 -0.0706025 -10.8846 0.877052 -0.00201307 0.480391 107.462 
0.503779 -0.0758827 -0.860493 -103.645 0.0353559 0.997111 -0.067231 -11.0747 0.863109 0.00344611 0.505007 108.57 
0.52724 -0.0727321 -0.846598 -105.495 0.0347216 0.997342 -0.064059 -11.2505 0.849007 0.00437923 0.528364 109.71 
0.552053 -0.0739626 -0.830522 -107.321 0.0349338 0.997235 -0.0655886 -11.4253 0.833077 0.0071951 0.55311 110.834 
0.57704 -0.0740288 -0.813354 -109.07 0.0355021 0.997216 -0.0655761 -11.5973 0.815944 0.00896424 0.578062 111.992 
-0.598279 0.00411276 0.801277 -109.898 0.0702658 0.996404 0.0473502 -14.2584 -0.798201 0.084631 -0.596417 112.603 
-0.609203 0.00268111 0.79301 -109.084 0.0684609 0.996439 0.0492238 -14.2305 -0.790054 0.0842775 -0.607217 111.991 
-0.630045 0.000601944 0.776559 -107.488 0.0605534 0.996993 0.048356 -14.1736 -0.774194 0.0774897 -0.628187 110.745 
-0.649227 -0.0018379 0.760592 -105.957 0.0582613 0.996939 0.0521398 -14.1104 -0.75836 0.0781636 -0.647133 109.491 
-0.666512 -0.00477988 0.745479 -104.478 0.0560109 0.996832 0.0564693 -14.0497 -0.743388 0.0793924 -0.664132 108.219 
-0.681804 -0.00601154 0.73151 -103.074 0.0531554 0.996916 0.0577361 -13.9774 -0.729601 0.0782485 -0.679382 106.917 
-0.695527 -0.0109942 0.718416 -101.743 0.0502709 0.996688 0.0639219 -13.8987 -0.716739 0.0805748 -0.692671 105.605 
-0.710178 -0.0127485 0.703907 -100.459 0.0474944 0.996691 0.0659686 -13.8183 -0.702419 0.0802811 -0.707222 104.313 
-0.717809 -0.015473 0.696068 -99.8453 0.0440242 0.996744 0.067556 -13.7752 -0.694847 0.0791362 -0.71479 103.675 
-0.72734 -0.0165767 0.686077 -99.2436 0.0440806 0.996515 0.0708091 -13.7318 -0.68486 0.0817449 -0.724075 103.037 
-0.747157 -0.0233935 0.664236 -98.0692 0.0365234 0.996425 0.0761756 -13.6449 -0.663643 0.0811753 -0.743632 101.753 
-0.766975 -0.0236532 0.64124 -96.9861 0.0311397 0.996771 0.0740132 -13.5406 -0.64092 0.0767344 -0.763762 100.467 
-0.787317 -0.0268355 0.615964 -95.9367 0.026217 0.996692 0.0769327 -13.4436 -0.615991 0.0767192 -0.784009 99.1546 
-0.808357 -0.0312267 0.587864 -94.8925 0.0219777 0.996295 0.0831433 -13.3521 -0.588282 0.0801294 -0.804676 97.8419 
-0.832932 -0.0326767 0.55241 -93.4868 0.0207875 0.995703 0.0902425 -13.1837 -0.552985 0.086649 -0.828673 95.7631 
-0.853579 -0.0357966 0.519732 -92.1205 0.0141789 0.995671 0.0918635 -12.982 -0.520771 0.085782 -0.849376 93.6354 
-0.870954 -0.0338455 0.490198 -90.8606 0.0128417 0.995716 0.0915651 -12.7796 -0.491197 0.0860439 -0.866788 91.4368 
-0.881216 -0.0376391 0.471213 -89.6604 0.00876603 0.995352 0.0958992 -12.5882 -0.472633 0.0886386 -0.87679 89.1089 
-0.887984 -0.0444188 0.457725 -88.8046 0.00330445 0.994682 0.102937 -12.4313 -0.459863 0.092919 -0.883115 87.5329 
-0.90152 -0.0490823 0.429944 -87.1675 -0.00090041 0.993757 0.111559 -12.0505 -0.432736 0.100186 -0.895937 84.2205 
-0.917507 -0.0450292 0.395163 -85.5544 -0.00113419 0.993862 0.110618 -11.645 -0.397718 0.101045 -0.911927 80.6501 
-0.92746 -0.0452952 0.371168 -84.7804 -0.00562512 0.994214 0.107272 -11.4371 -0.373879 0.0974029 -0.922349 78.7733 
-0.940294 -0.0520392 0.336361 -84.0149 -0.0153097 0.993709 0.110941 -11.2357 -0.340018 0.0991676 -0.935176 76.8532 
-0.953745 -0.0572337 0.295119 -83.3233 -0.0247665 0.993331 0.112602 -11.0028 -0.299596 0.100085 -0.948802 74.8625 
-0.965695 -0.0575475 0.253221 -82.7456 -0.028857 0.992877 0.115593 -10.7654 -0.25807 0.10432 -0.960478 72.8008 
-0.976045 -0.0643831 0.207825 -82.2112 -0.0394098 0.991729 0.122145 -10.5354 -0.213971 0.111029 -0.97051 70.6731 
-0.984302 -0.0690375 0.162432 -81.7548 -0.0490914 0.991097 0.123757 -10.2804 -0.16953 0.11384 -0.978928 68.4655 
-0.990489 -0.0693345 0.118846 -81.3817 -0.0551121 0.991359 0.11904 -10.0254 -0.126072 0.111358 -0.985751 66.1936 
-0.994442 -0.0716334 0.0771604 -81.1167 -0.0620003 0.990748 0.120722 -9.7689 -0.0850943 0.115267 -0.989683 63.8638 
-0.996516 -0.0752521 0.0359663 -80.9648 -0.0704584 0.990294 0.119803 -9.50528 -0.0446326 0.116851 -0.992146 61.4556 
-0.996745 -0.0802863 -0.0072573 -80.8726 -0.0805833 0.989855 0.117018 -9.22501 -0.00221126 0.117222 -0.993103 59.0133 
-0.995339 -0.084661 -0.0461714 -81.1177 -0.0893549 0.989745 0.111446 -9.02048 0.0362628 0.115052 -0.992697 56.5414 
-0.992576 -0.0876386 -0.0843329 -81.2494 -0.0962341 0.989918 0.103929 -8.75237 0.0743744 0.111274 -0.991003 54.004 
-0.988611 -0.0884257 -0.121777 -81.4526 -0.100001 0.990681 0.0924663 -8.5042 0.112465 0.103591 -0.988241 51.4427 
-0.983334 -0.0920922 -0.156758 -81.7649 -0.105287 0.991375 0.0780456 -8.29612 0.148218 0.0932494 -0.984549 48.8329 
-0.977108 -0.0952397 -0.190236 -82.2666 -0.109889 0.991617 0.0679776 -8.11723 0.182167 0.0873262 -0.979382 46.221 
-0.969243 -0.0976642 -0.225896 -82.8019 -0.114952 0.991265 0.0646547 -7.9715 0.217609 0.0886334 -0.972003 43.5486 
-0.961227 -0.0975514 -0.257926 -83.4693 -0.114775 0.992001 0.0525494 -7.84919 0.250736 0.0801153 -0.964735 40.8681 
-0.951464 -0.0999406 -0.291081 -84.2006 -0.119001 0.991709 0.0484869 -7.71382 0.283822 0.0807726 -0.955469 38.1709 
-0.939848 -0.103825 -0.325433 -85.0387 -0.12283 0.991687 0.038346 -7.62789 0.318746 0.0760123 -0.944787 35.4523 
-0.927163 -0.103534 -0.36007 -85.9005 -0.12137 0.992234 0.0272162 -7.53402 0.354456 0.0689355 -0.932528 32.6978 
-0.911934 -0.108397 -0.395761 -87.1267 -0.124001 0.992184 0.0139761 -7.52879 0.391153 0.0618202 -0.918247 30.1051 
-0.888265 -0.116597 -0.444286 -88.3268 -0.132547 0.991165 0.00488527 -7.53802 0.439791 0.0632283 -0.895871 27.4227 
-0.860989 -0.124061 -0.493262 -89.6925 -0.138547 0.990329 -0.00724412 -7.57352 0.48939 0.0621029 -0.869851 24.7925 
-0.83541 -0.123822 -0.535498 -91.3442 -0.136703 0.990487 -0.0157629 -7.70964 0.532355 0.0600358 -0.84439 22.3366 
-0.806145 -0.126439 -0.578052 -93.0041 -0.13312 0.990614 -0.0310324 -7.807 0.57655 0.0519336 -0.81541 19.8445 
-0.774347 -0.131027 -0.619047 -94.73 -0.133124 0.990164 -0.043057 -7.93058 0.618599 0.0490687 -0.784173 17.3627 
-0.747194 -0.129768 -0.651814 -96.6918 -0.12845 0.990458 -0.049941 -8.13263 0.652075 0.0464098 -0.756733 15.0261 
-0.719621 -0.132162 -0.681674 -98.7476 -0.125317 0.990318 -0.0597084 -8.3476 0.682965 0.0424581 -0.729216 12.7786 
-0.69103 -0.136591 -0.709803 -100.892 -0.122858 0.98989 -0.070881 -8.57733 0.712308 0.0382244 -0.700825 10.5778 
-0.663758 -0.136176 -0.735446 -103.145 -0.119951 0.98994 -0.0750395 -8.85972 0.738266 0.0384094 -0.673415 8.52766 
-0.648252 -0.136095 -0.749164 -104.32 -0.121207 0.989795 -0.0749279 -9.02338 0.751717 0.0422316 -0.658133 7.54911 
-0.613424 -0.139133 -0.777401 -106.599 -0.125887 0.988999 -0.0776697 -9.28322 0.779656 0.0502206 -0.624191 5.56469 
-0.578708 -0.145569 -0.802438 -108.931 -0.128743 0.98791 -0.0863665 -9.57703 0.805309 0.0533276 -0.590453 3.727 
-0.539455 -0.145477 -0.829352 -111.33 -0.130509 0.987505 -0.0883288 -9.89301 0.831839 0.0605883 -0.551701 2.02109 
-0.497459 -0.142463 -0.85571 -113.725 -0.130278 0.987505 -0.0886686 -10.1954 0.857649 0.0673712 -0.509803 0.423425 
-0.456472 -0.140933 -0.878505 -116.168 -0.127324 0.98756 -0.0922708 -10.5015 0.880581 0.0697358 -0.468737 -0.987082 
-0.419451 -0.139473 -0.896999 -118.658 -0.118089 0.988114 -0.0984198 -10.8044 0.900064 0.0646436 -0.430936 -2.19459 
-0.377914 -0.137764 -0.915534 -121.1 -0.112797 0.988352 -0.102161 -11.1256 0.918944 0.0646608 -0.389051 -3.34618 
-0.339477 -0.141946 -0.929842 -123.557 -0.110222 0.987741 -0.110543 -11.4605 0.934134 0.0649621 -0.350961 -4.32999 
-0.301979 -0.158758 -0.940002 -125.988 -0.112387 0.985089 -0.130268 -11.82 0.946667 0.0663056 -0.315319 -5.16565 
-0.261855 -0.164118 -0.951051 -128.394 -0.117116 0.983556 -0.137482 -12.2191 0.957975 0.0753826 -0.276769 -5.96363 
-0.222832 -0.164819 -0.960823 -130.779 -0.121374 0.982626 -0.14041 -12.6163 0.967272 0.085331 -0.238965 -6.64145 
-0.184827 -0.163714 -0.969039 -133.159 -0.121215 0.982296 -0.142834 -13.0146 0.975267 0.0910621 -0.2014 -7.21355 
-0.148087 -0.167823 -0.974631 -135.526 -0.121723 0.981097 -0.150441 -13.4113 0.981455 0.0963565 -0.165716 -7.65982 
-0.11314 -0.166811 -0.979476 -137.872 -0.12039 0.980844 -0.153138 -13.8131 0.986258 0.100593 -0.131055 -8.01188 
-0.082906 -0.159493 -0.983712 -140.192 -0.117742 0.981764 -0.149254 -14.1906 0.989577 0.10345 -0.100173 -8.29378 
-0.0602386 -0.15679 -0.985793 -142.419 -0.114331 0.982171 -0.149228 -14.5655 0.991615 0.103717 -0.0770906 -8.4838 
-0.04514 -0.161089 -0.985907 -144.622 -0.115106 0.981179 -0.155046 -14.937 0.992327 0.106485 -0.0628327 -8.63333 
-0.0348281 -0.17367 -0.984188 -146.763 -0.11374 0.979076 -0.168743 -15.3319 0.9929 0.106065 -0.0538527 -8.75865 
-0.0254078 -0.16808 -0.985446 -148.887 -0.114487 0.979767 -0.16416 -15.7169 0.9931 0.108649 -0.0441367 -8.89235 
-0.02395 -0.155495 -0.987546 -150.986 -0.111013 0.982134 -0.15195 -16.0761 0.99353 0.105991 -0.0407841 -8.95546 
-0.0228881 -0.157496 -0.987254 -152.013 -0.112288 0.981669 -0.154002 -16.2547 0.993412 0.107332 -0.0401534 -9.01667 
-0.0251304 -0.162871 -0.986327 -154.04 -0.11506 0.980553 -0.158986 -16.6144 0.993041 0.109491 -0.0433816 -9.12468 
-0.0287563 -0.164675 -0.985929 -156.047 -0.119605 0.979817 -0.160165 -16.9771 0.992405 0.113316 -0.0478718 -9.24858 
-0.0374769 -0.167086 -0.98523 -158.027 -0.123348 0.979156 -0.161364 -17.3213 0.991656 0.115479 -0.0573055 -9.38262 
-0.0439417 -0.166235 -0.985107 -159.018 -0.124317 0.979305 -0.15971 -17.493 0.991269 0.115447 -0.0636981 -9.4501 
-0.0498649 -0.164891 -0.985051 -160.006 -0.124329 0.979631 -0.15769 -17.6644 0.990987 0.114607 -0.0693499 -9.52947 
-0.0559717 -0.16444 -0.984798 -160.977 -0.124088 0.979842 -0.15656 -17.8307 0.990691 0.113439 -0.0752486 -9.62232 
-0.063178 -0.165468 -0.984189 -161.949 -0.123627 0.979862 -0.156804 -17.9966 0.990316 0.111766 -0.082362 -9.71295 
-0.0701528 -0.165183 -0.983765 -162.921 -0.124387 0.979946 -0.155671 -18.1662 0.989751 0.111447 -0.0892925 -9.80095 
-0.0844084 -0.162109 -0.983156 -164.853 -0.126517 0.980435 -0.150798 -18.4957 0.988367 0.111657 -0.103266 -9.99376 
-0.0982611 -0.161342 -0.981995 -166.771 -0.127917 0.980632 -0.148319 -18.8135 0.986905 0.11104 -0.116996 -10.217 
-0.112988 -0.16529 -0.979751 -168.673 -0.126846 0.980397 -0.150771 -19.1232 0.985466 0.107243 -0.13174 -10.4527 
-0.125644 -0.167719 -0.977796 -170.564 -0.131546 0.97972 -0.151145 -19.4394 0.983315 0.109635 -0.145159 -10.7462 
-0.138727 -0.16506 -0.976478 -172.445 -0.133554 0.980123 -0.146702 -19.7521 0.981284 0.110061 -0.158014 -11.0787 
-0.152442 -0.162393 -0.974879 -174.321 -0.133731 0.980726 -0.142455 -20.0685 0.979223 0.108656 -0.171221 -11.4028 
-0.166986 -0.163883 -0.972244 -176.178 -0.131921 0.980936 -0.14269 -20.3638 0.977094 0.104432 -0.185422 -11.7533 
-0.184493 -0.167373 -0.968478 -178.012 -0.131995 0.980685 -0.144338 -20.6633 0.97393 0.101205 -0.203022 -12.1388 
-0.200601 -0.167908 -0.965177 -179.831 -0.135238 0.980517 -0.142469 -20.9479 0.970294 0.10195 -0.2194 -12.5818 
-0.209924 -0.167032 -0.963344 -181.647 -0.139129 0.980376 -0.139667 -21.2374 0.967768 0.10471 -0.229043 -13.025 
-0.214793 -0.1703 -0.961697 -183.48 -0.139507 0.979933 -0.14237 -21.5198 0.966645 0.103583 -0.234241 -13.4902 
-0.220564 -0.169669 -0.960502 -185.333 -0.137459 0.980333 -0.141607 -21.8119 0.965638 0.100796 -0.239549 -13.9684 
-0.225794 -0.171119 -0.959028 -187.196 -0.138544 0.980086 -0.142258 -22.1129 0.964273 0.100747 -0.245005 -14.4763 
-0.231266 -0.165392 -0.958729 -189.075 -0.136766 0.981185 -0.136275 -22.4033 0.963229 0.0996058 -0.249535 -15.01 
-0.240651 -0.165602 -0.95638 -190.961 -0.135977 0.981372 -0.135714 -22.6917 0.96104 0.0973863 -0.258686 -15.5234 
-0.246212 -0.167602 -0.954615 -191.9 -0.135658 0.981199 -0.137281 -22.8358 0.959675 0.0957014 -0.26432 -15.8032 
-0.252423 -0.166447 -0.953194 -192.842 -0.135667 0.981451 -0.135454 -22.9842 0.958059 0.0951254 -0.270322 -16.0783 
-0.258436 -0.165846 -0.951686 -193.787 -0.13646 0.981542 -0.133993 -23.1304 0.956342 0.0952385 -0.276297 -16.3713 
-0.267157 -0.164432 -0.949521 -194.729 -0.135593 0.981946 -0.131897 -23.2725 0.954066 0.0935108 -0.284629 -16.6738 
-0.276566 -0.165411 -0.946652 -195.655 -0.13412 0.982078 -0.132417 -23.4131 0.95159 0.0903431 -0.293794 -16.9679 
-0.298607 -0.16513 -0.939982 -197.522 -0.131389 0.982652 -0.130887 -23.6826 0.945289 0.0844197 -0.315123 -17.5711 
-0.320682 -0.161073 -0.933391 -199.364 -0.131595 0.983454 -0.1245 -23.9585 0.938001 0.0829044 -0.336573 -18.2351 
-0.339071 -0.166025 -0.925995 -201.18 -0.138048 0.98243 -0.125595 -24.2261 0.930577 0.0852465 -0.356033 -18.9821 
-0.358373 -0.166441 -0.918622 -202.982 -0.144395 0.982021 -0.121597 -24.4954 0.922344 0.0890674 -0.375963 -19.7393 
-0.37404 -0.164624 -0.912685 -204.77 -0.147134 0.982189 -0.116862 -24.7404 0.915667 0.0905761 -0.391599 -20.5362 
-0.390479 -0.161961 -0.906253 -206.557 -0.148044 0.982638 -0.111825 -24.991 0.90863 0.0904998 -0.407677 -21.3293 
-0.405541 -0.163678 -0.899303 -208.307 -0.150241 0.982393 -0.11105 -25.2304 0.901645 0.0900773 -0.422992 -22.1743 
-0.420234 -0.165114 -0.892267 -210.027 -0.152664 0.982154 -0.109847 -25.4539 0.894482 0.0900555 -0.437942 -23.0629 
-0.435516 -0.162372 -0.885416 -211.716 -0.153833 0.982553 -0.104519 -25.6779 0.886939 0.0906859 -0.452896 -23.9714 
-0.451483 -0.156299 -0.878484 -213.393 -0.154397 0.983372 -0.0956106 -25.8915 0.87882 0.0924684 -0.468108 -24.8966 
-0.469164 -0.155865 -0.869248 -215.041 -0.157154 0.983326 -0.0914988 -26.0919 0.869015 0.0936779 -0.485836 -25.7965 
-0.485631 -0.154149 -0.860466 -216.674 -0.16031 0.983341 -0.0856857 -26.2936 0.859339 0.0963296 -0.502252 -26.7273 
-0.501609 -0.15396 -0.851284 -218.252 -0.160296 0.983537 -0.0834259 -26.4705 0.850114 0.0946106 -0.51803 -27.7274 
-0.516665 -0.154161 -0.842194 -219.811 -0.162006 0.983489 -0.0806383 -26.6348 0.840721 0.0947779 -0.53311 -28.7418 
-0.529329 -0.15055 -0.834953 -221.357 -0.162939 0.98385 -0.0740999 -26.7932 0.832624 0.0968231 -0.54531 -29.7919 
-0.536929 -0.147337 -0.830662 -222.902 -0.165267 0.983923 -0.0676948 -26.9415 0.827281 0.100933 -0.552646 -30.8573 
-0.542561 -0.142032 -0.827922 -224.478 -0.165978 0.984297 -0.0600883 -27.0891 0.823456 0.104815 -0.557615 -31.9226 
-0.54586 -0.141818 -0.825787 -226.044 -0.166667 0.984255 -0.0588627 -27.226 0.821133 0.105501 -0.560902 -33.0082 
-0.548957 -0.142447 -0.823623 -226.835 -0.165356 0.984405 -0.0600431 -27.301 0.819331 0.10323 -0.56395 -33.5352 
-0.552111 -0.141365 -0.821699 -228.401 -0.164098 0.984669 -0.0591427 -27.4372 0.817462 0.102186 -0.566845 -34.6342 
-0.555653 -0.134995 -0.820382 -229.979 -0.160524 0.985583 -0.0534543 -27.57 0.815771 0.101989 -0.569312 -35.7385 
-0.558702 -0.131984 -0.8188 -230.778 -0.159054 0.985982 -0.0504031 -27.6351 0.813974 0.102073 -0.571863 -36.2733 
-0.560399 -0.128366 -0.818214 -231.566 -0.158417 0.986289 -0.0462337 -27.6925 0.812931 0.10371 -0.573051 -36.8353 
-0.560944 -0.127468 -0.817981 -233.131 -0.158565 0.986324 -0.0449631 -27.7958 0.812526 0.104482 -0.573485 -37.9787 
-0.560723 -0.126152 -0.818337 -234.694 -0.159839 0.986227 -0.042512 -27.8931 0.812429 0.106965 -0.573165 -39.1387 
-0.56149 -0.121319 -0.818542 -236.29 -0.16016 0.986422 -0.0363374 -28.0161 0.811836 0.110694 -0.573297 -40.292 
-0.564187 -0.11955 -0.816946 -237.898 -0.160878 0.986414 -0.0332461 -28.1208 0.809822 0.112672 -0.575755 -41.4175 
-0.567847 -0.114945 -0.815069 -239.494 -0.159367 0.986818 -0.028137 -28.2087 0.807559 0.113918 -0.57868 -42.5567 
-0.572664 -0.113263 -0.811928 -241.099 -0.15978 0.986837 -0.0249673 -28.2936 0.804068 0.115432 -0.583223 -43.7034 
-0.577787 -0.1112 -0.808577 -242.679 -0.162954 0.986447 -0.0192195 -28.3657 0.799755 0.120656 -0.588077 -44.8477 
-0.586959 -0.106621 -0.802565 -244.23 -0.160734 0.986905 -0.0135572 -28.4182 0.793501 0.121042 -0.59641 -46.047 
-0.597566 -0.106909 -0.79466 -245.754 -0.161063 0.986875 -0.0116528 -28.468 0.785477 0.121027 -0.606942 -47.2623 
-0.609622 -0.1049 -0.785721 -247.288 -0.162507 0.986691 -0.00564639 -28.5127 0.775856 0.124243 -0.618556 -48.4815 
-0.623708 -0.0991786 -0.77534 -248.786 -0.159243 0.987238 0.00181659 -28.5486 0.765265 0.124601 -0.631541 -49.7338 
-0.631788 -0.099302 -0.768754 -249.526 -0.157515 0.987515 0.00189141 -28.556 0.758969 0.122285 -0.639541 -50.3643 
-0.640672 -0.0983763 -0.761486 -250.268 -0.155738 0.987792 0.00341668 -28.5648 0.751854 0.120781 -0.648172 -51.0159 
-0.648875 -0.0999891 -0.754296 -250.982 -0.15804 0.98742 0.00506069 -28.5747 0.744301 0.122493 -0.656515 -51.6694 
-0.65835 -0.0976629 -0.746349 -251.732 -0.155816 0.987752 0.00819269 -28.5814 0.736408 0.121687 -0.665504 -52.331 
-0.675476 -0.0943898 -0.731315 -253.146 -0.155905 0.987634 0.0165286 -28.5844 0.720712 0.12518 -0.681839 -53.6752 
-0.694041 -0.0902268 -0.714259 -254.582 -0.15275 0.987983 0.0236221 -28.5686 0.703544 0.125498 -0.699483 -55.0675 
-0.702089 -0.0861477 -0.706859 -255.268 -0.151475 0.988005 0.0300402 -28.5445 0.695792 0.128162 -0.706716 -55.8093 
-0.709659 -0.0816542 -0.699798 -255.958 -0.149989 0.988002 0.0368198 -28.5253 0.688395 0.131091 -0.713392 -56.5585 
-0.718877 -0.0775354 -0.6908 -256.671 -0.146356 0.988366 0.0413707 -28.5112 0.679556 0.130843 -0.721862 -57.2833 
-0.739434 -0.0700842 -0.669571 -258.07 -0.135067 0.989789 0.0455584 -28.4454 0.659541 0.124124 -0.741349 -58.792 
-0.74873 -0.0680175 -0.659376 -258.75 -0.134059 0.989704 0.0501336 -28.409 0.649178 0.125932 -0.75014 -59.5676 
-0.75675 -0.0662744 -0.650337 -259.401 -0.133497 0.98955 0.0544977 -28.3678 0.639929 0.128059 -0.757689 -60.3762 
-0.764983 -0.0655191 -0.640709 -260.043 -0.133749 0.989286 0.0585265 -28.3212 0.63001 0.130466 -0.76555 -61.1944 
-0.782218 -0.0623765 -0.619875 -261.329 -0.130613 0.989283 0.065271 -28.214 0.60916 0.13202 -0.781982 -62.8544 
-0.790729 -0.0618556 -0.609033 -261.969 -0.129663 0.989232 0.0678762 -28.1614 0.598277 0.132641 -0.790235 -63.6974 
-0.805407 -0.0624075 -0.589427 -263.224 -0.12938 0.988972 0.0720772 -28.0392 0.578429 0.134312 -0.8046 -65.4053 
-0.810001 -0.0661069 -0.58269 -263.807 -0.134067 0.988186 0.0742567 -27.9723 0.570897 0.138268 -0.809295 -66.2977 
-0.814771 -0.0691003 -0.575651 -264.398 -0.136306 0.987873 0.0743432 -27.9087 0.563533 0.139037 -0.814309 -67.1929 
-0.82051 -0.0709308 -0.567214 -265.017 -0.136799 0.987804 0.0743618 -27.8376 0.555022 0.138609 -0.820206 -68.0727 
-0.828747 -0.0767227 -0.554339 -266.168 -0.146617 0.985725 0.0827675 -27.6917 0.540076 0.149869 -0.828165 -69.912 
-0.83264 -0.0794349 -0.548088 -266.745 -0.150414 0.984896 0.0857621 -27.6136 0.532997 0.153849 -0.832012 -70.8361 
-0.83695 -0.0813036 -0.541206 -267.33 -0.152134 0.984491 0.0873713 -27.5304 0.525708 0.155461 -0.836339 -71.761 
-0.840193 -0.083903 -0.535758 -267.919 -0.156237 0.98352 0.0909903 -27.4529 0.519294 0.160154 -0.839455 -72.688 
-0.842326 -0.0869176 -0.531914 -268.497 -0.159732 0.982831 0.0923478 -27.3673 0.514755 0.162751 -0.841748 -73.6262 
-0.844842 -0.0970827 -0.526134 -269.637 -0.164427 0.98292 0.0826607 -27.1989 0.509122 0.156346 -0.846375 -75.5159 
-0.845664 -0.102863 -0.523709 -270.783 -0.168392 0.982555 0.0789253 -27.0459 0.506455 0.154932 -0.848233 -77.4232 
-0.846522 -0.100148 -0.522849 -271.921 -0.166537 0.982669 0.0814088 -26.8901 0.505634 0.155988 -0.848529 -79.358 
-0.846406 -0.10008 -0.523049 -272.481 -0.165854 0.982874 0.0803239 -26.8039 0.506052 0.154736 -0.848509 -80.3349 
-0.847448 -0.100071 -0.521362 -273.081 -0.165358 0.982975 0.0801067 -26.736 0.504469 0.154098 -0.849567 -81.2951 
-0.849769 -0.0988579 -0.517803 -274.25 -0.162399 0.983579 0.0787302 -26.5933 0.501518 0.150993 -0.851869 -83.2429 
-0.85366 -0.0954233 -0.512015 -275.395 -0.15897 0.983899 0.0816766 -26.4485 0.495977 0.151119 -0.855085 -85.2179 
-0.861738 -0.093256 -0.49871 -276.518 -0.154825 0.984411 0.0834486 -26.2971 0.483154 0.149124 -0.862743 -87.1979 
-0.866808 -0.0916315 -0.49015 -277.049 -0.15259 0.984559 0.0857902 -26.2178 0.47472 0.149156 -0.867406 -88.2049 
-0.872131 -0.093039 -0.480345 -277.578 -0.153533 0.984206 0.088126 -26.1334 0.46456 0.150606 -0.872641 -89.2161 
-0.878428 -0.0928318 -0.468771 -278.096 -0.15157 0.984424 0.0890788 -26.0489 0.4532 0.149301 -0.878817 -90.2255 
-0.890626 -0.0929689 -0.445132 -279.11 -0.150229 0.984072 0.0950494 -25.8736 0.429206 0.151525 -0.890406 -92.2507 
-0.896326 -0.0918874 -0.433771 -279.583 -0.148837 0.98388 0.0991318 -25.7914 0.41767 0.153416 -0.895553 -93.2757 
-0.901419 -0.0916557 -0.423135 -280.018 -0.147447 0.983901 0.100988 -25.6955 0.407066 0.153423 -0.900421 -94.3089 
-0.90689 -0.0927836 -0.411025 -280.484 -0.147285 0.983726 0.102907 -25.6033 0.394788 0.153863 -0.905797 -95.3305 
-0.912318 -0.0938208 -0.39859 -280.925 -0.147289 0.983436 0.105641 -25.5054 0.382077 0.155086 -0.911024 -96.3607 
-0.916867 -0.0996876 -0.386545 -281.324 -0.151975 0.982567 0.107081 -25.4107 0.369132 0.156924 -0.916033 -97.3993 
-0.921321 -0.103986 -0.374638 -281.722 -0.154607 0.982097 0.107621 -25.3091 0.35674 0.157076 -0.920904 -98.438 
-0.925253 -0.107875 -0.363688 -282.116 -0.157163 0.981574 0.108687 -25.2064 0.345262 0.157722 -0.925158 -99.4753 
-0.930125 -0.115296 -0.348676 -282.865 -0.163348 0.980234 0.111615 -24.9959 0.328916 0.160771 -0.930574 -101.557 
-0.93401 -0.114045 -0.338553 -283.609 -0.160276 0.980719 0.111809 -24.7825 0.319274 0.158692 -0.934281 -103.637 
-0.935693 -0.11337 -0.334103 -283.973 -0.158943 0.98088 0.112299 -24.6768 0.314984 0.15818 -0.935823 -104.678 
-0.937687 -0.111442 -0.329126 -284.331 -0.156093 0.981322 0.112437 -24.5677 0.310448 0.156805 -0.937568 -105.72 
-0.939554 -0.110873 -0.323951 -284.678 -0.154333 0.981693 0.111625 -24.459 0.305645 0.154874 -0.939466 -106.762 
-0.941435 -0.110211 -0.318676 -285.032 -0.152412 0.982109 0.110605 -24.3629 0.300785 0.152697 -0.941388 -107.801 
-0.943233 -0.111053 -0.313015 -285.374 -0.152075 0.982254 0.109771 -24.2575 0.29527 0.151141 -0.943383 -108.845 
-0.947261 -0.112996 -0.299881 -286.049 -0.152662 0.981883 0.112249 -24.0608 0.281765 0.152109 -0.94735 -110.944 
-0.950812 -0.114258 -0.287927 -286.657 -0.154044 0.980813 0.119481 -23.8396 0.268751 0.157957 -0.95017 -113.049 
-0.951945 -0.116301 -0.283329 -286.941 -0.155207 0.980699 0.118915 -23.7239 0.264031 0.157175 -0.951622 -114.094 
-0.953658 -0.114471 -0.278267 -287.25 -0.151646 0.981616 0.115902 -23.6157 0.259884 0.152729 -0.953485 -115.13 
-0.956114 -0.109554 -0.271742 -287.843 -0.145438 0.982593 0.115582 -23.4089 0.254349 0.150031 -0.955404 -117.203 
-0.953713 -0.115659 -0.277589 -288.427 -0.153129 0.981223 0.117274 -23.1984 0.258813 0.154353 -0.953515 -119.242 
-0.946523 -0.120825 -0.299159 -288.988 -0.161617 0.98007 0.115514 -23.0046 0.27924 0.157686 -0.947185 -121.231 
-0.94006 -0.118445 -0.319778 -289.605 -0.162373 0.980086 0.11431 -22.8249 0.29987 0.159382 -0.940572 -123.141 
-0.935725 -0.115558 -0.333264 -290.215 -0.161052 0.980548 0.112193 -22.6534 0.313817 0.158654 -0.936134 -124.988 
-0.936024 -0.110752 -0.334055 -290.57 -0.155244 0.981789 0.109494 -22.5601 0.315845 0.154349 -0.936172 -125.867 
-0.936057 -0.110626 -0.334005 -290.873 -0.154565 0.982073 0.107899 -22.4803 0.316081 0.152625 -0.936375 -126.762 
-0.937328 -0.108259 -0.331205 -291.171 -0.151656 0.98251 0.108047 -22.4052 0.313715 0.151504 -0.937352 -127.662 
-0.942432 -0.104297 -0.317718 -291.721 -0.145563 0.983328 0.10898 -22.2382 0.301055 0.148954 -0.941902 -129.459 
-0.950677 -0.101713 -0.293033 -292.255 -0.139635 0.983906 0.111493 -22.0573 0.276977 0.146911 -0.949579 -131.248 
-0.961466 -0.0962353 -0.25753 -292.734 -0.12973 0.984697 0.116368 -21.8779 0.24239 0.145293 -0.959238 -133.037 
-0.967487 -0.0925419 -0.235383 -292.957 -0.122947 0.98538 0.117939 -21.7842 0.221028 0.143044 -0.96472 -133.923 
-0.97794 -0.0928754 -0.187105 -293.317 -0.116817 0.985722 0.121271 -21.5932 0.17317 0.140452 -0.974826 -135.724 
-0.986704 -0.093093 -0.133221 -293.561 -0.109548 0.98646 0.122045 -21.395 0.120056 0.135016 -0.983543 -137.522 
-0.989969 -0.095481 -0.104139 -293.647 -0.108174 0.986373 0.12396 -21.2923 0.0908846 0.133982 -0.986807 -138.436 
-0.992637 -0.09591 -0.0739808 -293.704 -0.104728 0.986441 0.126354 -21.1894 0.0608591 0.133171 -0.989223 -139.339 
-0.994619 -0.0943182 -0.0428637 -293.74 -0.0991629 0.986508 0.130267 -21.0807 0.0299988 0.133816 -0.990552 -140.256 
-0.995343 -0.0943835 0.0195975 -293.719 -0.0909817 0.986992 0.132552 -20.8653 -0.0318534 0.130152 -0.990982 -142.066 
-0.992371 -0.098271 0.0744542 -293.571 -0.087789 0.98723 0.132926 -20.6466 -0.0865662 0.125376 -0.988325 -143.899 
-0.990369 -0.0995056 0.0962749 -293.475 -0.0861382 0.987199 0.134233 -20.5322 -0.108399 0.124647 -0.986262 -144.819 
-0.988018 -0.105914 0.112258 -293.339 -0.0899625 0.986237 0.138717 -20.4064 -0.125405 0.126956 -0.983949 -145.744 
-0.985972 -0.114224 0.121706 -293.196 -0.0961294 0.984693 0.145389 -20.287 -0.13645 0.13165 -0.98186 -146.672 
-0.984209 -0.119019 0.131022 -292.912 -0.100636 0.985171 0.13896 -20.0353 -0.145618 0.12358 -0.981592 -148.533 
-0.9839 -0.121007 0.131521 -292.651 -0.103594 0.985818 0.132024 -19.7843 -0.145632 0.116273 -0.982483 -150.437 
-0.9848 -0.11947 0.126081 -292.398 -0.102639 0.985859 0.132462 -19.5501 -0.140124 0.117508 -0.983136 -152.385 
-0.985394 -0.11787 0.1229 -292.256 -0.101733 0.986254 0.130205 -19.432 -0.136558 0.1158 -0.983841 -153.365 
-0.986499 -0.11248 0.119026 -291.999 -0.0981381 0.98789 0.12018 -19.1999 -0.131103 0.106876 -0.985591 -155.367 
-0.98695 -0.112185 0.115514 -291.746 -0.0983289 0.987968 0.119373 -18.974 -0.127516 0.106457 -0.986107 -157.422 
-0.986671 -0.116123 0.114002 -291.476 -0.102005 0.987186 0.122712 -18.7384 -0.126791 0.109447 -0.985873 -159.524 
-0.98651 -0.117413 0.114072 -291.347 -0.103298 0.987061 0.122642 -18.6153 -0.126996 0.109204 -0.985874 -160.59 
-0.986199 -0.120144 0.113919 -291.202 -0.106105 0.986819 0.122187 -18.4853 -0.127097 0.108414 -0.985948 -161.662 
-0.985888 -0.12106 0.115627 -290.924 -0.107172 0.98702 0.119605 -18.2378 -0.128606 0.105525 -0.986065 -163.834 
-0.985907 -0.115612 0.120918 -290.637 -0.101818 0.988176 0.114638 -17.9975 -0.132741 0.100711 -0.986021 -166.029 
-0.985466 -0.106154 0.132623 -290.343 -0.0907557 0.988952 0.117209 -17.7679 -0.1436 0.103469 -0.984212 -168.245 
-0.98337 -0.0975278 0.153208 -290.036 -0.0798814 0.989867 0.1174 -17.5375 -0.163105 0.103209 -0.981195 -170.453 
-0.980532 -0.0934238 0.17271 -289.645 -0.0739833 0.990517 0.115771 -17.311 -0.181888 0.10074 -0.978145 -172.651 
-0.977203 -0.0923773 0.191158 -289.223 -0.0705389 0.990498 0.118063 -17.0873 -0.200248 0.101888 -0.974433 -174.846 
-0.975533 -0.0905761 0.20033 -289 -0.0676434 0.990646 0.118508 -16.9744 -0.20919 0.102057 -0.972535 -175.939 
-0.971604 -0.09188 0.218044 -288.525 -0.0676469 0.990928 0.116126 -16.7423 -0.226735 0.0980784 -0.969006 -178.103 
-0.969813 -0.090766 0.226329 -288.274 -0.0658449 0.991141 0.11534 -16.6304 -0.234793 0.0969552 -0.967198 -179.174 
-0.967972 -0.0903082 0.234253 -288.005 -0.0645405 0.991216 0.115437 -16.5194 -0.24262 0.0966211 -0.965298 -180.241 
-0.966333 -0.0900738 0.241014 -287.725 -0.0636867 0.991307 0.115131 -16.4055 -0.249289 0.0959056 -0.963669 -181.3 
