1 1.19763e-11 1.70464e-10 -5.55111e-17 1.19763e-11 1 3.5625e-10 0 1.70464e-10 3.5625e-10 1 2.22045e-16 
0.999999 -0.00122952 -0.000386173 -0.00599483 0.00123031 0.999997 0.00206008 -0.03386 0.000383639 -0.00206055 0.999998 1.3111 
0.999998 -0.00155219 -0.000839141 0.00309655 0.00155379 0.999997 0.00190991 -0.0478643 0.000836174 -0.00191121 0.999998 2.62538 
0.999995 -0.00286507 -0.00090227 -0.00104971 0.00286604 0.999995 0.00107915 -0.0750589 0.000899174 -0.00108173 0.999999 3.94268 
0.999992 -0.00378743 -0.0013995 -0.00324083 0.00378858 0.999992 0.000815705 -0.0855314 0.0013964 -0.000821 0.999999 5.25958 
0.999991 -0.00406649 -0.00154071 0.00916951 0.00406868 0.999991 0.0014151 -0.0928126 0.00153494 -0.00142136 0.999998 6.57916 
0.999984 -0.005407 -0.0013297 -0.00222035 0.00541031 0.999982 0.00249724 -0.110317 0.00131618 -0.00250439 0.999996 7.90621 
0.999985 -0.00523687 -0.00185995 -0.00157059 0.00524278 0.999981 0.00318602 -0.133344 0.00184323 -0.00319572 0.999993 9.23563 
0.999984 -0.00483095 -0.00298273 0.0047056 0.00483514 0.999987 0.00139896 -0.153225 0.00297593 -0.00141336 0.999995 10.5646 
0.999989 -0.00313769 -0.00355269 -0.0121437 0.00313562 0.999995 -0.000588986 -0.172149 0.00355452 0.00057784 0.999994 11.8983 
0.999993 -0.000211357 -0.00365838 -0.0285218 0.000205634 0.999999 -0.00156443 -0.194693 0.0036587 0.00156367 0.999992 13.2357 
0.999989 0.00343944 -0.00311254 -0.0433803 -0.00344481 0.999993 -0.00172153 -0.218021 0.0031066 0.00173224 0.999994 14.5748 
0.99998 0.00540856 -0.00314338 -0.0353693 -0.00541132 0.999985 -0.000872045 -0.24088 0.00313862 0.000889038 0.999995 15.9243 
0.999995 0.00179804 -0.00274855 -0.0622396 -0.00179367 0.999997 0.0015908 -0.257101 0.0027514 -0.00158586 0.999995 17.2757 
0.999992 -0.00275179 -0.00299376 -0.0632323 0.00276113 0.999991 0.00311976 -0.276589 0.00298515 -0.003128 0.999991 18.627 
0.999981 -0.00505142 -0.00344592 -0.0658251 0.00505434 0.999987 0.000837048 -0.298097 0.00344165 -0.00085445 0.999994 19.9785 
0.999967 -0.00707115 -0.00396218 -0.0823683 0.0070665 0.999974 -0.0011867 -0.315093 0.00397047 0.00115866 0.999991 21.3319 
0.999978 -0.00556675 -0.00367314 -0.112143 0.00555564 0.99998 -0.00302792 -0.330025 0.00368992 0.00300745 0.999989 22.6957 
0.999991 -0.00314285 -0.00296638 -0.131797 0.00313981 0.999995 -0.00102872 -0.351945 0.0029696 0.00101939 0.999995 24.062 
0.999993 -0.00275941 -0.00249047 -0.139475 0.00276664 0.999992 0.00290174 -0.378807 0.00248244 -0.00290861 0.999993 25.4385 
0.999986 -0.00495459 -0.00186926 -0.158659 0.00496322 0.999977 0.00464338 -0.388109 0.00184621 -0.00465259 0.999987 26.8103 
0.999957 -0.00897474 -0.00250467 -0.154925 0.00898124 0.999956 0.00259473 -0.403235 0.00248128 -0.00261711 0.999993 28.184 
0.999947 -0.0100437 -0.00234507 -0.19858 0.0100448 0.999949 0.000435988 -0.423244 0.00234057 -0.00045952 0.999997 29.5591 
0.999938 -0.0110297 -0.00182397 -0.221171 0.0110261 0.999937 -0.00196644 -0.443715 0.00184555 0.0019462 0.999996 30.9387 
0.999972 -0.00739627 -0.0013251 -0.23316 0.00739256 0.999969 -0.00278589 -0.467286 0.00134566 0.00277602 0.999995 32.3238 
0.999982 -0.00593442 -0.000971408 -0.230434 0.00592966 0.999971 -0.00482725 -0.505651 0.00100003 0.0048214 0.999988 33.7071 
0.999963 -0.00852189 -0.00118492 -0.320156 0.00851645 0.999953 -0.00452433 -0.492909 0.00122342 0.00451407 0.999989 35.0928 
0.999964 -0.00842808 -0.000876057 -0.363783 0.00842516 0.999959 -0.00328652 -0.515048 0.00090372 0.00327902 0.999994 36.4893 
0.999979 -0.00635404 -0.00113691 -0.379999 0.00635216 0.999978 -0.0016447 -0.545027 0.00114733 0.00163744 0.999998 37.887 
0.999992 -0.00363447 -0.00135943 -0.379609 0.00363253 0.999992 -0.00142872 -0.569289 0.00136462 0.00142377 0.999998 39.2817 
0.999999 -0.000803607 -0.000768454 -0.401625 0.000802563 0.999999 -0.00135817 -0.603909 0.000769544 0.00135755 0.999999 40.6858 
0.999997 0.00227444 -0.000745911 -0.410091 -0.00227514 0.999997 -0.000950733 -0.63214 0.000743746 0.000952427 0.999999 42.0921 
0.999999 0.000998437 -0.000804813 -0.465814 -0.000999344 0.999999 -0.00112709 -0.64042 0.000803687 0.00112789 0.999999 43.4968 
0.999999 0.000481155 -0.000984747 -0.486376 -0.000482374 0.999999 -0.00123832 -0.661294 0.00098415 0.00123879 0.999999 44.9078 
0.999999 0.000984136 -0.00117511 -0.506553 -0.000986096 0.999998 -0.00166859 -0.686457 0.00117347 0.00166975 0.999998 46.3234 
0.999997 -0.000613659 -0.00248665 -0.505319 0.000609628 0.999998 -0.00162127 -0.714964 0.00248764 0.00161975 0.999996 47.7369 
0.999995 0.000106066 -0.00324231 -0.517026 -0.00010695 1 -0.00027236 -0.740999 0.00324228 0.000272705 0.999995 49.1599 
0.99999 -0.000989531 -0.0043514 -0.567018 0.000986006 0.999999 -0.000812196 -0.751477 0.0043522 0.000807898 0.99999 50.5808 
0.999984 -0.00071629 -0.00557562 -0.577985 0.00071326 1 -0.00054544 -0.773972 0.005576 0.000541454 0.999984 52.0063 
0.999981 0.00131361 -0.00605129 -0.605693 -0.00131437 0.999999 -0.000120501 -0.790062 0.00605113 0.000128452 0.999982 53.4378 
0.999979 0.000957599 -0.00642724 -0.613618 -0.000951688 0.999999 0.000922739 -0.816445 0.00642812 -0.000916603 0.999979 54.8647 
0.999976 0.000416029 -0.00687305 -0.621298 -0.000408531 0.999999 0.00109225 -0.840403 0.0068735 -0.00108941 0.999976 56.2957 
0.999968 -0.00244372 -0.00765323 -0.627766 0.00244552 0.999997 0.000226333 -0.860404 0.00765266 -0.000245042 0.999971 57.7238 
0.999961 -0.00353715 -0.0080985 -0.636501 0.00353883 0.999994 0.000193668 -0.881373 0.00809776 -0.000222319 0.999967 59.1497 
0.999965 -0.00265596 -0.00791211 -0.606138 0.00266082 0.999996 0.000603929 -0.92018 0.00791048 -0.00062496 0.999969 60.5824 
0.999968 -0.00363203 -0.00714475 -0.638482 0.00364185 0.999992 0.00136145 -0.949216 0.00713975 -0.00138742 0.999974 62.007 
0.999969 -0.00484307 -0.00625867 -0.66793 0.00484988 0.999988 0.00107296 -0.97829 0.0062534 -0.00110328 0.99998 63.4316 
0.999959 -0.00714606 -0.00548084 -0.710459 0.00714824 0.999974 0.000378899 -0.992052 0.00547799 -0.000418062 0.999985 64.8529 
0.999973 -0.00555576 -0.00474631 -0.721998 0.00555568 0.999985 -3.13094e-05 -1.02684 0.00474641 4.9396e-06 0.999989 66.2705 
0.999982 -0.00451139 -0.00398208 -0.743546 0.00451007 0.99999 -0.000340699 -1.04596 0.00398358 0.000322733 0.999992 67.6838 
0.999995 0.00016656 -0.00322047 -0.754283 -0.000163672 1 0.000896728 -1.07134 0.00322062 -0.000896197 0.999994 69.0979 
0.999991 0.00331496 -0.00252148 -0.768056 -0.00330976 0.999992 0.00206259 -1.08994 0.0025283 -0.00205423 0.999995 70.5121 
0.999969 0.00771877 -0.00161368 -0.783737 -0.00771459 0.999967 0.00258448 -1.11341 0.00163357 -0.00257195 0.999995 71.9228 
0.999915 0.0129049 -0.00160875 -0.749777 -0.0129016 0.999915 0.00208778 -1.15035 0.00163555 -0.00206685 0.999997 73.3222 
0.999847 0.0174831 -0.000994034 -0.735746 -0.0174817 0.999846 0.00146407 -1.18871 0.00101948 -0.00144647 0.999998 74.7252 
0.999821 0.0189225 -0.000569987 -0.742068 -0.0189217 0.99982 0.00128894 -1.21018 0.000594275 -0.00127792 0.999999 76.1266 
0.999817 0.0190622 -0.00170698 -0.679906 -0.0190601 0.999818 0.00124557 -1.23163 0.00173041 -0.0012128 0.999998 77.5185 
0.999832 0.0182666 -0.00127868 -0.706683 -0.0182656 0.999833 0.000784926 -1.24884 0.0012928 -0.000761438 0.999999 78.9119 
0.999858 0.0167701 -0.0014824 -0.721549 -0.0167702 0.999859 -6.24367e-05 -1.27661 0.00148114 8.72879e-05 0.999999 80.3007 
0.999886 0.0148914 -0.0023627 -0.721634 -0.0148917 0.999889 -0.000102661 -1.30484 0.00236091 0.000137834 0.999997 81.6833 
0.999886 0.0149005 -0.00237949 -0.742758 -0.0148999 0.999889 0.00027097 -1.33839 0.00238327 -0.000235485 0.999997 83.069 
0.999899 0.0139334 -0.00285191 -0.772958 -0.0139344 0.999903 -0.000326772 -1.35805 0.00284708 0.000366479 0.999996 84.4526 
0.999903 0.0131263 -0.00457533 -0.765506 -0.0131275 0.999914 -0.000240424 -1.37971 0.00457178 0.000300464 0.99999 85.8296 
0.999912 0.0119794 -0.00564094 -0.794236 -0.0119766 0.999928 0.000526969 -1.40036 0.00564684 -0.000459364 0.999984 87.2113 
0.999919 0.0102995 -0.00743878 -0.769061 -0.0102864 0.999946 0.00178488 -1.43396 0.00745675 -0.00170822 0.999971 88.5908 
0.999938 0.00708507 -0.00856393 -0.806063 -0.00706646 0.999973 0.00220077 -1.45214 0.00857929 -0.00214012 0.999961 89.9663 
0.999949 0.00321709 -0.00959931 -0.851775 -0.00319663 0.999993 0.00214646 -1.47062 0.00960614 -0.00211566 0.999952 91.3298 
0.999949 0.00233188 -0.00979189 -0.884291 -0.00231466 0.999996 0.00176942 -1.49383 0.00979597 -0.00174666 0.99995 92.6959 
0.999943 0.000780117 -0.0106812 -0.891653 -0.000767825 0.999999 0.0011549 -1.51496 0.0106821 -0.00114663 0.999942 94.0566 
0.999933 -0.000273113 -0.011585 -0.901414 0.000277351 1 0.000364218 -1.53826 0.0115849 -0.000367406 0.999933 95.4115 
0.999938 -0.00046526 -0.0111013 -0.933087 0.000464663 1 -5.63367e-05 -1.56661 0.0111013 5.11749e-05 0.999938 96.7646 
0.999925 -0.000872547 -0.0122115 -0.937483 0.000860492 0.999999 -0.000992364 -1.6048 0.0122123 0.000981782 0.999925 98.1092 
0.999933 -1.71563e-05 -0.0115841 -0.981458 1.26998e-05 1 -0.000384781 -1.64025 0.0115841 0.000384608 0.999933 99.4581 
0.999935 0.000407656 -0.0113833 -1.02168 -0.000396649 0.999999 0.000969236 -1.65915 0.0113837 -0.000964658 0.999935 100.802 
0.999932 0.00209616 -0.0115058 -1.04561 -0.00207038 0.999995 0.00225231 -1.68933 0.0115104 -0.00222834 0.999931 102.147 
0.999935 0.00105915 -0.0113554 -1.07486 -0.00104997 0.999999 0.000814014 -1.70892 0.0113562 -0.000802038 0.999935 103.487 
0.999941 0.00158182 -0.0107298 -1.10324 -0.00159904 0.999997 -0.00159651 -1.72965 0.0107273 0.00161357 0.999941 104.825 
0.999941 0.00251779 -0.0105823 -1.11428 -0.00254698 0.999993 -0.00274553 -1.76026 0.0105753 0.00277232 0.99994 106.162 
0.999947 -6.18542e-05 -0.0102494 -1.14738 4.71112e-05 0.999999 -0.00143866 -1.78802 0.0102495 0.0014381 0.999946 107.507 
0.999956 -0.00296363 -0.00886841 -1.18397 0.00296915 0.999995 0.000609037 -1.82152 0.00886656 -0.000635342 0.99996 108.848 
0.99996 -0.00426341 -0.00791815 -1.20863 0.00427277 0.99999 0.00116509 -1.84229 0.00791311 -0.00119888 0.999968 110.186 
0.999968 -0.00214543 -0.00768943 -1.17881 0.00214266 0.999998 -0.000368722 -1.86743 0.0076902 0.000352235 0.99997 111.515 
0.999979 0.00109867 -0.00639917 -1.20554 -0.00111624 0.999996 -0.00274232 -1.89321 0.00639613 0.00274941 0.999976 112.843 
0.999983 0.00274547 -0.00516789 -1.22851 -0.00277067 0.999984 -0.00487591 -1.9187 0.00515443 0.00489015 0.999975 114.167 
0.999985 0.00396599 -0.00384602 -1.27828 -0.00398473 0.99998 -0.00487524 -1.93345 0.00382661 0.00489049 0.999981 115.495 
0.999984 0.00527533 -0.00222192 -1.30142 -0.00528118 0.999983 -0.0026352 -1.97025 0.00220798 0.00264689 0.999994 116.828 
0.999977 0.00666251 -0.000791428 -1.31025 -0.00666284 0.999978 -0.000405717 -1.9895 0.000788707 0.000410981 1 118.162 
0.999985 0.00537859 -0.000660163 -1.28323 -0.00537878 0.999985 -0.000284385 -2.01134 0.000658624 0.000287932 1 119.494 
0.999981 0.00607345 0.000867502 -1.32561 -0.00607282 0.999981 -0.000732331 -2.03556 -0.000871933 0.000727049 0.999999 120.837 
0.999968 0.00777494 0.00182761 -1.33944 -0.00777223 0.999969 -0.00148093 -2.05573 -0.00183907 0.00146668 0.999997 122.198 
0.999955 0.00916904 0.00226751 -1.32514 -0.00916424 0.999956 -0.00211959 -2.07671 -0.00228684 0.00209871 0.999995 123.553 
0.999954 0.00917497 0.00272173 -1.29283 -0.00916596 0.999953 -0.00330596 -2.10881 -0.00275193 0.00328086 0.999991 124.912 
0.999933 0.0110627 0.00333532 -1.3 -0.0110501 0.999932 -0.00377015 -2.14565 -0.0033768 0.00373304 0.999987 126.265 
0.999939 0.0100026 0.00474753 -1.33316 -0.00998492 0.999943 -0.00373998 -2.17284 -0.00478467 0.00369235 0.999982 127.619 
0.999951 0.00822894 0.0054486 -1.3513 -0.008215 0.999963 -0.0025758 -2.19774 -0.00546959 0.00253092 0.999982 128.975 
0.999947 0.00770981 0.00678661 -1.36043 -0.00769944 0.999969 -0.00155294 -2.23196 -0.00679837 0.0015006 0.999976 130.332 
0.999943 0.00782001 0.00733183 -1.3677 -0.00781209 0.999969 -0.00110782 -2.2538 -0.00734027 0.00105048 0.999973 131.681 
0.999965 0.00492185 0.00682528 -1.35491 -0.00491579 0.999988 -0.000904727 -2.27762 -0.00682964 0.000871144 0.999976 133.035 
0.999976 0.00342655 0.00601515 -1.30908 -0.00342484 0.999994 -0.000294168 -2.31442 -0.00601612 0.000273561 0.999982 134.385 
0.999979 0.00181705 0.00626347 -1.33961 -0.00181239 0.999998 -0.000749914 -2.33646 -0.00626482 0.000738546 0.99998 135.738 
0.999987 0.000596386 0.00496514 -1.33835 -0.000592851 1 -0.000713405 -2.36511 -0.00496556 0.000710453 0.999987 137.084 
0.999988 0.00110857 0.00486001 -1.35541 -0.00110852 0.999999 -1.35651e-05 -2.38542 -0.00486002 8.17751e-06 0.999988 138.435 
0.99999 -0.000992666 0.00432989 -1.38904 0.000991445 0.999999 0.000284081 -2.41331 -0.00433017 -0.000279785 0.999991 139.784 
0.999997 -0.000693612 0.00212621 -1.33226 0.000693661 1 -2.22627e-05 -2.43609 -0.0021262 2.37375e-05 0.999998 141.133 
1 0.000281023 -7.86289e-05 -1.26408 -0.000281098 1 -0.00095417 -2.46259 7.83607e-05 0.000954192 1 142.479 
0.999999 -0.000311425 -0.00108299 -1.28765 0.000309991 0.999999 -0.00132355 -2.49013 0.0010834 0.00132322 0.999999 143.827 
0.999996 -0.00228045 -0.00147234 -1.31085 0.00227476 0.99999 -0.00385504 -2.51595 0.00148112 0.00385168 0.999991 145.175 
0.999969 -0.00748671 -0.00246345 -1.31978 0.00747604 0.999963 -0.00431104 -2.54289 0.00249563 0.00429249 0.999988 146.518 
0.999855 -0.0165545 -0.00390365 -1.31027 0.0165477 0.999862 -0.00177406 -2.57613 0.00393247 0.00170921 0.999991 147.87 
0.999732 -0.0224872 -0.0054567 -1.30791 0.0224859 0.999747 -0.000311986 -2.59926 0.00546234 0.000189204 0.999985 149.219 
0.999636 -0.0259813 -0.00729216 -1.28877 0.0259533 0.999656 -0.00391117 -2.62041 0.00739126 0.00372049 0.999966 150.563 
0.999633 -0.0257838 -0.00829419 -1.26409 0.0257229 0.999642 -0.00737053 -2.64387 0.00848127 0.00715448 0.999938 151.905 
0.999693 -0.0233771 -0.00822104 -1.27025 0.0232985 0.999683 -0.00953016 -2.67616 0.00844123 0.0093357 0.999921 153.25 
0.999701 -0.0230255 -0.00828846 -1.28262 0.0229436 0.999688 -0.00985017 -2.70452 0.00851268 0.00965705 0.999917 154.596 
0.999672 -0.0246835 -0.00687912 -1.29722 0.0246405 0.999677 -0.00626686 -2.74301 0.00703159 0.00609529 0.999957 155.944 
0.999514 -0.0304933 -0.00644433 -1.31548 0.0304694 0.999529 -0.00378412 -2.76891 0.00655668 0.00358593 0.999972 157.295 
0.999373 -0.034768 -0.00664236 -1.31809 0.0347522 0.999393 -0.00246856 -2.80007 0.00672415 0.00223618 0.999975 158.643 
0.99932 -0.0362734 -0.00658031 -1.33215 0.0362566 0.999339 -0.00265543 -2.82747 0.00667228 0.00241505 0.999975 159.991 
0.999389 -0.0344871 -0.00560834 -1.3538 0.0344763 0.999403 -0.00200912 -2.8604 0.00567428 0.00181454 0.999982 161.338 
0.999494 -0.0314901 -0.00447425 -1.37884 0.0314784 0.999501 -0.00266192 -2.88973 0.00455584 0.00251974 0.999986 162.687 
0.999586 -0.0284103 -0.00463348 -1.3717 0.0283851 0.999582 -0.00541245 -2.90921 0.00478532 0.00527868 0.999975 164.034 
0.999664 -0.0255035 -0.00459634 -1.36866 0.025475 0.999656 -0.0061574 -2.93932 0.0047518 0.00603824 0.99997 165.383 
0.999739 -0.0225926 -0.00345538 -1.40765 0.022575 0.999732 -0.00504755 -2.9546 0.00356849 0.00496822 0.999981 166.745 
0.999825 -0.0183352 -0.00377157 -1.39746 0.0183146 0.999818 -0.00541004 -2.98571 0.00387008 0.00534001 0.999978 168.108 
0.999831 -0.0176188 -0.00522029 -1.38484 0.0175736 0.999809 -0.00858241 -3.0041 0.0053705 0.00848922 0.99995 169.467 
0.999867 -0.0151208 -0.00615896 -1.4086 0.0150488 0.99982 -0.0115805 -3.02606 0.00633296 0.0114862 0.999914 170.824 
0.999941 -0.00912265 -0.00590147 -1.43911 0.00904654 0.999877 -0.0127978 -3.06243 0.0060175 0.0127437 0.999901 172.189 
0.999972 -0.00432019 -0.00604635 -1.42 0.00424834 0.999921 -0.0118468 -3.09155 0.00609706 0.0118207 0.999912 173.56 
0.999983 -0.00142915 -0.00568943 -1.42851 0.00137145 0.999948 -0.0101335 -3.12264 0.00570361 0.0101255 0.999932 174.935 
0.999968 -0.00265397 -0.00753478 -1.36821 0.00259228 0.999963 -0.00818523 -3.16276 0.00755623 0.00816544 0.999938 176.299 
0.999954 -0.00523389 -0.00803423 -1.3894 0.00517501 0.99996 -0.00733217 -3.19107 0.00807228 0.00729025 0.999941 177.675 
0.999886 -0.0085079 -0.0124396 -1.39219 0.00836328 0.999897 -0.0116323 -3.25318 0.0125373 0.011527 0.999855 180.429 
0.999887 -0.00602958 -0.013802 -1.39383 0.00580603 0.999852 -0.0161798 -3.27662 0.0138975 0.0160978 0.999774 181.809 
0.999894 -0.00212036 -0.0143903 -1.45221 0.00187795 0.999856 -0.0168384 -3.31066 0.014424 0.0168096 0.999755 183.195 
0.999887 0.00194266 -0.0149122 -1.44405 -0.00218231 0.999868 -0.0160715 -3.34929 0.014879 0.0161022 0.99976 184.59 
0.999892 0.00462397 -0.0139268 -1.55008 -0.00476983 0.999934 -0.0104582 -3.45342 0.0138775 0.0105235 0.999848 187.38 
0.999909 0.00308394 -0.0131681 -1.66844 -0.00320677 0.999951 -0.00931733 -3.50524 0.0131387 0.0093587 0.99987 190.183 
0.999917 0.00337327 -0.0124279 -1.68617 -0.00348578 0.999953 -0.0090424 -3.53361 0.0123968 0.00908497 0.999882 191.59 
0.999919 -0.000603136 -0.0127068 -1.70405 0.000487413 0.999958 -0.00910823 -3.57111 0.0127118 0.0091013 0.999878 192.995 
0.999919 -0.00351054 -0.0122201 -1.72247 0.00341107 0.999961 -0.0081517 -3.60493 0.0122482 0.00810935 0.999892 194.413 
0.999905 -0.00729702 -0.011706 -1.73515 0.00722015 0.999952 -0.00659522 -3.63857 0.0117535 0.00651008 0.99991 195.832 
0.999878 -0.0103571 -0.0116854 -1.74358 0.0102774 0.999924 -0.00686322 -3.66889 0.0117556 0.00674229 0.999908 197.253 
0.999898 -0.00867161 -0.0113689 -1.77657 0.00854418 0.999901 -0.0112099 -3.70354 0.0114649 0.0111116 0.999873 198.673 
0.999938 -0.00234335 -0.0109129 -1.82797 0.00216792 0.999869 -0.0160594 -3.74625 0.0109491 0.0160347 0.999811 200.096 
0.999929 0.00713793 -0.00951131 -1.86312 -0.0072885 0.999847 -0.0158914 -3.79576 0.00939643 0.0159596 0.999828 201.528 
0.999847 0.0153659 -0.00840808 -1.88857 -0.0154688 0.999804 -0.0123189 -3.83964 0.00821715 0.0124471 0.999889 202.965 
0.999845 0.015784 -0.00776348 -1.91462 -0.0158622 0.999823 -0.0101245 -3.88271 0.0076023 0.0102461 0.999919 204.402 
0.999871 0.0137376 -0.00838153 -1.93133 -0.0138192 0.999857 -0.00975259 -3.91987 0.00824635 0.00986716 0.999917 205.839 
0.999887 0.0118794 -0.00922484 -1.94143 -0.0119686 0.999882 -0.00966732 -3.95882 0.00910891 0.00977663 0.999911 207.287 
0.999902 0.00853572 -0.0111327 -1.93994 -0.00865119 0.999909 -0.0103656 -3.99422 0.0110432 0.0104608 0.999884 208.732 
0.999885 0.0100071 -0.0113862 -1.9541 -0.0101328 0.999888 -0.0110317 -4.03117 0.0112746 0.0111459 0.999874 210.187 
0.999866 0.0115812 -0.0115531 -1.97948 -0.0117085 0.999871 -0.0110138 -4.06272 0.0114241 0.0111476 0.999873 211.649 
0.999839 0.0135974 -0.0116796 -1.98585 -0.0137165 0.999854 -0.0101789 -4.11294 0.0115395 0.0103374 0.99988 213.11 
0.999843 0.0133125 -0.0117157 -2.01601 -0.0134362 0.999854 -0.0105437 -4.16259 0.0115736 0.0106995 0.999876 214.58 
0.999846 0.0129418 -0.0118848 -2.03896 -0.0130762 0.999851 -0.0113062 -4.20824 0.0117367 0.0114599 0.999865 216.053 
0.999839 0.0129822 -0.0123507 -2.03874 -0.0131302 0.999842 -0.0119716 -4.23766 0.0121933 0.0121318 0.999852 217.529 
0.999844 0.0123251 -0.0126186 -2.09705 -0.0124781 0.999849 -0.0121188 -4.26609 0.0124674 0.0122744 0.999847 219.007 
0.999825 0.013486 -0.0129369 -2.10608 -0.0136484 0.999828 -0.0125499 -4.31021 0.0127654 0.0127243 0.999838 220.485 
0.99982 0.0137974 -0.0130063 -2.14097 -0.0139643 0.99982 -0.0128338 -4.35 0.0128269 0.0130131 0.999833 221.971 
0.999754 0.0173937 -0.0137943 -2.11411 -0.0175771 0.999757 -0.0132852 -4.3932 0.0135599 0.0135244 0.999817 223.453 
0.999781 0.0157741 -0.0137232 -2.18722 -0.0159648 0.999776 -0.0138992 -4.40322 0.0135009 0.0141153 0.999809 224.941 
0.999763 0.0160748 -0.0146478 -2.19766 -0.0162857 0.999764 -0.0143924 -4.43937 0.014413 0.0146276 0.999789 226.429 
0.999777 0.0153494 -0.0144902 -2.23902 -0.0155571 0.999776 -0.0143274 -4.48933 0.0142671 0.0145496 0.999792 227.918 
0.999801 0.0139054 -0.0143121 -2.26982 -0.014115 0.999793 -0.0146525 -4.53554 0.0141054 0.0148516 0.99979 229.408 
0.999815 0.0121297 -0.0148947 -2.27434 -0.0123477 0.999817 -0.014626 -4.58253 0.0147146 0.0148072 0.999782 230.899 
0.999845 0.00839192 -0.0154739 -2.31111 -0.00860576 0.999868 -0.0138047 -4.62154 0.015356 0.0139357 0.999785 232.39 
0.999849 0.00719234 -0.0158279 -2.34779 -0.00740672 0.999881 -0.0135277 -4.66573 0.0157287 0.0136429 0.999783 233.884 
0.999851 0.00596539 -0.0161859 -2.39364 -0.00619175 0.999883 -0.0139711 -4.69738 0.0161007 0.0140693 0.999771 235.381 
0.999866 0.00578767 -0.0152889 -2.46805 -0.00599974 0.999886 -0.0138615 -4.76927 0.0152069 0.0139514 0.999787 236.881 
0.999876 0.00492229 -0.0149572 -2.52607 -0.0051213 0.999898 -0.0132961 -4.80508 0.0148902 0.0133711 0.9998 238.38 
0.999882 0.00528922 -0.0144244 -2.56427 -0.00545089 0.999923 -0.0111919 -4.8521 0.0143641 0.0112692 0.999833 239.887 
0.999888 0.00535766 -0.0139882 -2.5937 -0.00550813 0.999927 -0.0107406 -4.89712 0.0139296 0.0108164 0.999844 241.396 
0.999894 0.00489669 -0.0137168 -2.61855 -0.00506581 0.999911 -0.0123219 -4.94358 0.0136553 0.01239 0.99983 242.911 
0.999896 0.00437161 -0.0137194 -2.64075 -0.0045545 0.999901 -0.0133283 -4.99434 0.0136598 0.0133894 0.999817 244.425 
0.999889 0.00618714 -0.0135659 -2.65424 -0.00636303 0.999896 -0.0129606 -5.03121 0.0134843 0.0130455 0.999824 245.948 
0.999885 0.00681606 -0.0135612 -2.68905 -0.00697685 0.999906 -0.011845 -5.07697 0.0134792 0.0119382 0.999838 247.471 
0.999879 0.00664223 -0.0140906 -2.71624 -0.00680324 0.999912 -0.0114096 -5.11848 0.0140136 0.0115041 0.999836 248.992 
0.999875 0.0064896 -0.0144265 -2.76569 -0.00665427 0.999913 -0.0113958 -5.14929 0.0143513 0.0114904 0.999831 250.521 
0.999857 0.00958957 -0.0139361 -2.79693 -0.00974488 0.999891 -0.0111196 -5.19019 0.013828 0.0112539 0.999841 252.049 
0.99987 0.0084628 -0.0137451 -2.85348 -0.00860895 0.999907 -0.0106087 -5.24037 0.013654 0.0107257 0.999849 253.579 
0.999838 0.0111699 -0.0141063 -2.84785 -0.0113213 0.999879 -0.0106966 -5.27735 0.0139852 0.0108545 0.999843 255.111 
0.999843 0.0107813 -0.0140901 -2.8637 -0.0109333 0.999882 -0.0107507 -5.31916 0.0139725 0.010903 0.999843 256.645 
0.999836 0.0109258 -0.0144267 -2.85568 -0.011071 0.999888 -0.010025 -5.36858 0.0143156 0.0101831 0.999846 258.183 
0.999848 0.010473 -0.0139176 -2.88931 -0.0106062 0.999898 -0.00952938 -5.39913 0.0138164 0.00967555 0.999858 259.723 
0.999869 0.0086483 -0.0136927 -2.95076 -0.0087894 0.999909 -0.0102779 -5.40899 0.0136025 0.0103969 0.999853 261.261 
0.999872 0.00798449 -0.0138567 -2.9758 -0.00814259 0.999902 -0.0113909 -5.44915 0.0137644 0.0115023 0.999839 262.799 
0.999881 0.0086819 -0.0127806 -3.00638 -0.00880622 0.999914 -0.00970399 -5.50386 0.0126952 0.00981538 0.999871 264.335 
0.996062 0.0558787 0.0688277 -0.282884 -0.0560745 0.998426 0.000914297 -4.06687 -0.0686682 -0.00477017 0.997628 221.959 
0.996212 0.053684 0.0684089 -0.182061 -0.0538176 0.998551 0.000109831 -4.08177 -0.0683039 -0.00379102 0.997657 223.497 
0.99617 0.0538884 0.0688556 -0.0750882 -0.0539559 0.998543 -0.000880034 -4.11175 -0.0688027 -0.0028385 0.997626 225.034 
0.996147 0.0540201 0.0690921 0.0498078 -0.0540684 0.998537 -0.00117212 -4.14202 -0.0690543 -0.0025681 0.99761 226.569 
0.995951 0.0561264 0.0702256 0.138682 -0.0561883 0.99842 -0.00109542 -4.16768 -0.0701761 -0.00285487 0.997531 228.108 
0.995796 0.0577376 0.0711161 0.242381 -0.0577789 0.998328 -0.00147876 -4.18517 -0.0710826 -0.00263647 0.997467 229.652 
0.995606 0.0597466 0.0721064 0.355531 -0.0597856 0.99821 -0.00161904 -4.23272 -0.0720741 -0.00269899 0.997396 231.194 
0.995495 0.0597592 0.0736169 0.390205 -0.0598002 0.998209 -0.00164976 -4.25901 -0.0735836 -0.00275997 0.997285 232.735 
0.995453 0.0596902 0.0742371 0.49037 -0.0596779 0.998215 -0.00238583 -4.28933 -0.074247 -0.00205533 0.997238 234.273 
0.995411 0.0591264 0.0752421 0.594799 -0.0590725 0.998249 -0.00294341 -4.3313 -0.0752844 -0.00151484 0.997161 235.82 
0.995279 0.0594386 0.0767208 0.68794 -0.0594115 0.99823 -0.00263821 -4.3549 -0.0767418 -0.00193234 0.997049 237.367 
0.995211 0.058977 0.0779525 0.776578 -0.0590239 0.998255 -0.00170483 -4.38345 -0.077917 -0.00290439 0.996956 238.918 
0.995152 0.0591383 0.0785855 0.890458 -0.0592012 0.998245 -0.00153083 -4.40669 -0.0785381 -0.00312895 0.996906 240.466 
0.995295 0.0572542 0.0781688 1.09014 -0.0569515 0.998358 -0.00609749 -4.47534 -0.0783896 0.00161696 0.996921 243.556 
0.995495 0.0563316 0.0762718 1.23061 -0.0559972 0.99841 -0.00651652 -4.49528 -0.0765176 0.00221615 0.997066 245.099 
0.995511 0.0564092 0.0759991 1.34971 -0.0560833 0.998405 -0.0064166 -4.54212 -0.0762399 0.00212552 0.997087 246.654 
0.995673 0.0554459 0.0745768 1.51444 -0.0550665 0.998457 -0.00713598 -4.61277 -0.0748574 0.00299843 0.99719 249.767 
0.995679 0.0557419 0.0742718 1.6195 -0.0554007 0.998442 -0.00664741 -4.64969 -0.0745266 0.00250397 0.997216 251.333 
0.995656 0.0557554 0.0745701 1.65532 -0.0554211 0.998442 -0.00654542 -4.68131 -0.0748189 0.00238422 0.997194 252.902 
0.995753 0.0556776 0.0733164 1.80531 -0.0554586 0.998448 -0.0050214 -4.7257 -0.0734822 0.000934055 0.997296 254.473 
0.995737 0.0571302 0.0724197 1.92194 -0.0570039 0.998367 -0.00381173 -4.75225 -0.0725191 -0.000332719 0.997367 256.055 
0.995629 0.0580559 0.0731542 2.03305 -0.0579254 0.998313 -0.00390577 -4.77623 -0.0732575 -0.00034879 0.997313 257.635 
0.995366 0.0610861 0.074262 2.15841 -0.0609545 0.998132 -0.00403949 -4.81439 -0.0743701 -0.000505831 0.997231 259.217 
0.995404 0.0594236 0.0751004 2.23341 -0.0592851 0.998233 -0.00407366 -4.85062 -0.0752098 -0.000397403 0.997168 260.812 
0.995731 0.0548295 0.0742574 2.32116 -0.0545882 0.998495 -0.00527727 -4.87421 -0.074435 0.00120116 0.997225 262.404 
0.995839 0.0532064 0.0739913 2.45546 -0.0528549 0.99858 -0.00670295 -4.93151 -0.0742429 0.00276426 0.997236 264 
0.996 0.0508359 0.0734809 2.55471 -0.0504091 0.998699 -0.00765163 -4.96728 -0.0737743 0.00391692 0.997267 265.603 
0.996139 0.052248 0.0705491 2.72762 -0.0517614 0.998622 -0.00870918 -5.00451 -0.0709069 0.00502384 0.99747 267.207 
0.996225 0.0531931 0.0686043 2.81974 -0.0527762 0.998575 -0.00787598 -5.04377 -0.0689255 0.00422557 0.997613 268.816 
0.996129 0.0551656 0.0684376 2.92445 -0.0549711 0.998477 -0.00472392 -5.07249 -0.068594 0.000943545 0.997644 270.436 
0.996173 0.053587 0.0690431 3.03026 -0.0535646 0.998562 -0.00217705 -5.08717 -0.0690605 -0.00152955 0.997611 272.059 
0.99619 0.0527052 0.0694858 3.1233 -0.0527091 0.998608 -0.00177995 -5.11339 -0.0694829 -0.00188936 0.997581 273.686 
0.996226 0.051747 0.0696808 3.22616 -0.0516538 0.99866 -0.00313992 -5.14047 -0.0697499 -0.000471204 0.997564 275.311 
0.996402 0.0487749 0.069309 3.34528 -0.0486912 0.99881 -0.0028973 -5.17873 -0.0693678 -0.000487868 0.997591 276.934 
0.996393 0.0483722 0.069719 3.42871 -0.0483103 0.998829 -0.00257467 -5.20783 -0.0697619 -0.00080276 0.997563 278.563 
0.996443 0.0470487 0.0699124 3.48903 -0.0469561 0.998893 -0.00296722 -5.22287 -0.0699745 -0.000326149 0.997549 280.184 
0.996308 0.0493919 0.0702239 3.61149 -0.0492395 0.998779 -0.0039005 -5.26411 -0.0703309 0.000428306 0.997524 281.807 
0.99602 0.0519741 0.0724136 3.68572 -0.0517882 0.998648 -0.00444287 -5.30344 -0.0725466 0.000675016 0.997365 283.435 
0.996084 0.0496574 0.0731501 3.81467 -0.0495949 0.998766 -0.00267119 -5.32951 -0.0731925 -0.000967142 0.997317 285.055 
0.996117 0.0487557 0.0733104 3.92744 -0.0487569 0.998809 -0.00177389 -5.36846 -0.0733096 -0.00180739 0.997308 286.678 
0.996169 0.0479981 0.0730993 4.04152 -0.0478974 0.998847 -0.00312976 -5.40318 -0.0731653 -0.000383503 0.99732 288.293 
0.996126 0.0488027 0.0731546 4.1214 -0.0487152 0.998808 -0.00298198 -5.44657 -0.073213 -0.000593314 0.997316 289.911 
0.99605 0.0509463 0.072724 4.22793 -0.0507289 0.998701 -0.00483539 -5.48853 -0.0728759 0.00112708 0.99734 291.521 
0.9961 0.05191 0.0713465 4.33939 -0.0515195 0.998645 -0.00730438 -5.53808 -0.071629 0.00360016 0.997425 293.123 
0.99611 0.0526155 0.0706894 4.41278 -0.0522817 0.998611 -0.00656572 -5.59177 -0.0709366 0.00284442 0.997477 294.731 
0.996157 0.0529094 0.0697934 4.50677 -0.0528142 0.998599 -0.00321009 -5.6199 -0.0698655 -0.000488326 0.997556 296.336 
0.9961 0.055042 0.068959 4.61241 -0.0551369 0.998479 -0.0005271 -5.64981 -0.0688831 -0.00327714 0.997619 297.949 
0.996246 0.0550462 0.0668138 4.74057 -0.0550457 0.998482 -0.00185 -5.67692 -0.0668142 -0.00183476 0.997764 299.55 
0.99644 0.0540421 0.0647088 4.84045 -0.0539407 0.998539 -0.00331441 -5.71415 -0.0647933 -0.000187819 0.997899 301.146 
0.996554 0.053788 0.0631421 4.94081 -0.0537746 0.998551 -0.00191229 -5.74752 -0.0631535 -0.00148974 0.998003 302.745 
0.996671 0.0526685 0.0622343 5.02534 -0.0526822 0.99861 -0.00142254 -5.77539 -0.0622227 -0.00186083 0.998061 304.342 
0.99675 0.0518795 0.061621 5.11519 -0.0518486 0.998653 -0.00210091 -5.81112 -0.0616469 -0.00110088 0.998097 305.938 
0.99671 0.0524266 0.0618161 5.19923 -0.0523338 0.998625 -0.00311969 -5.84004 -0.0618946 -0.000125644 0.998083 307.53 
0.996758 0.0520917 0.0613253 5.28092 -0.0519887 0.998642 -0.0032755 -5.86436 -0.0614127 7.66583e-05 0.998112 309.125 
0.996728 0.0520157 0.0618722 5.35372 -0.0519068 0.998646 -0.00336775 -5.90161 -0.0619637 0.000145141 0.998078 310.715 
0.996894 0.0497204 0.0610829 5.44541 -0.0495827 0.998763 -0.00376949 -5.93549 -0.0611948 0.000729125 0.998126 312.304 
0.996937 0.0489403 0.0610001 5.51232 -0.0487562 0.998801 -0.0045036 -5.96574 -0.0611473 0.00151567 0.998128 313.893 
0.997088 0.0467382 0.0602642 5.62756 -0.0465761 0.998906 -0.00409244 -6.00878 -0.0603896 0.00127365 0.998174 315.478 
0.997056 0.0465588 0.0609163 5.67537 -0.0463529 0.998914 -0.00478948 -6.03967 -0.0610731 0.00195173 0.998131 317.068 
0.997052 0.0458619 0.0615084 5.7471 -0.0455921 0.998943 -0.00578321 -6.08537 -0.0617086 0.00296186 0.99809 318.653 
0.997031 0.0451014 0.062409 5.82571 -0.0449572 0.998982 -0.00371303 -6.13078 -0.0625129 0.000896271 0.998044 320.249 
0.997119 0.0423211 0.0629525 5.86511 -0.0422205 0.999104 -0.00292714 -6.15051 -0.06302 0.000260817 0.998012 321.846 
0.9971 0.0426887 0.0629989 5.97416 -0.0425345 0.999088 -0.00378696 -6.18177 -0.0631031 0.00109635 0.998006 323.44 
0.997006 0.044363 0.0633347 6.06472 -0.0441617 0.999014 -0.00457543 -6.21373 -0.0634752 0.00176476 0.997982 325.043 
0.996999 0.0452851 0.062786 6.16853 -0.0451414 0.998974 -0.00370649 -6.25246 -0.0628894 0.000861122 0.99802 326.628 
0.996942 0.0461928 0.0630379 6.25922 -0.0461101 0.998933 -0.00276673 -6.28782 -0.0630984 -0.000148416 0.998007 328.265 
0.996889 0.0473458 0.0630105 6.37937 -0.0472502 0.998879 -0.00300626 -6.32163 -0.0630822 1.96524e-05 0.998008 329.871 
0.996713 0.0498113 0.0638872 6.46141 -0.0496589 0.998758 -0.0039722 -6.35386 -0.0640057 0.000786576 0.997949 331.424 
0.996774 0.0486631 0.0638275 6.53399 -0.0485183 0.998815 -0.00381636 -6.38743 -0.0639376 0.000707244 0.997954 333.028 
0.996743 0.0488055 0.0642026 6.62644 -0.0486492 0.998808 -0.00399684 -6.41926 -0.0643211 0.000860417 0.997929 334.631 
0.996555 0.0510625 0.0653435 6.67722 -0.0509018 0.998695 -0.00412392 -6.46421 -0.0654689 0.000783616 0.997854 336.244 
0.996471 0.0526081 0.0654125 6.77755 -0.0524803 0.998615 -0.00367223 -6.50137 -0.0655151 0.000226402 0.997852 337.854 
0.996346 0.0546005 0.0656708 6.86476 -0.0544156 0.998508 -0.00460264 -6.52915 -0.0658241 0.00101231 0.997831 339.472 
0.996141 0.0568195 0.0668965 6.91503 -0.0565841 0.998383 -0.00541043 -6.55915 -0.0670958 0.00160427 0.997745 341.08 
0.996175 0.0569425 0.0662747 7.04004 -0.0566923 0.998376 -0.00565149 -6.58612 -0.0664888 0.00187261 0.997785 342.693 
0.996066 0.058242 0.0667912 7.12048 -0.0580509 0.998302 -0.0048 -6.62196 -0.0669574 0.000903825 0.997755 344.308 
0.99583 0.0610939 0.0677512 7.20638 -0.0609168 0.998132 -0.0046779 -6.66221 -0.0679104 0.000531201 0.997691 345.926 
0.995662 0.0631268 0.0683494 7.29103 -0.0629003 0.998005 -0.0054632 -6.69532 -0.0685579 0.0011403 0.997646 347.553 
0.995579 0.0644303 0.0683524 7.39074 -0.0642148 0.997922 -0.00534783 -6.73355 -0.0685549 0.000934952 0.997647 349.171 
