1 1.19763e-11 1.70464e-10 5.55111e-17 1.19763e-11 1 3.5625e-10 0 1.70464e-10 3.5625e-10 1 2.22045e-16 
0.999775 -0.00946307 0.0189937 0.0651508 0.00949635 0.999954 -0.00166256 -0.0247415 -0.018977 0.00184255 0.999818 1.18521 
0.999789 -0.0134262 -0.0155588 0.057859 0.0133453 0.999897 -0.00528982 -0.0433315 0.0156282 0.00508107 0.999865 2.16198 
0.99852 -0.00519683 -0.0541452 0.00341514 0.004866 0.999969 -0.00623997 -0.0630497 0.0541759 0.00596726 0.998514 2.87551 
0.997237 -0.00450796 -0.0741536 -0.030863 0.00401261 0.999969 -0.0068277 -0.0708538 0.0741821 0.00651129 0.997224 3.24715 
0.993338 -0.00732914 -0.115005 -0.12313 0.00675202 0.999963 -0.00540698 -0.085179 0.115041 0.00459444 0.99335 4.0219 
0.988853 -0.00473132 -0.148821 -0.271424 0.00421114 0.999984 -0.00381028 -0.104355 0.148837 0.0031411 0.988857 4.82831 
0.984582 -0.00488431 -0.174855 -0.441034 0.00414308 0.999981 -0.00460392 -0.123056 0.174874 0.00380849 0.984583 5.68309 
0.981204 -0.00817602 -0.192802 -0.622388 0.00656866 0.999938 -0.00897463 -0.139892 0.192863 0.00753949 0.981197 6.58694 
0.978032 -0.00786601 -0.208306 -0.834805 0.00520747 0.999898 -0.013308 -0.160426 0.20839 0.0119309 0.977973 7.54838 
0.974445 -0.0179421 -0.22391 -1.05287 0.014605 0.999756 -0.0165511 -0.187051 0.224152 0.0128579 0.974469 8.55498 
0.970381 -0.0147765 -0.241127 -1.31795 0.00962766 0.9997 -0.0225173 -0.21944 0.241388 0.0195289 0.970232 9.60761 
0.968217 -0.0117573 -0.249833 -1.46151 0.00541003 0.999645 -0.0260775 -0.243439 0.250051 0.0238971 0.967938 10.149 
0.965998 -0.013826 -0.258178 -1.60092 0.00693571 0.999595 -0.0275799 -0.273656 0.258454 0.0248515 0.965704 10.6997 
0.961395 -0.0166012 -0.274673 -1.9029 0.00799167 0.999442 -0.0324343 -0.327927 0.275058 0.028987 0.960991 11.8293 
0.954999 -0.017963 -0.296066 -2.43094 0.00386345 0.998833 -0.0481395 -0.414923 0.296585 0.0448293 0.953954 13.6035 
0.95371 -0.0184829 -0.300158 -2.62093 0.00161928 0.998411 -0.0563342 -0.442032 0.300723 0.0532405 0.952225 14.2169 
0.952471 -0.018583 -0.304062 -2.81937 -0.00121639 0.997898 -0.0647976 -0.478137 0.304627 0.0620877 0.950446 14.8415 
0.951174 -0.0179842 -0.308132 -3.02473 -0.00504506 0.997262 -0.0737789 -0.519018 0.308615 0.071731 0.948478 15.4771 
0.949837 -0.0176562 -0.312246 -3.23733 -0.00804806 0.996695 -0.0808407 -0.570138 0.312642 0.0792985 0.946555 16.1246 
0.948193 -0.0153812 -0.317321 -3.47158 -0.0130072 0.99611 -0.0871505 -0.630815 0.317428 0.086763 0.944305 16.7949 
0.946582 -0.0144355 -0.322139 -3.70362 -0.0164963 0.995522 -0.0930837 -0.696851 0.32204 0.0934254 0.942105 17.4415 
0.944906 -0.012224 -0.327113 -3.95102 -0.0211499 0.994935 -0.098274 -0.769005 0.326657 0.0997781 0.939861 18.1139 
0.943182 -0.00961 -0.332138 -4.20623 -0.0256314 0.994499 -0.101561 -0.844372 0.331287 0.104303 0.937747 18.801 
0.941412 -0.0080758 -0.33716 -4.46663 -0.0282631 0.994308 -0.102732 -0.923399 0.336071 0.106242 0.935825 19.4975 
0.939191 -0.00794591 -0.343303 -4.73067 -0.0288686 0.994366 -0.101992 -1.00732 0.342179 0.105701 0.933671 20.2076 
0.936868 -0.0075193 -0.349602 -5.00232 -0.0294695 0.994514 -0.100363 -1.09105 0.348439 0.10433 0.931507 20.9243 
0.931099 -0.00694884 -0.364699 -5.57559 -0.0300374 0.994962 -0.0956449 -1.26005 0.363527 0.10001 0.9262 22.3896 
0.927739 -0.00507723 -0.373195 -5.89573 -0.0307004 0.995481 -0.0898626 -1.35312 0.371964 0.0948263 0.923391 23.1412 
0.920624 0.00224746 -0.390443 -6.55319 -0.0364877 0.996103 -0.0803005 -1.52649 0.388741 0.0881729 0.917118 24.6298 
0.908864 0.00326854 -0.417081 -7.60633 -0.0387532 0.996305 -0.0766397 -1.76197 0.415289 0.0858182 0.905632 26.9144 
0.897202 0.00400336 -0.441603 -8.75708 -0.0382014 0.996914 -0.068576 -1.99023 0.439966 0.0783964 0.894586 29.2614 
0.889627 0.00652417 -0.456641 -9.5807 -0.0373265 0.997591 -0.0584665 -2.13002 0.45516 0.0690582 0.887728 30.8642 
0.882564 0.00476447 -0.470168 -10.4443 -0.034988 0.997842 -0.0555652 -2.25826 0.468888 0.06549 0.880826 32.4921 
0.876405 0.0044446 -0.481554 -11.3541 -0.0336562 0.998078 -0.0520406 -2.38108 0.480397 0.0618159 0.87487 34.1521 
0.871601 0.00216716 -0.490212 -12.3023 -0.0319671 0.998113 -0.0524253 -2.50533 0.489173 0.0613646 0.870025 35.8444 
0.869749 0.00252515 -0.493488 -13.2883 -0.0322997 0.998134 -0.0518192 -2.63809 0.492437 0.0610092 0.868207 37.6162 
0.869414 0.00187386 -0.49408 -14.2895 -0.0303751 0.998304 -0.0496637 -2.77514 0.493149 0.058186 0.867997 39.4271 
0.867693 -0.00258007 -0.497094 -15.3346 -0.0261242 0.998368 -0.0507824 -2.90914 0.496414 0.0570497 0.866209 41.2652 
0.864027 -0.00213553 -0.503441 -16.4055 -0.0236476 0.998715 -0.0448213 -3.04362 0.50289 0.050632 0.862866 43.1146 
0.857317 -0.00232274 -0.514784 -17.4925 -0.020298 0.99906 -0.038312 -3.17307 0.514389 0.0432946 0.856464 44.9497 
0.845979 -0.00982191 -0.533125 -18.6194 -0.0161719 0.998898 -0.0440651 -3.29854 0.53297 0.0458998 0.844888 46.7661 
0.83395 -0.00690796 -0.551798 -19.8228 -0.0172763 0.999105 -0.038618 -3.41024 0.55157 0.0417385 0.833083 48.5507 
0.828712 -0.00160584 -0.559674 -20.4338 -0.0205063 0.999237 -0.0332308 -3.46527 0.5593 0.0390155 0.828047 49.4334 
0.824474 -0.00142081 -0.565898 -21.057 -0.021837 0.999172 -0.0343237 -3.51714 0.565478 0.0406565 0.823761 50.2968 
0.817964 -0.00641238 -0.575233 -22.2986 -0.0249715 0.998599 -0.0466406 -3.63503 0.574727 0.0525148 0.816659 52.0118 
0.811107 -0.00617406 -0.584865 -23.5601 -0.0243609 0.99872 -0.0443273 -3.76156 0.58439 0.050202 0.809919 53.7342 
0.807862 -0.00279969 -0.589364 -24.2013 -0.0243917 0.998973 -0.03818 -3.82252 0.588866 0.0452197 0.806965 54.5969 
0.804763 -0.00107241 -0.593595 -24.8457 -0.0245564 0.999082 -0.0350972 -3.8757 0.593088 0.0428215 0.803998 55.4567 
0.80164 -0.000716807 -0.597807 -25.4948 -0.0255765 0.999043 -0.0354952 -3.92143 0.59726 0.0437442 0.800854 56.3134 
0.798095 -0.00190662 -0.602529 -26.1483 -0.0256941 0.998978 -0.0371949 -3.97158 0.601984 0.0451665 0.79723 57.1703 
0.794043 -0.00449012 -0.607845 -26.809 -0.0246916 0.998909 -0.0396343 -4.0193 0.607359 0.04648 0.793066 58.0151 
0.789638 -0.00588399 -0.613545 -27.4825 -0.0238154 0.998907 -0.0402303 -4.07062 0.613111 0.0463792 0.788634 58.8646 
0.785123 -0.00569829 -0.619313 -28.1597 -0.0235569 0.998959 -0.0390552 -4.12609 0.618891 0.0452522 0.784172 59.6958 
0.780153 -0.00523078 -0.625567 -28.845 -0.0239325 0.998984 -0.0381997 -4.18729 0.625131 0.0447729 0.779235 60.5311 
0.774757 -0.0065275 -0.632225 -29.5412 -0.0236716 0.998946 -0.039322 -4.24826 0.631815 0.0454308 0.773787 61.3609 
0.769223 -0.00810874 -0.63893 -30.245 -0.0229943 0.99892 -0.0403608 -4.30839 0.638567 0.0457382 0.768206 62.1921 
0.763546 -0.00912752 -0.645688 -30.9578 -0.0227302 0.998901 -0.0409997 -4.36913 0.645353 0.0459818 0.762499 63.0178 
0.757811 -0.0105098 -0.65239 -31.6783 -0.0222484 0.998873 -0.0419351 -4.43169 0.652095 0.0462935 0.756722 63.8405 
0.751598 -0.0125318 -0.659502 -32.4174 -0.0214244 0.998828 -0.0433958 -4.49539 0.659273 0.0467456 0.750449 64.6696 
0.739035 -0.0135369 -0.673531 -33.9024 -0.0196637 0.998939 -0.0416532 -4.62179 0.67338 0.0440272 0.737985 66.2939 
0.726076 -0.015436 -0.687442 -35.4526 -0.017872 0.998987 -0.0413079 -4.75947 0.687383 0.0422787 0.725064 67.891 
0.713385 -0.0164426 -0.70058 -37.0546 -0.019198 0.998891 -0.0429928 -4.90623 0.700509 0.0441201 0.712278 69.473 
0.702843 -0.0150363 -0.711187 -38.6925 -0.0208797 0.99891 -0.0417542 -5.05786 0.711039 0.044196 0.701762 71.0526 
0.692649 -0.0178025 -0.721055 -40.3516 -0.0214703 0.998743 -0.045283 -5.21417 0.720955 0.0468465 0.691396 72.6231 
0.682418 -0.0211437 -0.730657 -42.0471 -0.021541 0.998566 -0.0490152 -5.3695 0.730645 0.0491879 0.680983 74.1846 
0.672242 -0.0200462 -0.740061 -43.7838 -0.0209892 0.998715 -0.0461182 -5.52705 0.740034 0.0465358 0.670957 75.7356 
0.662209 -0.0221648 -0.748991 -45.5383 -0.0191289 0.998737 -0.046468 -5.67712 0.749075 0.0450989 0.660949 77.2778 
0.657692 -0.0232386 -0.752929 -46.4323 -0.0180077 0.998753 -0.0465557 -5.7518 0.753072 0.0441778 0.656453 78.0513 
0.649816 -0.0259303 -0.759649 -48.239 -0.0145525 0.99881 -0.0465424 -5.89842 0.759953 0.0412988 0.648665 79.5962 
0.645509 -0.0306692 -0.763137 -49.1522 -0.0111693 0.998707 -0.0495841 -5.97852 0.763671 0.0405306 0.644332 80.3613 
0.640457 -0.0354895 -0.767173 -50.076 -0.00685873 0.998628 -0.0519224 -6.06436 0.767963 0.0385159 0.639335 81.1292 
0.633965 -0.0393573 -0.77236 -51.0016 -0.00163804 0.998634 -0.0522321 -6.1534 0.77336 0.0343785 0.633034 81.8906 
0.616297 -0.0442673 -0.786269 -52.8957 0.00631046 0.998664 -0.051279 -6.32682 0.787489 0.0266414 0.615753 83.3966 
0.598199 -0.0420398 -0.800244 -54.8487 0.00632043 0.998839 -0.0477481 -6.49594 0.801323 0.023505 0.59777 84.8619 
0.578477 -0.0457728 -0.814413 -56.8446 0.0061903 0.998642 -0.0517301 -6.66071 0.815675 0.0248832 0.577975 86.2849 
0.558199 -0.0482677 -0.828302 -58.8809 0.00899574 0.9986 -0.0521292 -6.83733 0.829659 0.0216472 0.557851 87.6763 
0.537129 -0.0484212 -0.842109 -60.9641 0.0107306 0.998662 -0.0505786 -7.01508 0.843432 0.0181309 0.536931 89.0272 
0.516492 -0.0504485 -0.854805 -63.0954 0.00898705 0.998527 -0.0535005 -7.1928 0.856245 0.0199504 0.516185 90.3289 
0.496655 -0.0510568 -0.866445 -65.2682 0.00678652 0.998466 -0.0549462 -7.37481 0.867922 0.0214091 0.496239 91.5851 
0.479607 -0.0470054 -0.876224 -67.4867 0.00614955 0.99872 -0.0502108 -7.55519 0.877462 0.0186931 0.479282 92.8094 
0.457092 -0.0538699 -0.887787 -70.8583 0.0109974 0.99843 -0.0549214 -7.82005 0.889352 0.0153408 0.456967 94.5834 
0.445296 -0.06019 -0.893358 -73.1306 0.0138246 0.998081 -0.0603549 -8.01191 0.895277 0.0145255 0.445274 95.7283 
0.436156 -0.0585899 -0.897962 -75.4027 0.0178072 0.998245 -0.0564839 -8.20952 0.899695 0.00864566 0.436434 96.8445 
0.425912 -0.0562438 -0.903015 -78.8072 0.0244544 0.998417 -0.0506519 -8.48698 0.904434 -0.000509444 0.426613 98.4755 
0.420922 -0.054206 -0.905476 -81.0631 0.0277344 0.998515 -0.0468831 -8.66199 0.906673 -0.00537875 0.4218 99.5329 
0.413407 -0.0547541 -0.908899 -84.3708 0.0357078 0.998397 -0.0439042 -8.91461 0.909846 -0.0143045 0.414699 101.063 
0.40792 -0.0562215 -0.911285 -87.6204 0.0410825 0.998222 -0.0431952 -9.14951 0.912093 -0.0198177 0.409504 102.509 
0.409655 -0.0577658 -0.91041 -90.7863 0.0379973 0.998207 -0.046239 -9.38358 0.911449 -0.0156511 0.411116 103.874 
0.419059 -0.0580605 -0.906101 -92.8503 0.0339684 0.998257 -0.0482558 -9.54042 0.907324 -0.0105568 0.4203 104.784 
0.431814 -0.0570946 -0.900154 -94.8824 0.0322541 0.998334 -0.0478493 -9.68029 0.901386 -0.00837171 0.432935 105.733 
0.448845 -0.0551755 -0.891904 -96.8816 0.0302683 0.998458 -0.0465349 -9.81891 0.893097 -0.0061094 0.449823 106.71 
0.468177 -0.0551241 -0.881914 -98.8429 0.0285159 0.998475 -0.0472717 -9.95809 0.883174 -0.00301704 0.469035 107.719 
0.490094 -0.0574627 -0.869774 -100.755 0.0249701 0.998341 -0.0518867 -10.0936 0.871312 0.00371105 0.490715 108.779 
0.51521 -0.0531555 -0.855414 -102.636 0.0212831 0.998561 -0.049232 -10.2166 0.8568 0.007159 0.515599 109.9 
0.539687 -0.0504039 -0.840355 -104.475 0.020775 0.998699 -0.0465593 -10.3255 0.841609 0.00766912 0.540033 111.065 
0.562429 -0.0517523 -0.825224 -106.259 0.021376 0.998616 -0.0480574 -10.4273 0.826569 0.0093889 0.562757 112.256 
0.584307 -0.0536682 -0.809756 -107.976 0.0241716 0.998519 -0.048737 -10.5389 0.811172 0.00890429 0.584739 113.472 
0.595181 -0.051216 -0.801958 -108.816 0.0230414 0.998644 -0.0466768 -10.5997 0.803261 0.00930296 0.595554 114.087 
0.615348 -0.0466776 -0.786873 -110.448 0.0219338 0.998873 -0.0421009 -10.7145 0.787951 0.00864758 0.615678 115.333 
0.635275 -0.0458613 -0.770923 -112.022 0.0183267 0.998849 -0.0443183 -10.8275 0.772069 0.0140258 0.635384 116.59 
0.653929 -0.043555 -0.755301 -113.542 0.0179591 0.998954 -0.0420567 -10.9407 0.756342 0.0139376 0.654027 117.859 
0.671133 -0.0409619 -0.740205 -115.015 0.0183221 0.999084 -0.0386755 -11.0507 0.741111 0.0123943 0.671269 119.133 
0.68663 -0.0393402 -0.725942 -116.434 0.016544 0.999122 -0.0384962 -11.1556 0.726819 0.0144227 0.686678 120.414 
0.701959 -0.0341544 -0.711398 -117.79 0.014903 0.999335 -0.0332731 -11.2426 0.712061 0.0127543 0.702001 121.689 
0.717465 -0.0317896 -0.695869 -119.079 0.0132068 0.999399 -0.0320393 -11.3261 0.69647 0.0137969 0.717454 122.948 
0.734817 -0.0258078 -0.677774 -120.305 0.0094602 0.999569 -0.0278045 -11.4058 0.678199 0.0140194 0.734744 124.211 
0.764701 -0.0196025 -0.644088 -122.023 0.00465687 0.999679 -0.0248959 -11.5109 0.644369 0.0160385 0.764547 126.144 
0.794839 -0.0183472 -0.606542 -123.611 0.00402513 0.99968 -0.0249645 -11.6082 0.606807 0.0174014 0.794659 128.115 
0.824062 -0.0138147 -0.566331 -125.088 0.00489359 0.999839 -0.0172688 -11.7029 0.566478 0.0114591 0.823997 130.155 
0.853378 -0.0125866 -0.521141 -126.901 0.00657125 0.999889 -0.0133887 -11.838 0.521252 0.00800111 0.853365 132.986 
0.877562 -0.0117784 -0.479319 -128.575 0.00621132 0.999894 -0.0131987 -11.9381 0.479423 0.00860546 0.877541 135.915 
0.891936 -0.00621223 -0.452119 -130.215 0.00412061 0.999976 -0.00561084 -11.9897 0.452143 0.00314151 0.89194 139.017 
0.90857 0.00265766 -0.417724 -132.254 5.30822e-06 0.99998 0.00637366 -12.0193 0.417733 -0.00579313 0.908551 143.168 
0.923746 -0.00241959 -0.382998 -133.832 0.00489341 0.999973 0.005485 -12.025 0.382974 -0.00694091 0.923733 146.748 
0.9395 0.00116569 -0.342548 -134.944 -1.171e-05 0.999994 0.00337087 -12.0506 0.34255 -0.00316292 0.939494 149.597 
0.952744 0.00828709 -0.303663 -135.607 -0.00612592 0.999949 0.00806893 -12.0705 0.303714 -0.0058274 0.952745 151.595 
0.971037 0.0117623 -0.23864 -136.447 -0.00900955 0.99988 0.0126226 -12.0932 0.23876 -0.0101069 0.971026 154.717 
0.980922 0.0157022 -0.193769 -136.902 -0.0119964 0.999722 0.0202836 -12.098 0.194033 -0.0175721 0.980838 156.886 
0.991847 0.0185354 -0.126083 -137.415 -0.0159259 0.999638 0.0216739 -12.0801 0.126439 -0.0194892 0.991783 160.268 
0.996307 0.0169664 -0.0841671 -137.639 -0.015153 0.99964 0.0221385 -12.0515 0.0845125 -0.0207813 0.996206 162.601 
0.998901 0.0178565 -0.0433356 -137.77 -0.0167714 0.99954 0.0252761 -12.0173 0.0437669 -0.0245215 0.998741 165 
0.999587 0.021493 0.0190853 -137.798 -0.0219817 0.999426 0.02578 -11.9724 -0.0185203 -0.0261889 0.999485 168.692 
0.997983 0.0227321 0.0592705 -137.693 -0.0240857 0.999463 0.0222244 -11.9517 -0.0587335 -0.0236072 0.997995 171.19 
0.994869 0.0249369 0.0980525 -137.488 -0.0268326 0.999477 0.0180628 -11.9371 -0.0975508 -0.0206011 0.995017 173.74 
0.990339 0.0262899 0.136155 -137.176 -0.0278592 0.999565 0.00963305 -11.9503 -0.135842 -0.0133332 0.990641 176.307 
0.981281 0.03197 0.18991 -136.522 -0.0313867 0.999489 -0.00607944 -12.0114 -0.190008 4.98218e-06 0.981783 180.228 
0.96951 0.0331708 0.242798 -135.639 -0.0318933 0.999449 -0.00919136 -12.1233 -0.242969 0.00116747 0.970033 184.219 
0.960556 0.0333809 0.276075 -134.921 -0.0291931 0.999388 -0.019266 -12.2152 -0.276549 0.0104466 0.960943 186.888 
0.949969 0.0378993 0.310036 -134.118 -0.0334572 0.999247 -0.0196349 -12.3157 -0.310547 0.00827957 0.950522 189.577 
0.93773 0.0425724 0.344746 -133.204 -0.0355967 0.999014 -0.0265423 -12.4157 -0.345535 0.0126177 0.938321 192.272 
0.924396 0.0441532 0.37887 -132.176 -0.0340295 0.998863 -0.0333789 -12.5392 -0.379913 0.0179626 0.924848 194.968 
0.907064 0.0499974 0.418013 -131.035 -0.0348534 0.998433 -0.04379 -12.6947 -0.419547 0.0251511 0.907385 197.647 
0.869333 0.0618831 0.490337 -129.061 -0.0424778 0.997814 -0.0506192 -12.973 -0.492398 0.0231765 0.870062 201.617 
0.840394 0.0670996 0.537807 -127.547 -0.0435947 0.99746 -0.0563261 -13.1825 -0.540221 0.0238905 0.841184 204.19 
0.809425 0.0703839 0.58299 -125.88 -0.0412718 0.997155 -0.0630838 -13.4134 -0.585771 0.0270005 0.810027 206.684 
0.777712 0.074542 0.624186 -124.069 -0.0376043 0.996683 -0.0721732 -13.6703 -0.627496 0.0326578 0.777935 209.09 
0.746315 0.0763897 0.661195 -122.129 -0.0339956 0.99647 -0.076753 -13.9531 -0.664724 0.0348042 0.746278 211.424 
0.716494 0.0777793 0.693243 -120.073 -0.0296529 0.996262 -0.0811294 -14.2463 -0.696963 0.0375721 0.716123 213.663 
0.687314 0.0810311 0.721827 -117.911 -0.0243741 0.995771 -0.088575 -14.5546 -0.725951 0.0432849 0.686383 215.82 
0.657112 0.0839609 0.749102 -115.657 -0.0218451 0.995481 -0.0924131 -14.8897 -0.753476 0.0443616 0.655977 217.895 
0.623725 0.0860337 0.776895 -113.327 -0.0241943 0.995573 -0.090826 -15.2293 -0.78127 0.037854 0.623045 219.882 
0.588341 0.0884689 0.803759 -110.946 -0.0295791 0.995686 -0.0879427 -15.5659 -0.808072 0.0279659 0.58842 221.745 
0.552815 0.0950467 0.827866 -108.535 -0.0319238 0.99516 -0.0929363 -15.8986 -0.832692 0.0249479 0.553173 223.465 
0.513424 0.0942652 0.852942 -106.071 -0.0329122 0.99538 -0.0901958 -16.2328 -0.857504 0.0182365 0.514155 225.055 
0.471096 0.091264 0.877348 -103.583 -0.0333863 0.995765 -0.0856552 -16.5541 -0.88145 0.0110605 0.472149 226.502 
0.428665 0.0896088 0.899009 -101.071 -0.031666 0.995948 -0.0841723 -16.8614 -0.902909 0.00761373 0.429766 227.793 
0.387206 0.089209 0.917667 -98.5491 -0.0266526 0.995975 -0.0855756 -17.1616 -0.921608 0.00867709 0.388025 228.935 
0.345936 0.0866898 0.934245 -96.0257 -0.0203263 0.996181 -0.0849105 -17.4558 -0.938038 0.0103839 0.346377 229.936 
0.305397 0.0904669 0.947918 -93.5117 -0.0191822 0.995859 -0.0888622 -17.749 -0.952032 0.00895509 0.305868 230.819 
0.266852 0.108134 0.957652 -91.0401 -0.0216851 0.994107 -0.106208 -18.0604 -0.963494 0.00757505 0.267624 231.573 
0.2269 0.112763 0.967368 -88.5775 -0.0268599 0.993621 -0.109523 -18.3936 -0.973548 -0.00113258 0.228481 232.223 
0.187395 0.113145 0.975747 -86.1384 -0.0321106 0.993519 -0.109039 -18.7242 -0.98176 -0.0108985 0.189813 232.764 
0.149539 0.111724 0.982423 -83.7128 -0.0316205 0.993628 -0.108185 -19.0486 -0.98825 -0.0148868 0.152119 233.199 
0.111784 0.115377 0.987012 -81.3171 -0.0332629 0.993115 -0.112324 -19.3698 -0.993176 -0.0202749 0.114852 233.532 
0.0753281 0.114561 0.990556 -78.953 -0.0338641 0.993099 -0.11228 -19.687 -0.996584 -0.0250865 0.0786879 233.774 
0.045705 0.106235 0.99329 -76.5971 -0.0305118 0.994014 -0.104909 -20.0032 -0.998489 -0.0255122 0.0486728 233.929 
0.02258 0.102634 0.994463 -74.3374 -0.0276361 0.9944 -0.102 -20.295 -0.999363 -0.0251799 0.02529 234.018 
0.00711642 0.107023 0.994231 -72.1143 -0.0286288 0.99387 -0.10678 -20.5793 -0.999565 -0.0277037 0.0101367 234.07 
-0.008972 0.123338 0.992324 -68.8815 -0.0296135 0.991896 -0.123552 -21.0208 -0.999521 -0.0304947 -0.00524684 234.099 
-0.0152254 0.103993 0.994461 -66.7444 -0.028456 0.994129 -0.104394 -21.3062 -0.999479 -0.0298878 -0.0121768 234.09 
-0.016591 0.102264 0.994619 -64.6588 -0.0279295 0.99432 -0.102699 -21.5617 -0.999472 -0.0294831 -0.0136406 234.077 
-0.014548 0.108023 0.994042 -62.6125 -0.0294356 0.99367 -0.108413 -21.818 -0.999461 -0.0308374 -0.0112762 234.073 
-0.00936038 0.110221 0.993863 -60.5882 -0.0327238 0.99334 -0.110471 -22.0761 -0.999421 -0.033557 -0.0056912 234.081 
-0.00112466 0.113437 0.993545 -58.5896 -0.0367538 0.992869 -0.113402 -22.3345 -0.999324 -0.036644 0.00305261 234.109 
0.01166 0.109901 0.993874 -56.593 -0.0375214 0.99329 -0.109397 -22.5944 -0.999228 -0.0360159 0.0157054 234.154 
0.0191743 0.109927 0.993755 -55.6126 -0.0354265 0.993388 -0.109203 -22.723 -0.999188 -0.0331114 0.0229419 234.183 
0.0265786 0.11087 0.993479 -54.6313 -0.0344327 0.993342 -0.109934 -22.8488 -0.999054 -0.0312863 0.0302192 234.221 
0.040326 0.109381 0.993182 -52.6695 -0.036086 0.993501 -0.107951 -23.1039 -0.998535 -0.0314867 0.044011 234.321 
0.0538402 0.105298 0.992982 -50.7175 -0.0373327 0.993942 -0.103375 -23.353 -0.997852 -0.0315049 0.057445 234.447 
0.067782 0.108346 0.9918 -48.79 -0.0372216 0.993669 -0.106006 -23.5977 -0.997006 -0.0297311 0.0713856 234.601 
0.0812207 0.111497 0.99044 -46.8694 -0.0391074 0.993314 -0.108613 -23.8418 -0.995929 -0.0299119 0.085038 234.779 
0.0946535 0.112434 0.989141 -44.9604 -0.0418703 0.993172 -0.108886 -24.0894 -0.994629 -0.0311092 0.0987149 234.987 
0.107395 0.108327 0.988297 -43.0566 -0.0436042 0.993603 -0.10417 -24.3358 -0.99326 -0.0319065 0.111432 235.221 
0.120995 0.108749 0.986678 -41.1668 -0.0435087 0.993607 -0.104177 -24.5705 -0.991699 -0.0303242 0.124952 235.479 
0.137188 0.111188 0.984285 -39.2912 -0.0400785 0.993489 -0.106642 -24.8056 -0.989734 -0.0248188 0.140751 235.758 
0.156337 0.114613 0.981031 -37.4365 -0.040405 0.993155 -0.109591 -25.0356 -0.986877 -0.0225054 0.159898 236.072 
0.173534 0.112132 0.978423 -34.6718 -0.0469443 0.993309 -0.105512 -25.3786 -0.983708 -0.0276215 0.177637 236.603 
0.179136 0.11591 0.976972 -32.8112 -0.0470737 0.992908 -0.10917 -25.6026 -0.982698 -0.0264334 0.183322 236.971 
0.185396 0.114956 0.975917 -30.928 -0.0446095 0.993094 -0.108505 -25.8331 -0.981651 -0.0234187 0.189244 237.349 
0.192539 0.116576 0.97434 -29.03 -0.0436867 0.992952 -0.11017 -26.0741 -0.980316 -0.0213536 0.196275 237.739 
0.199995 0.11096 0.973494 -27.1205 -0.0411431 0.993641 -0.104804 -26.3238 -0.978933 -0.0190923 0.203288 238.152 
0.209656 0.111422 0.971406 -25.2064 -0.0396639 0.993637 -0.105411 -26.5759 -0.97697 -0.0164296 0.212742 238.575 
0.222471 0.112559 0.96842 -23.2884 -0.0379311 0.99356 -0.106768 -26.8181 -0.974201 -0.0129805 0.225308 239.015 
0.238246 0.11015 0.964938 -21.3629 -0.0365136 0.993861 -0.104436 -27.0613 -0.970518 -0.0103518 0.240806 239.49 
0.270045 0.110181 0.956523 -18.5276 -0.0303682 0.993911 -0.105914 -27.4226 -0.962369 -0.000446302 0.271747 240.269 
0.30268 0.108349 0.946914 -15.7165 -0.0345995 0.994112 -0.10269 -27.7835 -0.952464 -0.00168056 0.304646 241.163 
0.323637 0.111719 0.939563 -13.8654 -0.0381775 0.993738 -0.105011 -28.0228 -0.945411 -0.00188484 0.325875 241.811 
0.342456 0.110289 0.933038 -12.0278 -0.0423245 0.993889 -0.101947 -28.2667 -0.93858 -0.00457791 0.345031 242.498 
0.358309 0.107849 0.927353 -10.2022 -0.0432927 0.994156 -0.0988904 -28.5052 -0.932599 -0.00471423 0.360884 243.217 
0.374002 0.106789 0.921259 -8.39843 -0.0462272 0.99426 -0.0964846 -28.7383 -0.926275 -0.0065018 0.376792 243.967 
0.38995 0.109775 0.914269 -6.61587 -0.0476761 0.993944 -0.0990071 -28.9684 -0.919601 -0.00498091 0.392823 244.741 
0.406594 0.107192 0.907299 -4.8639 -0.0481803 0.994227 -0.0958707 -29.1959 -0.912338 -0.00473348 0.409411 245.543 
0.423856 0.102159 0.89995 -3.1383 -0.0483927 0.994754 -0.090129 -29.4136 -0.904436 -0.00534925 0.426576 246.366 
0.44109 0.0996404 0.891915 -1.44517 -0.0516281 0.994989 -0.0856231 -29.6185 -0.895977 -0.00828039 0.444024 247.224 
0.45758 0.098787 0.883664 0.218328 -0.0541054 0.995061 -0.0832235 -29.8129 -0.887521 -0.00972959 0.460665 248.106 
0.474212 0.0984522 0.874888 1.85925 -0.0560892 0.995088 -0.0815765 -30.0043 -0.878622 -0.0103872 0.477405 249.018 
0.491024 0.0987601 0.86553 3.47195 -0.0563297 0.995073 -0.0815851 -30.185 -0.869323 -0.00869487 0.494168 249.951 
0.506995 0.0963701 0.856545 5.06951 -0.0569139 0.995304 -0.0782943 -30.3632 -0.860068 -0.00905455 0.510099 250.915 
0.518605 0.0919252 0.850058 6.6574 -0.0575855 0.995701 -0.0725432 -30.5354 -0.853073 -0.0113297 0.521669 251.91 
0.525682 0.0872398 0.846196 8.23513 -0.0598848 0.996055 -0.0654875 -30.7078 -0.848571 -0.0162487 0.528833 252.948 
0.530069 0.0830575 0.843877 9.80162 -0.0596197 0.996379 -0.060618 -30.8879 -0.845856 -0.01818 0.533101 254.032 
0.533178 0.0859192 0.841629 11.3695 -0.0603145 0.996158 -0.0634849 -31.0576 -0.84385 -0.0169137 0.536312 255.107 
0.536706 0.085185 0.839458 12.9533 -0.059276 0.996239 -0.0631965 -31.2265 -0.841684 -0.0158418 0.539737 256.177 
0.5398 0.0789024 0.838087 14.5484 -0.054663 0.996782 -0.0586352 -31.3919 -0.840017 -0.0141611 0.542376 257.244 
0.542098 0.0727815 0.837158 16.1492 -0.0547312 0.997185 -0.0512532 -31.5397 -0.838531 -0.0180344 0.544555 258.322 
0.543359 0.0722412 0.836386 17.751 -0.0544838 0.997225 -0.0507378 -31.6777 -0.83773 -0.0180006 0.545787 259.4 
0.544199 0.0701377 0.83602 19.3692 -0.0558322 0.997318 -0.0473264 -31.815 -0.837097 -0.0209218 0.546655 260.486 
0.545397 0.0652764 0.835632 21.0087 -0.0552106 0.997595 -0.0418937 -31.9445 -0.836357 -0.023287 0.54769 261.577 
0.547454 0.0626292 0.834488 22.6477 -0.0545284 0.997746 -0.0391093 -32.0667 -0.835057 -0.0240928 0.549636 262.667 
0.550167 0.0581159 0.83303 24.2841 -0.0537142 0.997972 -0.034148 -32.1828 -0.833325 -0.0259584 0.552173 263.758 
0.554615 0.0558631 0.830229 25.9096 -0.0532038 0.998083 -0.0316158 -32.2934 -0.830404 -0.0266368 0.556524 264.854 
0.56021 0.0515094 0.826748 27.5258 -0.0522613 0.998274 -0.0267835 -32.3937 -0.8267 -0.0282025 0.561935 265.954 
0.570692 0.0452448 0.819917 29.1395 -0.0495642 0.998558 -0.0206042 -32.4877 -0.819667 -0.0288799 0.572111 267.067 
0.582785 0.0452008 0.811368 30.7219 -0.0481606 0.998618 -0.0210399 -32.5716 -0.811198 -0.0268142 0.584157 268.202 
0.595203 0.0430943 0.802419 32.2861 -0.0489316 0.998652 -0.0173375 -32.6457 -0.802085 -0.0289443 0.596509 269.361 
0.609398 0.0376337 0.791971 33.8396 -0.046572 0.998847 -0.0116285 -32.7145 -0.791495 -0.0297972 0.610448 270.546 
0.626872 0.0359169 0.778294 35.3743 -0.0426313 0.999022 -0.0117661 -32.7692 -0.777955 -0.0258038 0.62779 271.763 
0.635902 0.0351635 0.770968 36.1231 -0.0416152 0.99907 -0.0112425 -32.796 -0.770647 -0.0249349 0.636774 272.38 
0.645163 0.0341784 0.76328 36.8852 -0.0406639 0.999119 -0.0103677 -32.8224 -0.762962 -0.0243491 0.645985 273.027 
0.654068 0.0316858 0.755772 37.619 -0.0401563 0.999168 -0.00713776 -32.8471 -0.755369 -0.0256804 0.654796 273.665 
0.672123 0.0294513 0.739854 39.0971 -0.0407179 0.999167 -0.00278336 -32.8903 -0.739319 -0.0282545 0.672762 274.998 
0.689751 0.0241462 0.723644 40.5627 -0.040219 0.999178 0.00499519 -32.9224 -0.722929 -0.0325497 0.690155 276.384 
0.707249 0.0144253 0.706818 42.011 -0.0345938 0.9993 0.0142204 -32.9405 -0.706118 -0.0345089 0.707253 277.814 
0.726589 0.0090017 0.687013 43.4393 -0.0265977 0.999533 0.0150334 -32.9423 -0.686557 -0.0291961 0.726489 279.297 
0.736318 0.00622278 0.676606 44.1389 -0.0248782 0.99953 0.017881 -32.9411 -0.676178 -0.0299989 0.736128 280.056 
0.745738 0.00318813 0.666231 44.8305 -0.0236353 0.999486 0.021673 -32.9389 -0.66582 -0.0319089 0.74543 280.834 
0.754921 0.000640367 0.655815 45.5132 -0.0217149 0.999476 0.0240205 -32.9316 -0.655456 -0.0323746 0.754539 281.622 
0.76424 0.000115799 0.644932 46.188 -0.0220929 0.999418 0.0260005 -32.9205 -0.644553 -0.034119 0.763798 282.426 
0.773232 -0.00415567 0.634109 46.857 -0.0178972 0.999437 0.0283737 -32.9081 -0.63387 -0.0332882 0.772723 283.24 
0.782149 -0.00393819 0.62308 47.5142 -0.01879 0.999376 0.0299036 -32.8956 -0.622809 -0.0350968 0.781587 284.071 
0.789966 -0.00327042 0.613142 48.1619 -0.0193935 0.999352 0.0303168 -32.8838 -0.612844 -0.0358402 0.789391 284.909 
0.802785 0.000431403 0.596268 49.4318 -0.0249484 0.999148 0.0328663 -32.8512 -0.595746 -0.0412605 0.802112 286.627 
0.808479 0.00259819 0.588519 50.0565 -0.0266213 0.999128 0.0321601 -32.8339 -0.587923 -0.041668 0.807843 287.501 
0.814131 0.00547863 0.580656 50.6781 -0.0288567 0.999102 0.0310329 -32.8186 -0.579964 -0.0420206 0.813557 288.383 
0.8246 0.00708737 0.565671 51.9033 -0.0347232 0.99867 0.0381048 -32.7814 -0.564649 -0.0510631 0.82375 290.18 
0.83343 0.0127744 0.552477 53.1013 -0.0425174 0.998252 0.0410572 -32.7322 -0.550987 -0.0577082 0.832516 292.012 
0.839839 0.0178492 0.542542 54.2851 -0.0501769 0.997733 0.0448477 -32.6779 -0.540512 -0.0648878 0.838831 293.874 
0.842884 0.0279789 0.537368 55.4626 -0.0552605 0.997868 0.0347229 -32.6281 -0.53525 -0.0589626 0.842633 295.748 
0.844217 0.0340783 0.534918 56.6464 -0.0595557 0.997761 0.0304271 -32.5922 -0.532683 -0.0575444 0.844356 297.643 
0.845167 0.0323358 0.533523 57.844 -0.0590907 0.997702 0.0331383 -32.5585 -0.531225 -0.0595336 0.845136 299.554 
0.846214 0.0310037 0.531941 59.0466 -0.0565172 0.997897 0.0317463 -32.5256 -0.529838 -0.0569279 0.846186 301.474 
0.848075 0.0301329 0.529018 60.2525 -0.0538845 0.99811 0.0295303 -32.4999 -0.527129 -0.0535498 0.848096 303.405 
0.849588 0.0283791 0.526683 60.8558 -0.052109 0.998182 0.0302718 -32.4882 -0.524867 -0.0531635 0.849523 304.377 
0.851957 0.0265533 0.522938 61.4546 -0.0505321 0.998221 0.0316388 -32.4766 -0.521168 -0.0533801 0.851783 305.353 
0.859993 0.025092 0.509688 62.6268 -0.0480946 0.99833 0.0320018 -32.4529 -0.508034 -0.0520346 0.859764 307.313 
0.865464 0.0231134 0.500438 63.2007 -0.0458112 0.998401 0.0331141 -32.441 -0.498872 -0.0515847 0.865139 308.299 
0.871464 0.0233743 0.489902 63.7612 -0.0464904 0.998303 0.0350685 -32.4286 -0.488251 -0.0533367 0.871072 309.296 
0.884056 0.0247624 0.466724 64.8349 -0.0462547 0.998329 0.0346473 -32.4013 -0.465086 -0.0522183 0.883724 311.301 
0.890032 0.0250621 0.455209 65.3499 -0.0473087 0.998174 0.0375429 -32.3861 -0.453437 -0.0549497 0.889593 312.312 
0.895924 0.023939 0.443561 65.8496 -0.0466008 0.998102 0.0402588 -32.3691 -0.441756 -0.0567392 0.895339 313.328 
0.907761 0.022899 0.418861 66.8068 -0.0441488 0.998179 0.0411096 -32.329 -0.417157 -0.0558099 0.907119 315.364 
0.913344 0.0239146 0.406486 67.2617 -0.0449973 0.998088 0.0423854 -32.3085 -0.404695 -0.0570032 0.912673 316.393 
0.918664 0.0268138 0.39413 67.6976 -0.0475122 0.997951 0.042851 -32.2872 -0.392173 -0.0580916 0.918055 317.423 
0.923714 0.0306715 0.381853 68.1161 -0.0504824 0.997843 0.0419689 -32.2656 -0.379742 -0.0580441 0.92327 318.458 
0.931221 0.0401163 0.362241 68.9112 -0.0594466 0.997332 0.0423714 -32.2196 -0.359575 -0.0609911 0.931121 320.538 
0.935952 0.042535 0.349549 69.6814 -0.0612842 0.997204 0.0427493 -32.1709 -0.346753 -0.0614331 0.935942 322.62 
0.93936 0.0398119 0.340613 70.4443 -0.0576238 0.99744 0.0423342 -32.1238 -0.338055 -0.0593945 0.93925 324.702 
0.941197 0.0383977 0.335669 70.8184 -0.0558012 0.997543 0.0423529 -32.1014 -0.333218 -0.0585931 0.941027 325.743 
0.943082 0.0372062 0.330473 71.1851 -0.0537316 0.997713 0.0410083 -32.0804 -0.328192 -0.056431 0.942924 326.783 
0.944827 0.0369859 0.325474 71.5445 -0.0526263 0.997838 0.039379 -32.0606 -0.323313 -0.0543348 0.944731 327.823 
0.946629 0.0381883 0.320056 71.8974 -0.053136 0.99786 0.0380982 -32.0425 -0.317916 -0.0530713 0.946632 328.869 
0.950832 0.0395839 0.307168 72.5791 -0.0539597 0.997803 0.0384468 -32.0082 -0.304971 -0.0531311 0.950878 330.963 
0.954874 0.0408187 0.294193 73.2254 -0.0568003 0.997326 0.0459817 -31.9682 -0.29153 -0.060617 0.954639 333.066 
0.957991 0.0396536 0.284045 73.8468 -0.0536511 0.99769 0.0416671 -31.9283 -0.281736 -0.055156 0.957905 335.152 
0.959984 0.0359468 0.277737 74.4568 -0.0492177 0.997948 0.0409566 -31.8909 -0.275695 -0.0529872 0.959784 337.228 
0.958282 0.0407414 0.282906 75.0417 -0.0547301 0.997629 0.0417169 -31.8601 -0.280536 -0.05546 0.95824 339.278 
0.951383 0.0475674 0.304315 75.6466 -0.0633685 0.997095 0.0422537 -31.8304 -0.301421 -0.0594834 0.951634 341.266 
0.947698 0.0480819 0.315526 75.962 -0.0646559 0.997012 0.042266 -31.8169 -0.312551 -0.060456 0.947975 342.229 
0.944591 0.0458603 0.325031 76.2867 -0.0631094 0.997092 0.0427209 -31.8026 -0.322126 -0.0608662 0.944738 343.179 
0.942047 0.04302 0.332712 76.6143 -0.060776 0.997219 0.0431409 -31.7889 -0.32993 -0.0608616 0.942041 344.109 
0.940157 0.0420844 0.338131 76.9406 -0.0597743 0.997325 0.0420708 -31.7755 -0.335456 -0.0597647 0.940158 345.02 
0.93907 0.0400968 0.341379 77.588 -0.056207 0.997717 0.0374276 -31.7489 -0.339099 -0.054335 0.93918 346.811 
0.940185 0.0379668 0.338542 77.9057 -0.0535242 0.997891 0.036734 -31.7352 -0.336433 -0.052657 0.940234 347.705 
0.942534 0.0358614 0.33218 78.2171 -0.0508838 0.998032 0.0366333 -31.7223 -0.330213 -0.0514307 0.942504 348.599 
0.945726 0.0327766 0.323308 78.5169 -0.0469942 0.998237 0.0362649 -31.7069 -0.32155 -0.0494902 0.945599 349.49 
0.949604 0.0301111 0.312003 78.8046 -0.0434534 0.99841 0.0358978 -31.6894 -0.310426 -0.0476463 0.949403 350.386 
0.959057 0.0255211 0.282061 79.3321 -0.0375533 0.998597 0.0373342 -31.6568 -0.280712 -0.0463979 0.95867 352.178 
0.970172 0.0186512 0.2417 79.7884 -0.0283887 0.998917 0.0368679 -31.6251 -0.24075 -0.0426297 0.96965 353.971 
0.980713 0.0193476 0.194494 80.1468 -0.0267539 0.999011 0.0355254 -31.5914 -0.193614 -0.0400437 0.98026 355.783 
0.989794 0.0200942 0.141083 80.4021 -0.0248282 0.999183 0.031875 -31.5598 -0.140327 -0.0350525 0.989484 357.594 
0.996342 0.0231953 0.0822429 80.5442 -0.0258269 0.999183 0.03108 -31.5256 -0.0814548 -0.0330904 0.996128 359.423 
0.999507 0.0240438 0.0202004 80.5791 -0.0246759 0.999194 0.0316474 -31.4936 -0.0194232 -0.0321302 0.999295 361.257 
0.99891 0.0245354 -0.0396988 80.5038 -0.0233648 0.999286 0.0296876 -31.4684 0.0403988 -0.0287277 0.998771 363.108 
0.995719 0.0303776 -0.0872941 80.3253 -0.0281073 0.999237 0.0271202 -31.4474 0.0880513 -0.0245505 0.995813 364.95 
0.993888 0.0356711 -0.104475 80.2083 -0.0326203 0.998994 0.0307662 -31.43 0.105468 -0.0271701 0.994051 365.886 
0.992349 0.0436087 -0.115502 80.0779 -0.0395309 0.99852 0.0373641 -31.4145 0.11696 -0.0325124 0.992604 366.824 
0.990974 0.0491986 -0.124697 79.8154 -0.0457444 0.99849 0.030416 -31.375 0.126006 -0.0244373 0.991729 368.705 
0.990911 0.0527084 -0.12376 79.5529 -0.0501812 0.998465 0.0234515 -31.3423 0.124806 -0.017028 0.992035 370.624 
0.991654 0.052528 -0.117741 79.3057 -0.050011 0.998455 0.0242328 -31.3244 0.118832 -0.0181422 0.992749 372.585 
0.992456 0.0476929 -0.112946 79.0754 -0.046012 0.998788 0.017444 -31.3106 0.113641 -0.0121155 0.993448 374.578 
0.993209 0.0435249 -0.107893 78.7307 -0.0425924 0.999033 0.0109329 -31.3034 0.108265 -0.0062632 0.994102 377.661 
0.993185 0.0477171 -0.106332 78.4872 -0.0464277 0.998815 0.0145708 -31.3029 0.106901 -0.00953477 0.994224 379.779 
0.99292 0.0523491 -0.106627 78.2369 -0.0510949 0.998589 0.014462 -31.2977 0.107234 -0.00891147 0.994194 381.936 
0.992644 0.0539043 -0.108405 77.9805 -0.0528826 0.998525 0.0122808 -31.2953 0.108907 -0.00645769 0.994031 384.12 
0.992315 0.0499864 -0.113195 77.7243 -0.0495175 0.998749 0.00695231 -31.3122 0.113401 -0.00129375 0.993548 386.332 
0.991343 0.0409603 -0.124742 77.4537 -0.0401437 0.999153 0.00905375 -31.336 0.125007 -0.00396778 0.992148 388.562 
0.989042 0.0327088 -0.143963 77.1443 -0.0318782 0.999459 0.00807251 -31.3627 0.14415 -0.00339475 0.98955 390.785 
0.986162 0.0289146 -0.163242 76.7857 -0.0284082 0.999582 0.00543655 -31.3927 0.16333 -0.000723926 0.986571 392.998 
0.982921 0.0274968 -0.181962 76.3813 -0.0267002 0.99962 0.00682635 -31.4246 0.18208 -0.00185134 0.983282 395.209 
0.981216 0.0265329 -0.191077 76.1643 -0.0256588 0.999646 0.00704765 -31.4401 0.191196 -0.00201246 0.98155 396.308 
0.97945 0.0266276 -0.199923 75.9369 -0.0260102 0.999645 0.00571452 -31.4571 0.200004 -0.000397053 0.979795 397.401 
0.977632 0.0275159 -0.208515 75.6981 -0.0273237 0.999619 0.00380297 -31.4738 0.20854 0.00197949 0.978012 398.486 
0.975848 0.02682 -0.216798 75.4531 -0.0268934 0.999635 0.00261256 -31.4923 0.216789 0.00328097 0.976213 399.564 
0.974138 0.0271448 -0.224319 75.2019 -0.0272609 0.999625 0.0025798 -31.515 0.224305 0.00360208 0.974512 400.641 
0.972544 0.02735 -0.231105 74.9473 -0.0275637 0.999617 0.00230466 -31.5408 0.231079 0.00412871 0.972926 401.713 
0.969834 0.0213734 -0.242828 74.425 -0.0222054 0.999753 -0.000689482 -31.5892 0.242753 0.00606077 0.970069 403.843 
0.967085 0.0119735 -0.254172 73.8806 -0.014917 0.999842 -0.0096563 -31.6441 0.254016 0.0131299 0.967111 405.96 
0.964225 0.00966536 -0.26491 73.3004 -0.0120392 0.999901 -0.00733877 -31.6999 0.264813 0.0102655 0.964245 408.08 
0.961945 0.00648045 -0.273167 72.6958 -0.00877244 0.999936 -0.00716983 -31.749 0.273103 0.00929332 0.96194 410.2 
0.960369 0.00814162 -0.278613 72.077 -0.0098749 0.99994 -0.0048182 -31.8039 0.278557 0.00737853 0.960391 412.325 
0.959611 0.00507931 -0.281286 71.4523 -0.00485955 0.999987 0.00147885 -31.8418 0.28129 -5.21939e-05 0.959623 414.455 
0.959292 -0.00024261 -0.282417 71.1423 0.000674304 0.999999 0.00143137 -31.8576 0.282417 -0.00156354 0.959291 415.518 
0.958675 -0.00861984 -0.284373 70.5169 0.00948288 0.999954 0.00165825 -31.8861 0.284345 -0.00428639 0.958712 417.66 
0.958014 -0.0131785 -0.286418 69.8792 0.0141103 0.9999 0.00118949 -31.9156 0.286374 -0.00518099 0.958104 419.804 
0.957247 -0.0130374 -0.288978 69.2265 0.0148003 0.999883 0.00391618 -31.9457 0.288893 -0.00802571 0.957328 421.955 
0.956719 -0.00878739 -0.290882 68.5675 0.0118059 0.999893 0.00862382 -31.9701 0.290775 -0.0116847 0.95672 424.099 
0.956705 -0.00359521 -0.291035 67.9073 0.00762184 0.99989 0.0127031 -31.9867 0.290958 -0.0143713 0.956628 426.232 
0.957611 -0.00104011 -0.288063 67.2608 0.00584966 0.999857 0.0158359 -31.9934 0.288006 -0.0168497 0.95748 428.364 
0.95809 -0.00107637 -0.286464 66.9449 0.00650288 0.999817 0.0179924 -31.9984 0.286392 -0.0191012 0.957922 429.428 
0.958517 0.00055806 -0.285035 66.63 0.00546313 0.999778 0.0203289 -32.0024 0.284983 -0.0210428 0.958302 430.49 
0.958979 0.00269273 -0.283463 66.3132 0.00393023 0.999733 0.0227932 -32.0034 0.283448 -0.0229723 0.958712 431.553 
0.959851 0.00551524 -0.280455 65.6926 0.00147979 0.999693 0.0247238 -32.0054 0.280506 -0.0241462 0.959549 433.668 
0.960583 0.00413218 -0.277964 65.0918 0.00301512 0.999676 0.0252806 -32.0068 0.277979 -0.0251222 0.960259 435.764 
0.961188 0.00188303 -0.275888 64.5017 0.00720436 0.999464 0.0319215 -32.0015 0.2758 -0.0326702 0.96066 437.857 
0.961811 -0.000306396 -0.273713 63.9183 0.0100382 0.999366 0.034155 -31.9844 0.273529 -0.0355983 0.961205 439.927 
0.962239 -0.00486272 -0.272163 63.3475 0.0149055 0.999282 0.0348446 -31.9629 0.271798 -0.0375855 0.96162 441.977 
0.962005 -0.0123696 -0.272751 62.7895 0.0222697 0.9992 0.0332312 -31.9421 0.272121 -0.0380426 0.961511 444.006 
0.961939 -0.0134534 -0.272931 62.235 0.0243094 0.99904 0.0364327 -31.9228 0.272179 -0.0416809 0.961343 446.017 
0.961689 -0.0130747 -0.27383 61.681 0.0248253 0.998911 0.0394906 -31.9003 0.273016 -0.0447756 0.960967 448.005 
0.961474 -0.0140957 -0.274535 61.1335 0.0255275 0.998947 0.0381121 -31.8744 0.273709 -0.043652 0.960821 449.961 
0.961012 -0.0149338 -0.276102 60.3186 0.0276094 0.998733 0.0420791 -31.8214 0.275124 -0.0480615 0.960207 452.867 
0.960778 -0.0125098 -0.277035 59.4995 0.0253895 0.998754 0.0429526 -31.745 0.276153 -0.0483017 0.959899 455.718 
0.9609 -0.00955592 -0.276731 58.9594 0.023352 0.998641 0.046601 -31.6879 0.27591 -0.0512411 0.959817 457.599 
0.960917 -0.00714914 -0.276745 58.4112 0.0221548 0.998446 0.0511333 -31.6268 0.275949 -0.0552661 0.959582 459.454 
0.960346 -0.00664925 -0.27873 57.8672 0.0240346 0.997968 0.0590025 -31.5549 0.277772 -0.063362 0.958555 461.299 
0.95923 -0.00708379 -0.282539 57.3235 0.0264557 0.997547 0.0648078 -31.4732 0.281386 -0.0696404 0.957064 463.133 
0.958159 -0.00967172 -0.286074 56.7847 0.030235 0.997258 0.0675516 -31.3909 0.284636 -0.0733746 0.955824 464.94 
0.957625 -0.00937175 -0.287866 56.5131 0.0303643 0.997186 0.0685466 -31.3505 0.286413 -0.0743828 0.955214 465.838 
0.957107 -0.0115958 -0.289504 55.9752 0.0331265 0.997026 0.0695817 -31.2685 0.287836 -0.0761874 0.954644 467.616 
0.957328 -0.0102631 -0.28882 55.7064 0.0317887 0.997045 0.0699375 -31.2295 0.287249 -0.0761344 0.954825 468.49 
0.957609 -0.0113001 -0.287849 55.4431 0.0328739 0.996989 0.0702253 -31.1895 0.286189 -0.0767111 0.955098 469.359 
0.957737 -0.016206 -0.28719 55.1902 0.037868 0.996826 0.0700337 -31.1483 0.285143 -0.0779491 0.95531 470.219 
0.958089 -0.0170345 -0.285963 54.6862 0.0392712 0.996616 0.0722067 -31.0678 0.283765 -0.0804106 0.955516 471.908 
0.958344 -0.0193575 -0.284959 54.1961 0.0406058 0.9968 0.0688477 -30.9899 0.282715 -0.0775508 0.956064 473.54 
0.958851 -0.019138 -0.283266 53.7209 0.0395257 0.997008 0.066434 -30.9141 0.281147 -0.0748965 0.956738 475.119 
0.959316 -0.0200649 -0.281621 53.2567 0.0399396 0.997085 0.0650104 -30.8419 0.279495 -0.0736133 0.957321 476.667 
