1 1.19763e-11 1.70464e-10 -5.55111e-17 1.19763e-11 1 3.5625e-10 0 1.70464e-10 3.5625e-10 1 2.22045e-16 
0.999999 -0.00164635 -0.00055382 0.000444833 0.00164737 0.999997 0.00185972 -0.0420332 0.000550757 -0.00186063 0.999998 2.6253 
0.999993 -0.00363535 -0.0006434 0.00277789 0.00363587 0.999993 0.000814119 -0.0848376 0.000640437 -0.000816452 1 5.26102 
0.999985 -0.00550405 -0.000416986 0.00757102 0.00550516 0.999981 0.00269445 -0.116587 0.000402148 -0.00269671 0.999996 7.90878 
0.999989 -0.00463087 -0.000860471 0.00772834 0.00463247 0.999988 0.0018671 -0.149765 0.000851814 -0.00187107 0.999998 10.5696 
0.999999 0.00154359 -0.000621867 0.00341939 -0.00154466 0.999997 -0.00172497 -0.176748 0.000619203 0.00172593 0.999998 13.2421 
0.999987 0.00518981 -0.000386943 -0.00585176 -0.00519015 0.999986 -0.000872886 -0.21776 0.000382408 0.000874883 1 15.9307 
1 -0.000899386 0.00025249 0.000482789 0.000898369 0.999992 0.00399822 -0.253748 -0.000256084 -0.00399799 0.999992 18.6347 
0.999987 -0.00511926 -0.000232036 0.00413469 0.00511913 0.999987 -0.000553928 -0.293109 0.000234869 0.000552734 1 21.3413 
0.999999 0.000142485 0.00124543 -0.00736932 -0.000141531 1 -0.000766073 -0.346812 -0.00124553 0.000765897 0.999999 24.0721 
0.999997 -0.00105089 0.00236924 -0.00506118 0.00103793 0.999985 0.00546529 -0.38714 -0.00237494 -0.00546281 0.999982 26.8203 
0.99998 -0.00593323 0.00198489 0.00528159 0.00593062 0.999981 0.00131719 -0.432898 -0.00199267 -0.00130539 0.999997 29.5701 
0.999991 -0.00286426 0.00317328 0.00682708 0.00286867 0.999995 -0.00138571 -0.485013 -0.00316929 0.0013948 0.999994 32.3353 
0.999993 -0.00102145 0.00349843 0.0101734 0.00103531 0.999992 -0.00396309 -0.543116 -0.00349435 0.00396669 0.999986 35.1108 
0.999992 0.00251454 0.00296267 0.0169685 -0.00251343 0.999997 -0.00037895 -0.623853 -0.00296361 0.000371502 0.999996 39.3016 
0.999961 0.00830831 0.00284362 0.0213443 -0.008309 0.999965 0.000228539 -0.694132 -0.00284162 -0.000252157 0.999996 43.5186 
0.999978 0.00642624 0.00172093 0.0308604 -0.00642486 0.999979 -0.000807473 -0.739025 -0.00172609 0.000796399 0.999998 46.3413 
0.999977 0.00664891 -0.00130382 0.0317553 -0.00664754 0.999977 0.0010528 -0.805635 0.00131079 -0.00104411 0.999999 50.6022 
0.99997 0.00688278 -0.0035883 0.0253698 -0.0068758 0.999974 0.00195412 -0.845384 0.00360166 -0.00192939 0.999992 53.4572 
0.999979 0.00400311 -0.00502858 0.0168087 -0.0039889 0.999988 0.00283304 -0.88688 0.00503986 -0.00281292 0.999983 56.3166 
0.999984 0.00037494 -0.00573077 0.0100754 -0.000358701 0.999996 0.00283441 -0.924947 0.00573181 -0.0028323 0.99998 59.1737 
0.999986 -0.00185879 -0.00491793 0.00276421 0.00187897 0.99999 0.00410219 -0.964748 0.00491026 -0.00411137 0.99998 62.0279 
0.999978 -0.0052962 -0.0040082 -0.0028736 0.00530753 0.999982 0.00282093 -1.00818 0.00399319 -0.00284214 0.999988 64.8719 
0.999991 -0.00348246 -0.00255314 -0.0100203 0.00348838 0.999991 0.0023161 -1.0502 0.00254505 -0.00232499 0.999994 67.7031 
0.999995 0.00301286 -0.00128797 -0.0270228 -0.00300644 0.999983 0.0049609 -1.09783 0.0013029 -0.004957 0.999987 70.53 
0.999938 0.0111515 0.000135883 -0.0421465 -0.011152 0.999925 0.00511281 -1.13599 -7.88574e-05 -0.00511401 0.999987 73.3399 
0.999865 0.016366 0.00154496 -0.0532768 -0.0163726 0.999857 0.0043445 -1.17723 -0.00147363 -0.00436921 0.999989 76.1445 
0.999879 0.0154019 0.00204051 -0.0528732 -0.0154112 0.99987 0.00463559 -1.21803 -0.00196885 -0.00466647 0.999987 78.935 
0.999908 0.0134899 0.00167721 -0.0488321 -0.0134958 0.999903 0.00356072 -1.25829 -0.00162902 -0.00358303 0.999992 81.7109 
0.999914 0.0130801 0.000908534 -0.0526907 -0.0130831 0.999909 0.00331781 -1.30003 -0.000865054 -0.00332941 0.999994 84.4837 
0.999915 0.0130541 -0.000745449 -0.0751804 -0.0130507 0.999905 0.00439727 -1.3437 0.000802781 -0.00438716 0.99999 87.2502 
0.99997 0.00680326 -0.00371164 -0.111047 -0.00677963 0.999957 0.00634212 -1.39978 0.00375462 -0.00631677 0.999973 91.3752 
0.999981 0.00428222 -0.00446849 -0.14546 -0.00425922 0.999978 0.00514399 -1.43596 0.00449042 -0.00512486 0.999977 94.1034 
0.999979 0.00473858 -0.00448741 -0.191341 -0.00472032 0.999981 0.00407044 -1.47621 0.00450661 -0.00404917 0.999982 96.8138 
0.999968 0.00706084 -0.00387695 -0.234406 -0.00704719 0.999969 0.00352491 -1.51768 0.00390172 -0.00349747 0.999986 99.5151 
0.999955 0.00883381 -0.0034583 -0.269402 -0.00881134 0.99994 0.00645962 -1.55602 0.00351515 -0.00642886 0.999973 102.205 
0.999961 0.00817387 -0.0033382 -0.305326 -0.00816552 0.999964 0.0025071 -1.59605 0.00335858 -0.00247974 0.999991 104.885 
0.99998 0.00550493 -0.00323905 -0.334309 -0.00549641 0.999981 0.00263482 -1.63843 0.00325349 -0.00261696 0.999991 107.565 
0.999997 0.00156146 -0.00170952 -0.373776 -0.0015522 0.999984 0.00540652 -1.68674 0.00171793 -0.00540385 0.999984 110.245 
0.999997 0.0025812 -0.000333754 -0.413713 -0.00258068 0.999995 0.00155683 -1.734 0.000337771 -0.00155596 0.999999 112.905 
0.999969 0.0075702 0.00216128 -0.42959 -0.00756832 0.999971 -0.000875418 -1.775 -0.00216785 0.000859034 0.999997 115.56 
0.999948 0.00907989 0.00466731 -0.433415 -0.00909732 0.999952 0.00372716 -1.81179 -0.00463325 -0.00376942 0.999982 118.227 
0.999942 0.00858716 0.00646894 -0.433415 -0.00861102 0.999956 0.00366898 -1.84632 -0.00643715 -0.00372447 0.999972 120.904 
0.999884 0.0123802 0.00884972 -0.456074 -0.0124054 0.999919 0.0027973 -1.91003 -0.00881437 -0.00290676 0.999957 123.624 
0.999838 0.014232 0.0110509 -0.464133 -0.0142455 0.999898 0.00113985 -1.96629 -0.0110336 -0.00129708 0.999938 126.337 
0.999836 0.0128646 0.01273 -0.471809 -0.0128866 0.999916 0.00164965 -2.03834 -0.0127076 -0.00181343 0.999918 129.05 
0.999844 0.0108917 0.0138962 -0.470125 -0.0109377 0.999935 0.00323538 -2.09949 -0.0138601 -0.00338687 0.999898 131.756 
0.999883 0.00714277 0.0135483 -0.465103 -0.00719965 0.999965 0.00415406 -2.16293 -0.0135182 -0.00425112 0.9999 134.461 
0.999923 0.00404864 0.0117494 -0.464495 -0.00409264 0.999985 0.00372265 -2.22631 -0.0117341 -0.00377045 0.999924 137.161 
0.999953 0.00122806 0.00965658 -0.464181 -0.00127689 0.999986 0.00505251 -2.28175 -0.00965025 -0.0050646 0.999941 139.863 
0.999975 0.000229275 0.00710214 -0.470457 -0.000261274 0.99999 0.004505 -2.34189 -0.00710104 -0.00450674 0.999965 142.562 
0.999986 -0.00177425 0.00507486 -0.478901 0.00176294 0.999996 0.00223254 -2.39502 -0.0050788 -0.00222356 0.999985 145.258 
0.999897 -0.0140957 0.00280284 -0.484415 0.0140855 0.999894 0.00360825 -2.46297 -0.00285341 -0.0035684 0.99999 147.954 
0.999686 -0.0250495 0.000133244 -0.488799 0.0250491 0.999684 0.00211337 -2.51862 -0.00018614 -0.00210937 0.999998 150.648 
0.999766 -0.0215875 0.00124882 -0.51399 0.0215919 0.99976 -0.00364513 -2.58179 -0.00116983 0.00367124 0.999993 153.337 
0.999707 -0.0240594 0.00260929 -0.518837 0.0240607 0.99971 -0.000479524 -2.64145 -0.002597 0.000542165 0.999996 156.033 
0.999428 -0.033667 0.00307072 -0.499605 0.0336562 0.999427 0.00349431 -2.68915 -0.0031866 -0.00338896 0.999989 158.732 
0.999418 -0.0339111 0.00382191 -0.484876 0.0338948 0.999416 0.0042487 -2.73678 -0.00396376 -0.00411668 0.999984 161.429 
0.999538 -0.029977 0.0050437 -0.483652 0.0299575 0.999544 0.00390971 -2.7606 -0.0051586 -0.0037568 0.99998 162.779 
0.99963 -0.0265435 0.00599233 -0.47678 0.0265348 0.999647 0.00151879 -2.78725 -0.00603052 -0.00135922 0.999981 164.13 
0.999739 -0.021701 0.00714542 -0.459926 0.021687 0.999763 0.00202297 -2.83556 -0.00718763 -0.00186748 0.999972 166.839 
0.999815 -0.018133 0.00643441 -0.442444 0.0181372 0.999835 -0.000594343 -2.88656 -0.00642257 0.000710936 0.999979 169.56 
0.999936 -0.00973329 0.00574025 -0.411154 0.00976101 0.999941 -0.00482071 -2.93273 -0.00569299 0.00487643 0.999972 172.284 
0.999977 -0.00182811 0.00656723 -0.37793 0.00183804 0.999997 -0.00150577 -2.98645 -0.00656446 0.00151781 0.999977 175.029 
0.999973 -0.00433959 0.00590949 -0.340531 0.00432893 0.999989 0.00181691 -3.01391 -0.00591731 -0.00179128 0.999981 177.785 
0.999971 -0.0073093 0.00217015 -0.313655 0.00731459 0.99997 -0.00243795 -3.04112 -0.00215226 0.00245375 0.999995 180.542 
0.999999 -0.00147201 7.62514e-05 -0.314056 0.00147256 0.999968 -0.00786872 -3.08816 -6.46658e-05 0.00786882 0.999969 183.31 
0.999991 0.00430353 0.000233426 -0.31413 -0.00430271 0.999985 -0.00340559 -3.13755 -0.000248078 0.00340455 0.999994 186.099 
0.99999 0.00444872 0.000733086 -0.308933 -0.00444842 0.99999 -0.000417191 -3.19394 -0.000734935 0.000413926 1 188.9 
1 0.000366725 0.000663303 -0.303004 -0.000367256 1 0.000800394 -3.25053 -0.000663009 -0.000800637 1 191.713 
0.999985 -0.00529432 0.00136956 -0.297934 0.00529189 0.999984 0.00177274 -3.31413 -0.00137892 -0.00176546 0.999997 194.54 
0.999916 -0.0128049 0.00199736 -0.295505 0.0127976 0.999911 0.00361732 -3.38456 -0.0020435 -0.00359146 0.999992 197.381 
0.999987 -0.00440476 0.00270578 -0.315003 0.00442152 0.999971 -0.00622074 -3.47136 -0.0026783 0.00623262 0.999977 200.224 
0.999899 0.0131913 0.00530312 -0.348581 -0.013178 0.99991 -0.0025273 -3.55558 -0.00533598 0.00245716 0.999983 203.095 
0.999905 0.0126263 0.00555651 -0.348136 -0.0126255 0.99992 -0.000175237 -3.60408 -0.00555828 0.000105067 0.999985 205.97 
0.999969 0.00742121 0.00274637 -0.342964 -0.00741833 0.999972 -0.00105497 -3.67436 -0.00275412 0.00103457 0.999996 210.323 
0.999946 0.0101161 0.0025245 -0.353316 -0.0101163 0.999949 6.07891e-05 -3.74177 -0.00252375 -8.63235e-05 0.999997 213.245 
0.999957 0.0091095 0.0018821 -0.357484 -0.00910674 0.999957 -0.00147266 -3.80999 -0.00189543 0.00145546 0.999997 216.186 
0.999961 0.00871091 0.00124073 -0.360488 -0.0087094 0.999961 -0.00122115 -3.86762 -0.00125132 0.00121029 0.999999 219.142 
0.999961 0.0087942 0.000693719 -0.371188 -0.00879278 0.999959 -0.00203655 -3.93317 -0.0007116 0.00203037 0.999998 222.105 
0.99995 0.0100381 -0.000260453 -0.378771 -0.0100387 0.999947 -0.00226492 -4.01707 0.000237704 0.00226742 0.999997 226.569 
0.999987 0.00512032 0.000112845 -0.37457 -0.00512013 0.999985 -0.00166632 -4.12499 -0.000121375 0.00166572 0.999999 232.542 
0.999973 0.00730076 0.000768028 -0.381494 -0.00729934 0.999972 -0.00183317 -4.25331 -0.000781389 0.00182751 0.999998 238.55 
0.999968 0.00759637 0.00240424 -0.38188 -0.0075949 0.999971 -0.000622748 -4.34714 -0.0024089 0.000604469 0.999997 243.087 
0.999962 0.00810169 0.00332684 -0.372157 -0.00809975 0.999967 -0.000596884 -4.43202 -0.00333157 0.000569915 0.999994 247.648 
0.999946 0.00997147 0.00283953 -0.362986 -0.00997312 0.99995 0.00056808 -4.5113 -0.00283373 -0.000596367 0.999996 252.224 
0.999929 0.0115516 0.00293193 -0.356528 -0.0115534 0.999933 0.00062066 -4.55844 -0.00292457 -0.000654489 0.999996 255.288 
0.99996 0.00847383 0.00284962 -0.347449 -0.00847912 0.999962 0.00184616 -4.61158 -0.00283387 -0.00187025 0.999994 258.361 
0.999988 0.00411133 0.00258996 -0.334678 -0.00411675 0.999989 0.00208863 -4.66224 -0.00258135 -0.00209927 0.999995 261.435 
0.999993 0.00288747 0.00230749 -0.329134 -0.00288904 0.999996 0.000676581 -4.68655 -0.00230553 -0.000683242 0.999997 262.973 
0.999995 0.000935565 0.00288366 -0.325374 -0.00094273 0.999996 0.00248408 -4.71575 -0.00288133 -0.00248678 0.999993 264.511 
0.999992 -0.0020661 0.00345941 -0.320818 0.00205223 0.99999 0.00400846 -4.78837 -0.00346766 -0.00400133 0.999986 267.598 
0.999988 -0.00193803 0.00439599 -0.316602 0.00192754 0.999995 0.00239047 -4.86605 -0.00440061 -0.00238197 0.999988 270.677 
0.999978 0.00123293 0.0064402 -0.31404 -0.0012481 0.999996 0.00235118 -4.95022 -0.00643728 -0.00235917 0.999977 273.765 
0.999953 0.00354024 0.00902962 -0.306203 -0.00355206 0.999993 0.00129333 -5.08275 -0.00902498 -0.00132534 0.999958 278.395 
0.999933 0.00149062 0.0115216 -0.27649 -0.00151734 0.999996 0.00231141 -5.21004 -0.0115181 -0.00232874 0.999931 283.05 
0.999929 -0.000578305 0.0119268 -0.24473 0.000573806 1 0.000380704 -5.2776 -0.011927 -0.000373832 0.999929 286.145 
0.999942 -0.00117181 0.0107295 -0.217081 0.00119856 0.999996 -0.00248648 -5.35515 -0.0107265 0.00249919 0.999939 289.254 
0.999956 -0.00268179 0.00900787 -0.192693 0.00270369 0.999993 -0.00241999 -5.42488 -0.00900132 0.00244424 0.999957 292.369 
0.999967 -0.00237349 0.00773757 -0.175311 0.00239045 0.999995 -0.00218354 -5.50214 -0.00773234 0.00220197 0.999968 295.501 
0.999984 -0.00188475 0.00529149 -0.14983 0.00188231 0.999998 0.000466143 -5.60566 -0.00529236 -0.000456174 0.999986 300.237 
0.999976 -0.000781736 0.00689487 -0.136231 0.000778236 1 0.000510269 -5.67404 -0.00689526 -0.00050489 0.999976 303.413 
0.999955 -0.00542868 0.00775826 -0.10099 0.00545008 0.999981 -0.00274014 -5.77594 -0.00774324 0.0027823 0.999966 308.212 
0.999971 -0.00514709 0.0056444 -0.0932494 0.00517332 0.999976 -0.00464174 -5.86305 -0.00562037 0.00467081 0.999973 311.433 
0.999987 -0.00371696 0.00358398 -0.107981 0.00370907 0.999991 0.00220663 -5.99069 -0.00359215 -0.00219331 0.999991 316.295 
0.999973 -0.00619482 0.00407238 -0.105842 0.00618777 0.999979 0.00174123 -6.06836 -0.00408309 -0.00171598 0.99999 319.553 
0.999966 -0.00684118 0.00460929 -0.100918 0.0068311 0.999974 0.00219832 -6.1434 -0.00462421 -0.00216676 0.999987 322.814 
0.999969 -0.00553186 0.00558256 -0.0964844 0.00552415 0.999984 0.00139507 -6.22409 -0.00559018 -0.00136418 0.999984 326.068 
0.999958 -0.00586721 0.00709604 -0.0849696 0.00585006 0.99998 0.00243587 -6.30543 -0.00711019 -0.00239425 0.999972 329.324 
0.999944 -0.00798854 0.0069226 -0.0642123 0.00797425 0.999966 0.00208908 -6.37224 -0.00693905 -0.00203376 0.999974 332.569 
0.999965 -0.00478743 0.00683332 -0.0543496 0.00478185 0.999988 0.000833257 -6.45078 -0.00683722 -0.000800552 0.999976 335.802 
0.999984 -0.00199418 0.00523412 -0.0454804 0.00200654 0.999995 -0.00235718 -6.53219 -0.00522939 0.00236765 0.999984 339.021 
0.999995 -0.000282664 0.00329943 -0.039303 0.000268431 0.999991 0.00431359 -6.60181 -0.00330061 -0.00431268 0.999985 342.246 
0.999998 0.000206242 0.0020917 -0.03681 -0.000212634 0.999995 0.00305604 -6.62892 -0.00209106 -0.00305648 0.999993 343.853 
1 -0.000444111 0.000271657 -0.0351466 0.000443834 0.999999 0.00101749 -6.65278 -0.000272108 -0.00101737 1 345.452 
0.999992 -0.00306261 -0.00262549 -0.0370718 0.00307165 0.999989 0.00344606 -6.70815 0.00261491 -0.00345409 0.999991 348.655 
0.99999 -0.00334199 -0.00305751 -0.0415633 0.00334961 0.999991 0.0024902 -6.73724 0.00304916 -0.00250042 0.999992 350.253 
0.999986 -0.00407135 -0.00329429 -0.0627708 0.00407679 0.99999 0.00164591 -6.80586 0.00328756 -0.00165932 0.999993 353.446 
0.999981 -0.00521583 -0.0032936 -0.0857036 0.00521871 0.999986 0.000867944 -6.88255 0.00328903 -0.000885115 0.999994 356.631 
0.99998 -0.00540174 -0.003418 -0.0972999 0.00540248 0.999985 0.000206237 -6.92176 0.00341684 -0.000224698 0.999994 358.222 
0.999977 -0.0058973 -0.00334578 -0.109101 0.00589922 0.999982 0.000562851 -6.95871 0.0033424 -0.000582575 0.999994 359.813 
0.99998 -0.00546874 -0.00326977 -0.122301 0.00546734 0.999985 -0.000439521 -6.99594 0.00327213 0.000421635 0.999995 361.404 
0.99996 -0.00834387 -0.00308417 -0.141995 0.00834334 0.999965 -0.0001831 -7.07272 0.00308559 0.000157361 0.999995 364.587 
0.999945 -0.0100072 -0.00321568 -0.1553 0.0100103 0.999949 0.000968115 -7.1124 0.00320583 -0.00100025 0.999994 366.184 
0.999951 -0.0094445 -0.00278608 -0.185891 0.00944285 0.999955 -0.000603325 -7.18829 0.00279165 0.000576988 0.999996 369.387 
0.99998 -0.00610012 -0.00180553 -0.222998 0.00610185 0.999981 0.000954059 -7.26884 0.00179968 -0.000965056 0.999998 372.615 
0.999982 -0.00587943 -0.00119997 -0.251989 0.00587933 0.999983 -9.21155e-05 -7.34494 0.00120049 8.50595e-05 0.999999 375.781 
0.999983 -0.00571795 -0.000917867 -0.262588 0.00571764 0.999984 -0.000336816 -7.37934 0.000919778 0.000331563 1 377.387 
0.999991 -0.00418331 -0.000381357 -0.278359 0.0041832 0.999991 -0.000270587 -7.44841 0.000382486 0.00026899 1 380.607 
0.999996 -0.00289136 -5.68595e-05 -0.287793 0.00289139 0.999996 0.000451874 -7.48506 5.5553e-05 -0.000452036 1 382.22 
0.999999 -0.0017385 0.000211452 -0.296087 0.00173854 0.999999 -0.000162598 -7.52208 -0.000211169 0.000162966 1 383.841 
1 -0.000127952 0.000807379 -0.311017 0.000128479 1 -0.000652509 -7.59675 -0.000807295 0.000652613 1 387.068 
0.999999 0.00111654 0.00106092 -0.316454 -0.00111683 0.999999 0.000265966 -7.6316 -0.00106062 -0.00026715 0.999999 388.686 
0.999994 0.00290337 0.00183956 -0.3238 -0.00290395 0.999996 0.000314458 -7.6962 -0.00183864 -0.000319797 0.999998 391.936 
