1 1.19763e-11 1.70464e-10 -5.55111e-17 1.19763e-11 1 3.5625e-10 0 1.70464e-10 3.5625e-10 1 2.22045e-16 
0.999999 -0.00164635 -0.00055382 0.000444833 0.00164737 0.999997 0.00185972 -0.0420332 0.000550757 -0.00186063 0.999998 2.6253 
0.999993 -0.00363535 -0.0006434 0.00277789 0.00363587 0.999993 0.000814119 -0.0848376 0.000640437 -0.000816452 1 5.26102 
0.999985 -0.00550405 -0.000416986 0.00757102 0.00550516 0.999981 0.00269445 -0.116587 0.000402148 -0.00269671 0.999996 7.90878 
0.999989 -0.00463087 -0.000860471 0.00772834 0.00463247 0.999988 0.0018671 -0.149765 0.000851814 -0.00187107 0.999998 10.5696 
0.999999 0.00154359 -0.000621867 0.00341939 -0.00154466 0.999997 -0.00172497 -0.176748 0.000619203 0.00172593 0.999998 13.2421 
0.999987 0.00518981 -0.000386943 -0.00585176 -0.00519015 0.999986 -0.000872886 -0.21776 0.000382408 0.000874883 1 15.9307 
1 -0.000899386 0.00025249 0.000482789 0.000898369 0.999992 0.00399822 -0.253748 -0.000256084 -0.00399799 0.999992 18.6347 
0.999987 -0.00511926 -0.000232036 0.00413469 0.00511913 0.999987 -0.000553928 -0.293109 0.000234869 0.000552734 1 21.3413 
0.999999 0.000142485 0.00124543 -0.00736932 -0.000141531 1 -0.000766073 -0.346812 -0.00124553 0.000765897 0.999999 24.0721 
0.999997 -0.00105089 0.00236924 -0.00506118 0.00103793 0.999985 0.00546529 -0.38714 -0.00237494 -0.00546281 0.999982 26.8203 
0.99998 -0.00593323 0.00198489 0.00528159 0.00593062 0.999981 0.00131719 -0.432898 -0.00199267 -0.00130539 0.999997 29.5701 
0.999991 -0.00286426 0.00317328 0.00682708 0.00286867 0.999995 -0.00138571 -0.485013 -0.00316929 0.0013948 0.999994 32.3353 
0.999994 -0.000956297 0.00340896 0.0121194 0.000961957 0.999998 -0.00165924 -0.574623 -0.00340737 0.00166251 0.999993 36.5079 
0.999982 0.00505155 0.00310141 0.0194295 -0.00504983 0.999987 -0.000561303 -0.643712 -0.00310421 0.000545632 0.999995 40.7044 
0.999971 0.00725972 0.00241226 0.0262236 -0.0072593 0.999974 -0.000183054 -0.717858 -0.00241352 0.000165538 0.999997 44.9282 
0.999982 0.00601056 -0.000241195 0.0335922 -0.00601037 0.999982 0.000792652 -0.783986 0.000245955 -0.000791187 1 49.1796 
0.99997 0.00688278 -0.0035883 0.0253698 -0.0068758 0.999974 0.00195412 -0.845384 0.00360166 -0.00192939 0.999992 53.4572 
0.999979 0.00400311 -0.00502858 0.0168087 -0.0039889 0.999988 0.00283304 -0.88688 0.00503986 -0.00281292 0.999983 56.3166 
0.999984 0.00037494 -0.00573077 0.0100754 -0.000358701 0.999996 0.00283441 -0.924947 0.00573181 -0.0028323 0.99998 59.1737 
0.999986 -0.00185879 -0.00491793 0.00276421 0.00187897 0.99999 0.00410219 -0.964748 0.00491026 -0.00411137 0.99998 62.0279 
0.999978 -0.0052962 -0.0040082 -0.0028736 0.00530753 0.999982 0.00282093 -1.00818 0.00399319 -0.00284214 0.999988 64.8719 
0.999991 -0.00348246 -0.00255314 -0.0100203 0.00348838 0.999991 0.0023161 -1.0502 0.00254505 -0.00232499 0.999994 67.7031 
0.999995 0.00301286 -0.00128797 -0.0270228 -0.00300644 0.999983 0.0049609 -1.09783 0.0013029 -0.004957 0.999987 70.53 
0.999938 0.0111515 0.000135883 -0.0421465 -0.011152 0.999925 0.00511281 -1.13599 -7.88574e-05 -0.00511401 0.999987 73.3399 
0.99986 0.0166377 0.00188362 -0.0545851 -0.0166459 0.999851 0.00447234 -1.19794 -0.00180893 -0.00450307 0.999988 77.5408 
0.999908 0.0134899 0.00167721 -0.0488321 -0.0134958 0.999903 0.00356072 -1.25829 -0.00162902 -0.00358303 0.999992 81.7109 
0.99991 0.0134348 0.000187047 -0.06072 -0.0134354 0.999903 0.0036812 -1.32024 -0.000137573 -0.00368338 0.999993 85.8656 
0.999957 0.00879073 -0.00308665 -0.0981323 -0.00877154 0.999942 0.00617618 -1.38264 0.00314076 -0.00614884 0.999976 90.0063 
0.999981 0.00428222 -0.00446849 -0.14546 -0.00425922 0.999978 0.00514399 -1.43596 0.00449042 -0.00512486 0.999977 94.1034 
0.999976 0.00546203 -0.00424626 -0.212031 -0.00544763 0.999979 0.0033954 -1.49648 0.00426472 -0.00337218 0.999985 98.1655 
0.999965 0.00752926 -0.00362721 -0.248572 -0.00751145 0.99996 0.00490014 -1.535 0.00366396 -0.00487272 0.999981 100.86 
0.99996 0.00830225 -0.00341329 -0.28676 -0.00828462 0.999952 0.00514996 -1.57525 0.00345588 -0.00512147 0.999981 103.546 
0.99998 0.00550493 -0.00323905 -0.334309 -0.00549641 0.999981 0.00263482 -1.63843 0.00325349 -0.00261696 0.999991 107.565 
0.999997 0.00156146 -0.00170952 -0.373776 -0.0015522 0.999984 0.00540652 -1.68674 0.00171793 -0.00540385 0.999984 110.245 
0.999997 0.0025812 -0.000333754 -0.413713 -0.00258068 0.999995 0.00155683 -1.734 0.000337771 -0.00155596 0.999999 112.905 
0.999969 0.0075702 0.00216128 -0.42959 -0.00756832 0.999971 -0.000875418 -1.775 -0.00216785 0.000859034 0.999997 115.56 
0.999948 0.00907989 0.00466731 -0.433415 -0.00909732 0.999952 0.00372716 -1.81179 -0.00463325 -0.00376942 0.999982 118.227 
0.999942 0.00858716 0.00646894 -0.433415 -0.00861102 0.999956 0.00366898 -1.84632 -0.00643715 -0.00372447 0.999972 120.904 
0.999884 0.0123802 0.00884972 -0.456074 -0.0124054 0.999919 0.0027973 -1.91003 -0.00881437 -0.00290676 0.999957 123.624 
0.999839 0.0133948 0.0119575 -0.470849 -0.0134061 0.99991 0.000867673 -2.00603 -0.0119448 -0.00102784 0.999928 127.692 
0.999837 0.0118896 0.0135774 -0.47428 -0.0119336 0.999924 0.00316674 -2.07319 -0.0135387 -0.00332826 0.999903 130.407 
0.999865 0.00881254 0.0138726 -0.465694 -0.00886363 0.999954 0.00362522 -2.1277 -0.01384 -0.00374769 0.999897 133.11 
0.9999 0.00563661 0.013005 -0.46612 -0.00568639 0.999977 0.00379355 -2.19839 -0.0129833 -0.00386712 0.999908 135.815 
0.999939 0.00279173 0.0106784 -0.464572 -0.00284243 0.999985 0.00473639 -2.25485 -0.010665 -0.00476645 0.999932 138.512 
0.999965 0.000485385 0.00835519 -0.467442 -0.000526886 0.999988 0.00496553 -2.31487 -0.00835268 -0.00496976 0.999953 141.213 
0.999982 -0.000146183 0.00606111 -0.474702 0.000121902 0.999992 0.00400624 -2.36746 -0.00606165 -0.00400542 0.999974 143.91 
0.999966 -0.00729861 0.0039474 -0.481393 0.00729554 0.999973 0.000792572 -2.42659 -0.00395308 -0.000763745 0.999992 146.601 
0.999686 -0.0250495 0.000133244 -0.488799 0.0250491 0.999684 0.00211337 -2.51862 -0.00018614 -0.00210937 0.999998 150.648 
0.999771 -0.0213319 0.00200194 -0.52034 0.021339 0.999766 -0.00363006 -2.61189 -0.00192403 0.00367195 0.999991 154.684 
0.99956 -0.0295122 0.0030818 -0.510487 0.0295036 0.999561 0.00277658 -2.66616 -0.00316239 -0.00268443 0.999991 157.383 
0.999367 -0.0354624 0.0030068 -0.490889 0.0354507 0.999364 0.00386476 -2.71138 -0.00314195 -0.00375572 0.999988 160.079 
0.999538 -0.029977 0.0050437 -0.483652 0.0299575 0.999544 0.00390971 -2.7606 -0.0051586 -0.0037568 0.99998 162.779 
0.999696 -0.0237031 0.00675023 -0.468784 0.023699 0.999719 0.000677608 -2.81067 -0.00676439 -0.000517427 0.999977 165.481 
0.999815 -0.018133 0.00643441 -0.442444 0.0181372 0.999835 -0.000594343 -2.88656 -0.00642257 0.000710936 0.999979 169.56 
0.999936 -0.00973329 0.00574025 -0.411154 0.00976101 0.999941 -0.00482071 -2.93273 -0.00569299 0.00487643 0.999972 172.284 
0.999977 -0.00182811 0.00656723 -0.37793 0.00183804 0.999997 -0.00150577 -2.98645 -0.00656446 0.00151781 0.999977 175.029 
0.999973 -0.00433959 0.00590949 -0.340531 0.00432893 0.999989 0.00181691 -3.01391 -0.00591731 -0.00179128 0.999981 177.785 
0.999971 -0.0073093 0.00217015 -0.313655 0.00731459 0.99997 -0.00243795 -3.04112 -0.00215226 0.00245375 0.999995 180.542 
0.999999 -0.00147201 7.62514e-05 -0.314056 0.00147256 0.999968 -0.00786872 -3.08816 -6.46658e-05 0.00786882 0.999969 183.31 
0.999991 0.00430353 0.000233426 -0.31413 -0.00430271 0.999985 -0.00340559 -3.13755 -0.000248078 0.00340455 0.999994 186.099 
0.999995 0.00295401 0.000675549 -0.307021 -0.00295426 0.999996 0.000363433 -3.22186 -0.000674472 -0.000365426 1 190.305 
0.999985 -0.00529432 0.00136956 -0.297934 0.00529189 0.999984 0.00177274 -3.31413 -0.00137892 -0.00176546 0.999997 194.54 
0.999938 -0.0109435 0.00223336 -0.299864 0.0109449 0.99994 -0.000604029 -3.41936 -0.00222661 0.000628435 0.999997 198.801 
0.999899 0.0131913 0.00530312 -0.348581 -0.013178 0.99991 -0.0025273 -3.55558 -0.00533598 0.00245716 0.999983 203.095 
0.999945 0.00953533 0.00439027 -0.343831 -0.00953493 0.999954 -0.000112239 -3.62867 -0.00439114 7.0373e-05 0.99999 207.418 
0.999946 0.0101161 0.0025245 -0.353316 -0.0101163 0.999949 6.07891e-05 -3.74177 -0.00252375 -8.63235e-05 0.999997 213.245 
0.999961 0.00871091 0.00124073 -0.360488 -0.0087094 0.999961 -0.00122115 -3.86762 -0.00125132 0.00121029 0.999999 219.142 
0.999954 0.00953527 3.06076e-06 -0.37715 -0.00953524 0.999952 -0.00238007 -3.9905 -2.57549e-05 0.00237993 0.999997 225.079 
0.999987 0.00512032 0.000112845 -0.37457 -0.00512013 0.999985 -0.00166632 -4.12499 -0.000121375 0.00166572 0.999999 232.542 
0.99997 0.00761506 0.00142164 -0.382906 -0.0076159 0.999971 0.000589276 -4.28539 -0.00141711 -0.000600085 0.999999 240.06 
0.999958 0.00859422 0.00326044 -0.377078 -0.00858925 0.999962 -0.00153716 -4.4047 -0.00327352 0.00150909 0.999993 246.123 
0.999946 0.00997147 0.00283953 -0.362986 -0.00997312 0.99995 0.00056808 -4.5113 -0.00283373 -0.000596367 0.999996 252.224 
0.999946 0.0099729 0.0029445 -0.351899 -0.00997571 0.99995 0.000940638 -4.58494 -0.00293497 -0.00096996 0.999995 256.823 
0.999988 0.00411133 0.00258996 -0.334678 -0.00411675 0.999989 0.00208863 -4.66224 -0.00258135 -0.00209927 0.999995 261.435 
0.999995 -0.000123414 0.00332916 -0.324905 0.000106729 0.999987 0.0050115 -4.74817 -0.00332974 -0.00501111 0.999982 266.057 
0.999988 -0.00193803 0.00439599 -0.316602 0.00192754 0.999995 0.00239047 -4.86605 -0.00440061 -0.00238197 0.999988 270.677 
0.99997 0.00242459 0.00740264 -0.311231 -0.00244139 0.999994 0.0022617 -4.98763 -0.00739712 -0.0022797 0.99997 275.307 
0.999946 0.00300233 0.00993542 -0.301129 -0.00301076 0.999995 0.000833953 -5.13414 -0.00993287 -0.000863821 0.99995 279.945 
0.99993 6.99498e-05 0.0118644 -0.259923 -0.000102408 0.999996 0.0027352 -5.24169 -0.0118642 -0.00273623 0.999926 284.601 
0.999942 -0.00117181 0.0107295 -0.217081 0.00119856 0.999996 -0.00248648 -5.35515 -0.0107265 0.00249919 0.999939 289.254 
0.999961 -0.00241203 0.00844723 -0.182827 0.00243485 0.999993 -0.00269109 -5.46258 -0.00844069 0.00271155 0.999961 293.932 
0.999977 -0.00346684 0.00585138 -0.157166 0.00347331 0.999993 -0.00109698 -5.57321 -0.00584754 0.00111728 0.999982 298.65 
0.999976 -0.000781736 0.00689487 -0.136231 0.000778236 1 0.000510269 -5.67404 -0.00689526 -0.00050489 0.999976 303.413 
0.999955 -0.00542868 0.00775826 -0.10099 0.00545008 0.999981 -0.00274014 -5.77594 -0.00774324 0.0027823 0.999966 308.212 
0.999985 -0.00422132 0.00349667 -0.0965843 0.0042361 0.999982 -0.00423198 -5.90777 -0.00347874 0.00424673 0.999985 313.045 
0.999981 -0.00476709 0.00379025 -0.10867 0.00475554 0.999984 0.00305185 -6.03243 -0.00380473 -0.00303377 0.999988 317.924 
0.999966 -0.00684118 0.00460929 -0.100918 0.0068311 0.999974 0.00219832 -6.1434 -0.00462421 -0.00216676 0.999987 322.814 
0.999969 -0.00473991 0.00625482 -0.0941105 0.00473602 0.999989 0.000636986 -6.26882 -0.00625777 -0.000607343 0.99998 327.698 
0.999944 -0.00798854 0.0069226 -0.0642123 0.00797425 0.999966 0.00208908 -6.37224 -0.00693905 -0.00203376 0.999974 332.569 
0.999965 -0.00478743 0.00683332 -0.0543496 0.00478185 0.999988 0.000833257 -6.45078 -0.00683722 -0.000800552 0.999976 335.802 
0.999984 -0.00199418 0.00523412 -0.0454804 0.00200654 0.999995 -0.00235718 -6.53219 -0.00522939 0.00236765 0.999984 339.021 
0.999995 -0.000282664 0.00329943 -0.039303 0.000268431 0.999991 0.00431359 -6.60181 -0.00330061 -0.00431268 0.999985 342.246 
1 -0.000444111 0.000271657 -0.0351466 0.000443834 0.999999 0.00101749 -6.65278 -0.000272108 -0.00101737 1 345.452 
0.999992 -0.00306261 -0.00262549 -0.0370718 0.00307165 0.999989 0.00344606 -6.70815 0.00261491 -0.00345409 0.999991 348.655 
0.999987 -0.00400627 -0.00327367 -0.0526102 0.00401149 0.999991 0.00158878 -6.77306 0.00326727 -0.00160189 0.999993 351.848 
0.999984 -0.00456592 -0.00326332 -0.0750661 0.00457074 0.999988 0.00147062 -6.84356 0.00325656 -0.00148551 0.999994 355.038 
0.99998 -0.00540174 -0.003418 -0.0972999 0.00540248 0.999985 0.000206237 -6.92176 0.00341684 -0.000224698 0.999994 358.222 
0.99998 -0.00546874 -0.00326977 -0.122301 0.00546734 0.999985 -0.000439521 -6.99594 0.00327213 0.000421635 0.999995 361.404 
0.99996 -0.00834387 -0.00308417 -0.141995 0.00834334 0.999965 -0.0001831 -7.07272 0.00308559 0.000157361 0.999995 364.587 
0.999939 -0.0105576 -0.0031631 -0.166861 0.0105585 0.999944 0.000269207 -7.14688 0.00316009 -0.000302587 0.999995 367.781 
0.99997 -0.00743495 -0.00230747 -0.202919 0.00743648 0.999972 0.000654648 -7.22508 0.00230254 -0.000671787 0.999997 370.975 
0.999983 -0.00569843 -0.00143532 -0.237813 0.00569945 0.999984 0.000704659 -7.30681 0.00143128 -0.000712826 0.999999 374.225 
0.999983 -0.00571795 -0.000917867 -0.262588 0.00571764 0.999984 -0.000336816 -7.37934 0.000919778 0.000331563 1 377.387 
0.999991 -0.00418331 -0.000381357 -0.278359 0.0041832 0.999991 -0.000270587 -7.44841 0.000382486 0.00026899 1 380.607 
0.999999 -0.0017385 0.000211452 -0.296087 0.00173854 0.999999 -0.000162598 -7.52208 -0.000211169 0.000162966 1 383.841 
0.999999 0.00111654 0.00106092 -0.316454 -0.00111683 0.999999 0.000265966 -7.6316 -0.00106062 -0.00026715 0.999999 388.686 
0.999993 0.00292545 0.00209174 -0.32379 -0.00292642 0.999996 0.00045846 -7.73169 -0.00209039 -0.000464577 0.999998 393.558 
