1 1.19763e-11 1.70464e-10 0 1.19763e-11 1 3.5625e-10 -1.11022e-16 1.70464e-10 3.5625e-10 1 2.22045e-16 
0.999998 0.00143088 -0.00136626 -0.0278736 -0.00143123 0.999999 -0.000257619 -0.0560812 0.00136589 0.000259574 0.999999 2.38418 
0.999992 0.00286033 -0.00273194 -0.0557354 -0.00286175 0.999996 -0.000515091 -0.112136 0.00273045 0.000522905 0.999996 4.76729 
0.999982 0.0042904 -0.00409898 -0.0836255 -0.0042936 0.999991 -0.000772789 -0.168246 0.00409563 0.000790375 0.999991 7.15277 
0.999969 0.00571877 -0.00546518 -0.111499 -0.00572448 0.999983 -0.00103029 -0.224319 0.0054592 0.00106155 0.999985 9.53676 
0.999951 0.00714577 -0.00683087 -0.139362 -0.00715472 0.999974 -0.00128767 -0.28037 0.00682149 0.00133648 0.999976 11.9198 
0.999931 0.00843591 -0.00816322 -0.167141 -0.00844859 0.999963 -0.00152061 -0.336295 0.00815009 0.00158947 0.999965 14.3035 
0.999905 0.00994267 -0.00955913 -0.195073 -0.00996015 0.999949 -0.00178253 -0.392444 0.00954091 0.00187757 0.999953 16.6876 
0.999903 0.00903704 -0.0106381 -0.222069 -0.00904873 0.999958 -0.00105157 -0.445081 0.0106282 0.00114773 0.999943 19.0766 
0.999889 0.0090071 -0.0118276 -0.253156 -0.00904332 0.999954 -0.00301191 -0.497782 0.0118 0.00311854 0.999926 21.4647 
0.999862 0.00984956 -0.0133611 -0.288791 -0.00988085 0.999949 -0.00227713 -0.55273 0.013338 0.00240884 0.999908 23.853 
0.999835 0.0101149 -0.0151055 -0.327351 -0.0101569 0.999945 -0.00270318 -0.606984 0.0150773 0.00285616 0.999882 26.2431 
0.999823 0.00861126 -0.0167054 -0.367798 -0.00861793 0.999963 -0.000327681 -0.656564 0.0167019 0.00047159 0.99986 28.6371 
0.999801 0.0074613 -0.0185104 -0.411276 -0.0075089 0.999969 -0.00250366 -0.70872 0.0184912 0.00264216 0.999826 31.0279 
0.999774 0.00740399 -0.0199167 -0.459653 -0.0074443 0.99997 -0.00195049 -0.763253 0.0199017 0.00209831 0.9998 33.4202 
0.999758 0.00640272 -0.0210545 -0.509819 -0.00643811 0.999978 -0.00161332 -0.818272 0.0210438 0.00174848 0.999777 35.8126 
0.999746 0.0055957 -0.0218499 -0.562741 -0.00562143 0.999984 -0.00111657 -0.873467 0.0218433 0.00123911 0.999761 38.2069 
0.999747 0.0062008 -0.0216065 -0.61817 -0.00617996 0.99998 0.00103148 -0.926858 0.0216124 -0.000897686 0.999766 40.6024 
0.999739 0.00782238 -0.0214496 -0.675668 -0.00781302 0.999969 0.000520558 -0.977631 0.021453 -0.000352835 0.99977 42.9959 
0.999751 0.0110736 -0.019367 -0.735861 -0.010976 0.999927 0.00514141 -1.02036 0.0194225 -0.00492756 0.999799 45.3956 
0.999804 0.0119197 -0.0158213 -0.784447 -0.0117438 0.999869 0.0111629 -1.05121 0.0159523 -0.0109749 0.999812 47.8015 
0.999865 0.00992313 -0.013056 -0.822002 -0.00977267 0.999886 0.0115377 -1.07385 0.013169 -0.0114085 0.999848 50.2035 
0.999871 0.0115474 -0.0111836 -0.859463 -0.0114466 0.999894 0.00904029 -1.09829 0.0112868 -0.00891111 0.999897 52.6058 
0.99988 0.0099049 -0.0118841 -0.892873 -0.00981186 0.999921 0.00786143 -1.12788 0.011961 -0.00774388 0.999899 55.0152 
0.999837 0.0100971 -0.0149447 -0.933231 -0.00995818 0.999907 0.00933976 -1.16069 0.0150376 -0.00918942 0.999845 57.4278 
0.999799 0.0110527 -0.0167453 -0.981436 -0.0108951 0.999896 0.00946992 -1.19028 0.0168482 -0.00928557 0.999815 59.8386 
0.999786 0.0108011 -0.0176325 -1.03113 -0.0106471 0.999905 0.00880072 -1.22132 0.0177259 -0.0086111 0.999806 62.2456 
0.999793 0.00908842 -0.018201 -1.07847 -0.00893026 0.999922 0.00875222 -1.2517 0.0182792 -0.00858786 0.999796 64.6475 
0.999779 0.00952396 -0.0187288 -1.12954 -0.00934732 0.999911 0.00949644 -1.28111 0.0188176 -0.00931928 0.99978 67.0476 
0.999735 0.0131959 -0.0188793 -1.18693 -0.0130472 0.999883 0.00797869 -1.30942 0.0189824 -0.00773025 0.99979 69.4353 
0.999688 0.0166571 -0.0185977 -1.24323 -0.0164973 0.999826 0.00871377 -1.33946 0.0187396 -0.00840424 0.999789 71.816 
0.999704 0.0187315 -0.0155521 -1.29284 -0.0185739 0.999775 0.0102144 -1.37147 0.0157399 -0.00992248 0.999827 74.1875 
0.999836 0.0146383 -0.0106252 -1.32014 -0.0145978 0.999886 0.00388094 -1.40752 0.0106808 -0.0037252 0.999936 76.5408 
0.999881 0.0145024 -0.00525761 -1.33795 -0.0144706 0.999877 0.0060339 -1.4488 0.00534447 -0.00595709 0.999968 78.8946 
0.999885 0.0150247 0.00205161 -1.34229 -0.0150362 0.999871 0.00571294 -1.48583 -0.00196551 -0.00574313 0.999982 81.2345 
0.99988 0.0127292 0.00886334 -1.32387 -0.0127231 0.999919 -0.000739437 -1.53031 -0.00887203 0.000626579 0.999961 83.558 
0.999807 0.0116764 0.0157817 -1.29299 -0.0116789 0.999932 6.52823e-05 -1.58059 -0.0157798 -0.000249582 0.999876 85.877 
0.999651 0.0124442 0.0232842 -1.24713 -0.012416 0.999922 -0.00135718 -1.63067 -0.0232992 0.00106761 0.999728 88.1838 
0.999481 0.0122127 0.029818 -1.18274 -0.0120887 0.999918 -0.00433684 -1.68316 -0.0298685 0.00397413 0.999546 90.4834 
0.999319 0.0101085 0.0354901 -1.10175 -0.0100514 0.999948 -0.00178757 -1.73609 -0.0355063 0.00142963 0.999368 92.7913 
0.999138 0.00815756 0.0406936 -1.00612 -0.00821454 0.999965 0.00123296 -1.78507 -0.0406821 -0.00156617 0.999171 95.1026 
0.998965 0.00539851 0.0451542 -0.89754 -0.00520135 0.999976 -0.0044828 -1.83487 -0.0451773 0.0042433 0.99897 97.4132 
0.99879 0.00589486 0.0488303 -0.782045 -0.0054781 0.999947 -0.00866424 -1.89164 -0.0488788 0.00838626 0.998769 99.7397 
0.998795 0.00615144 0.0486906 -0.665532 -0.00586421 0.999965 -0.0060398 -1.95303 -0.048726 0.00574699 0.998796 102.095 
0.998956 0.00574843 0.0453281 -0.550571 -0.00558373 0.999977 -0.00375952 -2.01288 -0.0453487 0.00350249 0.998965 104.47 
0.999189 0.00637717 0.0397667 -0.448327 -0.00625591 0.999975 -0.00317304 -2.06974 -0.0397859 0.00292169 0.999204 106.867 
0.999453 0.00797542 0.0320995 -0.365108 -0.00787451 0.999964 -0.00326915 -2.127 -0.0321244 0.00301459 0.999479 109.279 
0.999679 0.008809 0.0237386 -0.298528 -0.00878063 0.999961 -0.00129932 -2.18567 -0.0237491 0.00109046 0.999717 111.707 
0.999851 0.00934745 0.0145022 -0.253779 -0.00934393 0.999956 -0.000310941 -2.24015 -0.0145045 0.000175388 0.999895 114.142 
0.999932 0.0106937 0.0046037 -0.234072 -0.0106914 0.999943 -0.000525943 -2.29683 -0.00460906 0.000476688 0.999989 116.586 
0.999903 0.0134151 -0.00374102 -0.237293 -0.0134203 0.999909 -0.0013563 -2.358 0.00372248 0.00140637 0.999992 119.04 
0.999837 0.0167111 -0.00682861 -0.256232 -0.0167211 0.999859 -0.00140924 -2.41742 0.0068041 0.0015232 0.999976 121.501 
0.999755 0.0202564 -0.00889889 -0.283572 -0.0202553 0.999795 0.000204309 -2.4715 0.0089012 -2.40077e-05 0.99996 123.983 
0.999667 0.0235682 -0.0104931 -0.316815 -0.0235496 0.999721 0.00189471 -2.52162 0.0105348 -0.00164697 0.999943 126.47 
0.999638 0.0241768 -0.0118416 -0.353204 -0.0241148 0.999695 0.00534702 -2.56129 0.0119673 -0.00505952 0.999916 128.97 
0.99969 0.0211635 -0.0131168 -0.384545 -0.0211108 0.999768 0.00414784 -2.59617 0.0132015 -0.00386964 0.999905 131.476 
0.999767 0.0160332 -0.0144467 -0.413373 -0.0159196 0.999842 0.00794194 -2.63136 0.0145718 -0.0077101 0.999864 133.996 
0.999843 0.00989517 -0.0147093 -0.443887 -0.00978133 0.999922 0.00779134 -2.66006 0.0147852 -0.00764623 0.999861 136.523 
0.999878 0.00564459 -0.0145769 -0.472057 -0.00555702 0.999966 0.00604079 -2.69321 0.0146105 -0.00595904 0.999876 139.057 
0.99989 0.00597114 -0.0136025 -0.509951 -0.0058595 0.999949 0.00823257 -2.72813 0.013651 -0.00815196 0.999874 141.606 
0.999887 0.00866059 -0.0123187 -0.550146 -0.00854776 0.999921 0.00918276 -2.75953 0.0123973 -0.00907642 0.999882 144.153 
0.999892 0.00910511 -0.0114942 -0.586224 -0.0090539 0.999949 0.00449961 -2.79483 0.0115346 -0.00439506 0.999924 146.694 
0.999911 0.00789119 -0.0107591 -0.618401 -0.00792518 0.999964 -0.00311978 -2.84455 0.0107341 0.00320477 0.999937 149.227 
0.999915 0.00747066 -0.0106815 -0.649286 -0.00751224 0.999964 -0.00385818 -2.90876 0.0106523 0.00393809 0.999935 151.756 
0.999901 0.00893226 -0.0108898 -0.684175 -0.00895768 0.999957 -0.00228766 -2.96991 0.0108688 0.00238498 0.999938 154.288 
0.999885 0.00967133 -0.0116837 -0.721231 -0.00969494 0.999951 -0.00196518 -3.02488 0.0116641 0.00207822 0.99993 156.817 
0.999871 0.00943709 -0.0130048 -0.75814 -0.00944675 0.999955 -0.000680968 -3.07934 0.0129978 0.000803735 0.999915 159.342 
0.999842 0.0105925 -0.0142772 -0.798967 -0.010612 0.999943 -0.00129639 -3.13526 0.0142626 0.00144769 0.999897 161.864 
0.999806 0.0118748 -0.0157159 -0.844849 -0.0119134 0.999926 -0.0023666 -3.19122 0.0156867 0.00255337 0.999874 164.39 
0.999783 0.0118115 -0.0171891 -0.891591 -0.011886 0.99992 -0.00423947 -3.25233 0.0171377 0.00444285 0.999843 166.914 
0.999752 0.0123362 -0.0185243 -0.941804 -0.0123873 0.99992 -0.00264513 -3.31395 0.0184902 0.00287394 0.999825 169.441 
0.99972 0.0127729 -0.019905 -0.99577 -0.0128126 0.999916 -0.00186476 -3.37385 0.0198795 0.00211927 0.9998 171.971 
0.999685 0.0134199 -0.0212291 -1.05365 -0.0134712 0.999907 -0.00227164 -3.43193 0.0211967 0.0025569 0.999772 174.498 
0.999649 0.0146528 -0.0220779 -1.11197 -0.0147098 0.999889 -0.00241887 -3.49193 0.02204 0.00274279 0.999753 177.026 
0.999659 0.0132581 -0.0225007 -1.1675 -0.0133785 0.999897 -0.00520742 -3.55545 0.0224294 0.00550667 0.999733 179.549 
0.999681 0.0102488 -0.0230688 -1.22091 -0.0102893 0.999946 -0.00163495 -3.61722 0.0230509 0.00187179 0.999733 182.072 
0.999673 0.0103628 -0.0233607 -1.28027 -0.0103012 0.999943 0.00275764 -3.66913 0.0233879 -0.0025161 0.999723 184.593 
0.99965 0.0123045 -0.0234172 -1.34277 -0.0123672 0.99992 -0.00253445 -3.72236 0.0233842 0.00282317 0.999723 187.092 
0.999653 0.0119275 -0.023508 -1.40087 -0.0119497 0.999928 -0.000803738 -3.78186 0.0234967 0.00108437 0.999723 189.586 
0.999676 0.0114353 -0.0227296 -1.45692 -0.0113896 0.999933 0.00213771 -3.83975 0.0227525 -0.00187814 0.999739 192.07 
0.999749 0.0100797 -0.0200225 -1.50439 -0.0100826 0.999949 -4.30334e-05 -3.89757 0.0200211 0.000244903 0.999799 194.534 
0.999807 0.00913005 -0.0174209 -1.54334 -0.00917138 0.999955 -0.0022943 -3.96212 0.0173992 0.00245363 0.999846 196.982 
0.999851 0.00895475 -0.0147845 -1.57734 -0.00894716 0.99996 0.000579148 -4.02538 0.0147891 -0.000446782 0.999891 199.411 
0.999877 0.00944574 -0.012535 -1.60705 -0.00943641 0.999955 0.000803841 -4.08451 0.012542 -0.000685456 0.999921 201.821 
0.999895 0.0100899 -0.0104203 -1.62986 -0.0100746 0.999948 0.00152276 -4.14217 0.0104351 -0.00141762 0.999945 204.203 
0.99991 0.0101237 -0.00875483 -1.64907 -0.0101128 0.999948 0.00128718 -4.19622 0.00876741 -0.00119853 0.999961 206.553 
0.99993 0.00877602 -0.00797274 -1.66316 -0.00876006 0.99996 0.00203533 -4.25023 0.00799028 -0.00196534 0.999966 208.852 
0.999923 0.0085436 -0.00897263 -1.68092 -0.00851351 0.999958 0.0033868 -4.30181 0.00900119 -0.00331015 0.999954 211.094 
0.999911 0.0091296 -0.00978528 -1.70539 -0.00911522 0.999957 0.00151356 -4.35161 0.00979868 -0.00142423 0.999951 213.275 
0.999898 0.00851047 -0.0114609 -1.73064 -0.008495 0.999963 0.00139821 -4.40208 0.0114724 -0.0013007 0.999933 215.405 
0.999862 0.00707599 -0.0150121 -1.7581 -0.00702249 0.999969 0.00361377 -4.45045 0.0150372 -0.00350785 0.999881 217.485 
0.999783 0.00751584 -0.0194553 -1.79655 -0.00740204 0.999955 0.00591479 -4.49424 0.0194989 -0.00576949 0.999793 219.511 
0.999659 0.00796657 -0.0248717 -1.84453 -0.00783582 0.999955 0.00534982 -4.53245 0.0249132 -0.0051531 0.999676 221.461 
0.999489 0.00889485 -0.0307088 -1.9005 -0.00871367 0.999944 0.00602865 -4.57435 0.0307607 -0.00575798 0.99951 223.323 
0.999278 0.0086326 -0.0370029 -1.96323 -0.00845652 0.999952 0.00491251 -4.61388 0.0370435 -0.00459604 0.999303 225.093 
0.999019 0.0101143 -0.0431107 -2.03611 -0.00995606 0.999943 0.00388317 -4.65549 0.0431475 -0.00345015 0.999063 226.776 
0.998845 0.0128542 -0.0462884 -2.11395 -0.0126727 0.999911 0.00421334 -4.69229 0.0463384 -0.00362187 0.998919 228.382 
0.998893 0.0128098 -0.0452506 -2.21517 -0.0125671 0.999905 0.00564562 -4.74656 0.0453186 -0.0050707 0.99896 230.658 
0.998938 0.0132911 -0.0441086 -2.27881 -0.0132363 0.999911 0.00153503 -4.77892 0.044125 -0.000949568 0.999026 232.116 
0.999039 0.0140376 -0.0415125 -2.33855 -0.0140623 0.999901 -0.000304814 -4.81318 0.0415041 0.000888285 0.999138 233.56 
0.999191 0.0132864 -0.0379686 -2.38958 -0.0133178 0.999911 -0.000573615 -4.84796 0.0379576 0.00107881 0.999279 234.992 
0.999342 0.0131104 -0.0338217 -2.43716 -0.0131495 0.999913 -0.00093472 -4.88158 0.0338065 0.00137885 0.999428 236.409 
0.99954 0.0123102 -0.0277262 -2.47522 -0.0123198 0.999924 -0.000175058 -4.91213 0.0277219 0.000516559 0.999616 237.811 
0.999701 0.0109899 -0.0218298 -2.50154 -0.010982 0.99994 0.00048182 -4.94755 0.0218338 -0.00024194 0.999762 239.2 
0.99985 0.0113417 -0.0130489 -2.5282 -0.0113588 0.999935 -0.00123393 -4.99821 0.0130341 0.00138196 0.999914 241.264 
0.999909 0.0112986 -0.00733624 -2.53835 -0.0113065 0.999935 -0.001034 -5.03204 0.00732409 0.00111685 0.999973 242.654 
0.99993 0.0115537 -0.00245928 -2.5456 -0.0115551 0.999933 -0.000559149 -5.06428 0.00245265 0.000587528 0.999997 244.059 
0.999932 0.011576 0.00154232 -2.54662 -0.0115692 0.999923 -0.00438365 -5.09478 -0.00159295 0.00436551 0.999989 245.471 
0.999938 0.0107719 0.00267294 -2.54373 -0.0107536 0.999919 -0.00676716 -5.12614 -0.00274561 0.00673799 0.999973 246.908 
0.999936 0.010925 0.00302195 -2.5419 -0.0109031 0.999915 -0.00716991 -5.16458 -0.00310002 0.0071365 0.99997 248.369 
0.999932 0.0110868 0.00352747 -2.54094 -0.0110516 0.99989 -0.00985862 -5.20598 -0.00363639 0.00981897 0.999945 249.857 
0.999983 0.00402366 0.00424756 -2.52926 -0.00396977 0.999912 -0.0126188 -5.24631 -0.00429796 0.0126017 0.999911 251.371 
0.999935 0.01001 0.00551496 -2.53441 -0.00999102 0.999944 -0.00346176 -5.28296 -0.00554931 0.00340643 0.999979 252.929 
0.999931 0.00828298 0.00826515 -2.52283 -0.00827762 0.999965 -0.000683216 -5.31615 -0.00827053 0.000614754 0.999966 254.511 
0.999803 0.0115532 0.016109 -2.50891 -0.0113657 0.999867 -0.011683 -5.34529 -0.0162419 0.0114976 0.999802 256.112 
0.999677 0.0116732 0.0225798 -2.47644 -0.0114726 0.999894 -0.00899468 -5.38577 -0.0226824 0.00873272 0.999705 257.758 
0.999583 0.00615029 0.0282192 -2.42627 -0.00603844 0.999974 -0.00404695 -5.42505 -0.0282434 0.00387486 0.999594 259.43 
0.99939 0.00817133 0.0339433 -2.37745 -0.00798873 0.999953 -0.00551177 -5.46745 -0.0339867 0.00523724 0.999409 261.103 
0.999204 0.00895698 0.0388821 -2.31559 -0.0086414 0.999928 -0.00827684 -5.50957 -0.0389534 0.00793425 0.999209 262.779 
0.998917 0.0113817 0.0451077 -2.24929 -0.0111924 0.999927 -0.00444753 -5.55757 -0.045155 0.00393785 0.998972 264.463 
0.998653 0.0117972 0.050521 -2.16903 -0.0115492 0.99992 -0.00519778 -5.60156 -0.0505783 0.00460731 0.99871 266.146 
0.998464 0.00718835 0.0549306 -2.07093 -0.00692358 0.999964 -0.00500896 -5.64239 -0.0549646 0.00462095 0.998478 267.834 
0.998395 0.00496856 0.0564207 -1.97234 -0.00469959 0.999977 -0.00489907 -5.68395 -0.0564437 0.00462605 0.998395 269.529 
0.998368 0.00482439 0.0569088 -1.87569 -0.00458219 0.99998 -0.0043856 -5.72699 -0.0569288 0.00411767 0.99837 271.234 
0.99846 0.00500763 0.0552475 -1.78334 -0.00476577 0.999978 -0.00450878 -5.77311 -0.0552689 0.00423854 0.998463 272.943 
0.998628 0.00591853 0.0520212 -1.70084 -0.00559772 0.999964 -0.00631051 -5.81491 -0.0520567 0.00601066 0.998626 274.651 
0.998766 0.00813344 0.0489941 -1.62267 -0.0078224 0.999948 -0.00653684 -5.85824 -0.0490447 0.00614552 0.998778 276.354 
0.998995 0.00842248 0.0440316 -1.55063 -0.00822813 0.999956 -0.00459322 -5.90115 -0.0440683 0.0042263 0.99902 278.052 
0.999363 0.00582291 0.0351951 -1.48931 -0.00581906 0.999983 -0.000211965 -5.94192 -0.0351957 7.02846e-06 0.99938 279.735 
0.999657 0.00491401 0.0257086 -1.44776 -0.00496239 0.999986 0.00181816 -5.97802 -0.0256993 -0.00194511 0.999668 281.39 
0.999858 0.00341794 0.0164903 -1.41905 -0.00346411 0.99999 0.00277228 -6.01085 -0.0164806 -0.00282901 0.99986 283.004 
0.999959 0.00344834 0.00839104 -1.41125 -0.00346866 0.999991 0.00240803 -6.04017 -0.00838266 -0.00243704 0.999962 284.555 
0.999993 0.00353435 0.000765703 -1.41778 -0.00353637 0.99999 0.0026483 -6.06917 -0.000756335 -0.00265099 0.999996 286.036 
0.999958 0.00381434 -0.00837492 -1.43582 -0.00381016 0.999993 0.000514589 -6.10138 0.00837682 -0.000482656 0.999965 287.433 
0.999719 0.00628369 -0.0228721 -1.47765 -0.00635626 0.999975 -0.00310117 -6.1326 0.022852 0.00324568 0.999734 288.751 
0.998896 0.006605 -0.0465137 -1.54562 -0.00681246 0.999968 -0.00430299 -6.16704 0.0464837 0.00461511 0.998908 290.017 
0.996547 0.0102342 -0.0823969 -1.66504 -0.0104729 0.999942 -0.00246584 -6.19696 0.0823669 0.00332026 0.996597 291.23 
0.991448 0.013381 -0.129815 -1.83449 -0.0137845 0.999903 -0.0022104 -6.22425 0.129772 0.00398093 0.991536 292.379 
0.982146 0.0163701 -0.187409 -2.068 -0.0166929 0.999861 -0.000144312 -6.24785 0.18738 0.00327012 0.982282 293.468 
0.955806 0.0181658 -0.293438 -2.54338 -0.0168706 0.999834 0.00694429 -6.28527 0.293515 -0.00168692 0.955953 294.988 
0.92833 0.0207961 -0.371175 -2.94905 -0.017502 0.999772 0.0122414 -6.30794 0.371345 -0.00486779 0.928482 295.902 
0.891514 0.0208731 -0.452512 -3.42557 -0.0152983 0.999755 0.015976 -6.32098 0.452735 -0.00732011 0.891615 296.783 
0.843254 0.0199888 -0.537144 -3.96896 -0.0115459 0.999751 0.0190782 -6.33276 0.537392 -0.00988592 0.843275 297.563 
0.782848 0.0220978 -0.621821 -4.58632 -0.0104315 0.999695 0.0223937 -6.33944 0.622126 -0.0110443 0.782839 298.262 
0.709248 0.0210131 -0.704646 -5.27032 -0.004494 0.99967 0.0252877 -6.34781 0.704945 -0.0147685 0.709109 298.869 
0.618595 0.0212149 -0.785423 -6.01439 0.0063723 0.999467 0.0320152 -6.33996 0.785684 -0.0248094 0.618131 299.434 
0.51501 0.0317447 -0.856596 -6.80887 0.00190339 0.999269 0.0381764 -6.33128 0.857182 -0.0212917 0.514573 299.805 
0.40308 0.0387493 -0.914344 -7.62009 -0.00102594 0.999122 0.0418898 -6.31563 0.915164 -0.0159469 0.402766 300.062 
0.286916 0.0441768 -0.956937 -8.43615 0.00348417 0.998881 0.0471579 -6.29231 0.95795 -0.0168645 0.286441 300.22 
0.165841 0.0515813 -0.984803 -9.27029 0.00873268 0.998515 0.0537701 -6.27121 0.986114 -0.0175172 0.165144 300.329 
-0.0286115 0.0676125 -0.997301 -10.5813 0.0145099 0.997633 0.0672187 -6.22432 0.999485 -0.0125475 -0.0295249 300.229 
-0.227627 0.0866127 -0.969889 -11.9432 0.0251397 0.996227 0.0830646 -6.15018 0.973424 -0.00547504 -0.228945 299.798 
-0.353129 0.0936364 -0.930877 -12.8598 0.0348506 0.995605 0.0869267 -6.09478 0.934925 -0.00174529 -0.35484 299.434 
-0.467758 0.0945454 -0.878785 -13.7634 0.0427943 0.995519 0.0843259 -6.02836 0.88282 0.00183707 -0.469708 298.874 
-0.566104 0.0948009 -0.818864 -14.6631 0.0485279 0.995475 0.0816987 -5.95012 0.822904 0.00651222 -0.568143 298.181 
-0.644411 0.0989099 -0.758255 -15.5692 0.0553382 0.995031 0.0827663 -5.87199 0.762674 0.011375 -0.646683 297.36 
-0.716412 0.111421 -0.688723 -16.4706 0.0717423 0.993697 0.0861335 -5.78346 0.693979 0.0122965 -0.71989 296.401 
-0.779741 0.110185 -0.616331 -17.3224 0.0764321 0.993782 0.080967 -5.69239 0.62142 0.0160258 -0.783314 295.284 
-0.83237 0.102443 -0.54467 -18.1234 0.0777282 0.994633 0.0682891 -5.59632 0.548742 0.0145056 -0.835866 294.047 
-0.875764 0.0978334 -0.472723 -18.872 0.078503 0.995076 0.0605041 -5.50938 0.476314 0.0158772 -0.879132 292.636 
-0.913017 0.0936182 -0.397033 -19.5385 0.0779441 0.995413 0.0554726 -5.4355 0.400406 0.0197009 -0.916126 291.079 
-0.942603 0.0992123 -0.318837 -20.1292 0.0868463 0.994821 0.0528074 -5.36469 0.322425 0.0220865 -0.946337 289.39 
-0.964622 0.102636 -0.242839 -20.6125 0.0925591 0.994318 0.0525791 -5.29613 0.246856 0.028242 -0.968641 287.568 
-0.979985 0.100218 -0.172006 -20.9774 0.0936763 0.994551 0.0457598 -5.23189 0.175655 0.0287311 -0.984032 285.632 
-0.989399 0.0980109 -0.107164 -21.2269 0.0942426 0.994758 0.0396927 -5.16961 0.110493 0.0291725 -0.993449 283.593 
-0.994366 0.0948339 -0.0473559 -21.3587 0.0931642 0.994989 0.0363086 -5.11824 0.0505619 0.0316922 -0.998218 281.431 
-0.995753 0.0919628 0.00440106 -21.3772 0.09206 0.995159 0.0344027 -5.06863 -0.00121598 0.0346617 -0.999398 279.173 
-0.994999 0.0874416 0.048283 -21.2898 0.0890684 0.995491 0.0326315 -5.02153 -0.0452119 0.0367688 -0.998301 276.829 
-0.993999 0.077667 0.0770325 -21.1119 0.0800215 0.996401 0.0279593 -4.98325 -0.0745837 0.0339557 -0.996637 274.431 
-0.99363 0.0692346 0.0889097 -20.8862 0.0722451 0.996902 0.0310965 -4.94692 -0.0864813 0.0373218 -0.995554 271.963 
-0.994058 0.0652803 0.0871075 -20.6659 0.0679721 0.997286 0.0282989 -4.90606 -0.0850237 0.0340516 -0.995797 269.428 
-0.994589 0.0635802 0.0821637 -20.4476 0.0662682 0.997338 0.0304103 -4.86175 -0.0800116 0.0356906 -0.996155 266.831 
-0.995416 0.0615365 0.0732102 -20.2497 0.0640901 0.997397 0.0330559 -4.8177 -0.0709855 0.0375964 -0.996769 264.179 
-0.996221 0.0603663 0.0624424 -20.0709 0.0627769 0.997327 0.0373911 -4.78028 -0.0600183 0.0411698 -0.997348 261.517 
-0.996883 0.0591046 0.0522612 -19.9213 0.0610962 0.997432 0.0373675 -4.73861 -0.0499184 0.040444 -0.997934 258.85 
-0.997529 0.0568909 0.0412329 -19.7967 0.0583987 0.997632 0.0363329 -4.69629 -0.0390682 0.038651 -0.998489 256.17 
-0.997895 0.0567492 0.0313836 -19.7034 0.0580563 0.997411 0.0424359 -4.64839 -0.0288942 0.0441686 -0.998606 253.475 
-0.997998 0.0588703 0.0231249 -19.6393 0.0598033 0.997327 0.0419708 -4.58676 -0.0205922 0.0432698 -0.998851 250.773 
-0.998082 0.0594355 0.017293 -19.5903 0.0600615 0.997461 0.038267 -4.52916 -0.0149746 0.0392322 -0.999118 248.064 
-0.998231 0.0581244 0.0125212 -19.5513 0.058564 0.997553 0.0381979 -4.47385 -0.0102703 0.0388636 -0.999192 245.338 
-0.998187 0.0593773 0.00984946 -19.5267 0.0597285 0.997399 0.040346 -4.41134 -0.0074282 0.0408611 -0.999137 242.596 
-0.998096 0.0608774 0.00995391 -19.5032 0.0612345 0.997292 0.0407293 -4.34609 -0.00744747 0.0412612 -0.999121 239.839 
-0.997885 0.0640574 0.0110327 -19.481 0.064428 0.997223 0.0373665 -4.28645 -0.00860843 0.0379983 -0.999241 237.073 
-0.997732 0.066012 0.0131621 -19.4501 0.0665033 0.996933 0.041247 -4.2238 -0.010399 0.0420287 -0.999062 234.291 
-0.997863 0.0635565 0.0151381 -19.4066 0.0641514 0.997025 0.0427366 -4.15292 -0.0123769 0.0436164 -0.998972 231.492 
-0.998054 0.0601614 0.0163722 -19.3556 0.0608014 0.99727 0.0418928 -4.09135 -0.0138072 0.0428067 -0.998988 228.688 
-0.998034 0.0604056 0.016693 -19.3094 0.061015 0.997383 0.0387922 -4.0312 -0.014306 0.0397345 -0.999108 225.871 
-0.997974 0.0612577 0.0171721 -19.2653 0.061909 0.997264 0.0403829 -3.97516 -0.0146514 0.0413642 -0.999037 223.034 
-0.99803 0.0602836 0.0173623 -19.2149 0.0609664 0.997259 0.0419296 -3.91575 -0.0147871 0.0429056 -0.99897 220.186 
-0.998015 0.060565 0.0172517 -19.1647 0.0612205 0.997306 0.0404035 -3.85191 -0.0147582 0.0413795 -0.999035 217.328 
-0.997889 0.0625505 0.0174596 -19.1149 0.0632531 0.997066 0.043101 -3.78382 -0.0147124 0.0441144 -0.998918 214.452 
-0.997835 0.0634161 0.0174059 -19.0532 0.0640673 0.99715 0.0398286 -3.70667 -0.0148305 0.0408575 -0.999055 211.57 
-0.997866 0.0629366 0.0173792 -18.9904 0.0635988 0.997148 0.0406227 -3.63417 -0.014773 0.0416413 -0.999023 208.672 
-0.997907 0.0622505 0.0175085 -18.9279 0.0629027 0.997236 0.0395545 -3.55915 -0.0149978 0.040573 -0.999064 205.758 
-0.998002 0.0607796 0.0172476 -18.8648 0.0614557 0.997233 0.0418309 -3.48764 -0.0146574 0.0428073 -0.998976 202.832 
-0.997915 0.0621706 0.0173612 -18.809 0.0628335 0.997194 0.0406818 -3.41917 -0.0147833 0.0416879 -0.999021 199.909 
-0.997942 0.0620157 0.0163174 -18.7519 0.0627025 0.996989 0.0456241 -3.35064 -0.0134388 0.0465533 -0.998825 196.976 
-0.998082 0.0602617 0.0141655 -18.6972 0.0608535 0.99709 0.0459184 -3.27644 -0.0113571 0.0466924 -0.998845 194.056 
-0.998166 0.0592744 0.0123008 -18.648 0.0597818 0.997147 0.0460891 -3.20505 -0.00953379 0.0467399 -0.998862 191.144 
-0.998083 0.0609218 0.0108909 -18.6104 0.0613504 0.997115 0.0446967 -3.13828 -0.0081365 0.0452791 -0.998941 188.243 
-0.998112 0.0606706 0.00957521 -18.5769 0.0610404 0.997131 0.0447547 -3.07584 -0.00683245 0.0452547 -0.998952 185.352 
-0.998152 0.060188 0.00835879 -18.546 0.060518 0.997041 0.0474027 -3.01113 -0.00548098 0.047821 -0.998841 182.469 
-0.998174 0.0601866 0.00519615 -18.5232 0.0603643 0.997078 0.0468043 -2.94218 -0.00236397 0.0470325 -0.998891 179.601 
-0.998166 0.0605306 0.00123086 -18.5107 0.0605206 0.997035 0.0475323 -2.87354 0.00164995 0.0475196 -0.998869 176.751 
-0.998041 0.0624989 -0.00282821 -18.5133 0.0622881 0.996874 0.0486068 -2.80321 0.00585725 0.0483354 -0.998814 173.93 
-0.997997 0.0628885 -0.00681973 -18.5267 0.0624678 0.996778 0.0503203 -2.73603 0.00996233 0.0497935 -0.99871 171.156 
-0.997902 0.0638009 -0.0110031 -18.5517 0.0631287 0.996581 0.0532982 -2.66695 0.014366 0.0524917 -0.998518 168.447 
-0.997783 0.0649879 -0.0143422 -18.587 0.0641514 0.996552 0.0526199 -2.59924 0.0177124 0.0515831 -0.998512 165.822 
-0.997786 0.0645845 -0.0158933 -18.6254 0.0636087 0.996419 0.0557096 -2.5336 0.0194344 0.0545753 -0.998321 163.279 
-0.997856 0.0635031 -0.0158523 -18.6621 0.0625813 0.996626 0.0530981 -2.47385 0.0191707 0.0519922 -0.998463 160.837 
-0.997796 0.0645406 -0.0153892 -18.7004 0.0636388 0.996551 0.0532498 -2.42222 0.0187729 0.0521531 -0.998463 158.493 
-0.997811 0.0645853 -0.0142252 -18.7334 0.0636958 0.996398 0.055983 -2.3708 0.0177897 0.0549543 -0.99833 156.25 
-0.99794 0.0627639 -0.0132854 -18.7623 0.0619265 0.996502 0.056109 -2.32265 0.0167606 0.0551707 -0.998336 154.117 
-0.997892 0.0637176 -0.0122759 -18.7924 0.0629679 0.996554 0.0539915 -2.27446 0.0156738 0.0531048 -0.998466 152.087 
-0.997912 0.0635831 -0.0113027 -18.8164 0.0628687 0.996498 0.0551257 -2.23022 0.0147682 0.0543001 -0.998416 150.162 
-0.997919 0.0636418 -0.0104049 -18.8377 0.062965 0.996448 0.0559198 -2.18775 0.0139268 0.0551483 -0.998381 148.339 
-0.998009 0.0624197 -0.00907076 -18.8548 0.0618204 0.996529 0.0557508 -2.1442 0.0125192 0.055079 -0.998403 146.599 
-0.997761 0.0663195 -0.00859141 -18.8738 0.0657967 0.996521 0.0511455 -2.10087 0.0119535 0.0504657 -0.998654 144.922 
-0.997749 0.066551 -0.00824925 -18.8863 0.0660531 0.996539 0.0504645 -2.05941 0.0115792 0.049806 -0.998692 143.302 
-0.997589 0.0689579 -0.00781221 -18.9013 0.068504 0.996485 0.0482197 -2.02299 0.0111099 0.0475683 -0.998806 141.752 
-0.997568 0.0692182 -0.00824638 -18.9135 0.068743 0.996467 0.0482526 -1.9894 0.0115572 0.0475683 -0.998801 140.242 
-0.9975 0.0700418 -0.00934422 -18.9268 0.0695073 0.99639 0.0487329 -1.96053 0.0127238 0.0479615 -0.998768 138.765 
-0.997312 0.072548 -0.0103034 -18.9444 0.0719917 0.996308 0.0467742 -1.92816 0.0136587 0.0459067 -0.998852 137.33 
-0.997078 0.0754793 -0.0117169 -18.9737 0.0749519 0.996371 0.0403312 -1.89527 0.0147185 0.0393351 -0.999118 135.216 
-0.997312 0.0721261 -0.0129272 -18.9831 0.0716097 0.996756 0.0367359 -1.86792 0.0155349 0.0357114 -0.999241 133.82 
-0.996996 0.0762837 -0.0133804 -19.0039 0.0756835 0.996299 0.040751 -1.83902 0.0164395 0.0396159 -0.99908 132.429 
-0.997667 0.0667203 -0.0144539 -19.0074 0.0661229 0.997069 0.0384778 -1.82356 0.0169788 0.0374323 -0.999155 131.06 
-0.997595 0.0677949 -0.0143944 -19.0266 0.0674104 0.997394 0.0256974 -1.8 0.016099 0.0246652 -0.999566 129.693 
-0.998171 0.0588634 -0.0137515 -19.0297 0.0584923 0.997949 0.025991 -1.78324 0.0152532 0.0251391 -0.999568 128.287 
-0.99846 0.0543389 -0.0111999 -19.0369 0.053955 0.998026 0.0321262 -1.76235 0.0129236 0.0314724 -0.999421 126.832 
-0.998518 0.0540495 -0.00636716 -19.0431 0.0538162 0.998025 0.0324093 -1.73955 0.00810629 0.0320186 -0.999454 125.339 
-0.998691 0.0511419 0.000177795 -19.034 0.051124 0.998235 0.0302153 -1.70496 0.00136779 0.0301849 -0.999543 123.793 
-0.998732 0.0498256 0.00723671 -19.0174 0.0500668 0.998014 0.0382285 -1.67161 -0.00531758 0.0385423 -0.999243 122.172 
-0.998505 0.0527305 0.0144175 -18.9955 0.0532862 0.997723 0.0413387 -1.63046 -0.0122048 0.0420452 -0.999041 120.489 
-0.998193 0.0558516 0.0221827 -18.9624 0.0566488 0.997705 0.0371005 -1.58386 -0.0200596 0.0382901 -0.999065 118.74 
-0.997796 0.0591212 0.0301125 -18.9125 0.060193 0.997536 0.0360261 -1.53944 -0.0279085 0.0377593 -0.998897 116.921 
-0.997348 0.061709 0.0385996 -18.8457 0.0632519 0.997191 0.0401166 -1.49574 -0.0360157 0.0424517 -0.998449 115.028 
-0.996694 0.0661833 0.0471176 -18.7626 0.0679748 0.996982 0.0374914 -1.44961 -0.0444941 0.0405703 -0.998185 113.072 
-0.996159 0.0681779 0.0549391 -18.6547 0.0700116 0.997027 0.0321729 -1.40278 -0.0525822 0.0358957 -0.997971 111.05 
-0.995888 0.0681864 0.0596542 -18.5267 0.0701692 0.997028 0.031798 -1.36259 -0.0573087 0.0358532 -0.997713 108.955 
-0.995916 0.06685 0.0606814 -18.3897 0.0685437 0.997302 0.0262697 -1.32609 -0.0587615 0.0303217 -0.997811 106.796 
-0.995718 0.0703541 0.0599628 -18.2568 0.072024 0.99706 0.0261548 -1.28814 -0.0579464 0.0303616 -0.997858 104.562 
-0.995749 0.0702485 0.0595828 -18.1174 0.0724216 0.996755 0.0351296 -1.24473 -0.0569217 0.0392953 -0.997605 102.246 
-0.995946 0.0686017 0.0581869 -17.972 0.0704953 0.997026 0.0311391 -1.19566 -0.0558777 0.0351147 -0.99782 99.8817 
-0.996093 0.0671447 0.0573521 -17.825 0.0690053 0.997131 0.0310997 -1.15122 -0.0550995 0.0349358 -0.997869 97.4478 
-0.996118 0.0682695 0.0555728 -17.6842 0.0701844 0.996979 0.0332645 -1.10252 -0.053134 0.0370357 -0.9979 94.9527 
-0.996426 0.0665296 0.0520477 -17.5437 0.0683455 0.997085 0.0339224 -1.04997 -0.0496392 0.0373584 -0.998068 92.3932 
-0.996925 0.062717 0.0469784 -17.41 0.0643324 0.997359 0.0336984 -0.999006 -0.0447409 0.036617 -0.998327 89.7748 
-0.997034 0.0652185 0.0408576 -17.2933 0.0660695 0.997618 0.0198344 -0.958478 -0.0394667 0.0224751 -0.998968 87.1097 
-0.997277 0.0644023 0.0359441 -17.1883 0.0656562 0.997233 0.0348659 -0.921829 -0.0335992 0.0371309 -0.998745 84.3517 
-0.997558 0.0626721 0.0308257 -17.0909 0.0637044 0.997399 0.033727 -0.862118 -0.0286318 0.0356083 -0.998956 81.5532 
-0.997629 0.0635591 0.0263751 -17.0091 0.0644264 0.997362 0.0334496 -0.805378 -0.0241795 0.0350695 -0.999092 78.6838 
-0.997592 0.0655743 0.0225991 -16.9389 0.0663481 0.997169 0.0353853 -0.74786 -0.0202147 0.0367995 -0.999118 75.7575 
-0.997805 0.0636037 0.0184137 -16.8736 0.0643123 0.997093 0.0408589 -0.688618 -0.0157614 0.0419534 -0.998995 72.8087 
-0.997897 0.0631123 0.0147713 -16.8211 0.0637243 0.996931 0.0454778 -0.626696 -0.0118558 0.0463234 -0.998856 69.8619 
-0.997889 0.0637888 0.0121463 -16.7792 0.0642598 0.996988 0.0434333 -0.561778 -0.00933915 0.0441222 -0.998982 66.9246 
-0.997965 0.0628922 0.0105077 -16.7413 0.0633012 0.996995 0.044643 -0.498323 -0.00766845 0.0452173 -0.998948 63.9872 
-0.997979 0.0628915 0.00913444 -16.7074 0.0632192 0.997131 0.0416291 -0.434222 -0.00649012 0.0421224 -0.999091 61.0593 
-0.997902 0.0641339 0.00885618 -16.6773 0.0644805 0.996815 0.0469377 -0.369666 -0.00581768 0.0474103 -0.998859 58.1185 
-0.997906 0.0639373 0.00978201 -16.6429 0.0643437 0.996711 0.0492656 -0.292801 -0.00659993 0.0497918 -0.998738 55.1885 
-0.997945 0.0630505 0.0114147 -16.6009 0.0634781 0.997096 0.0420764 -0.223878 -0.00872856 0.0427145 -0.999049 52.277 
-0.997986 0.0621162 0.0128457 -16.5545 0.0626129 0.997121 0.0427734 -0.166754 -0.0101518 0.0434916 -0.999002 49.3668 
-0.997934 0.062616 0.0144088 -16.5059 0.0632509 0.996799 0.0489048 -0.101866 -0.0113004 0.0497151 -0.998699 46.4611 
-0.998035 0.0609618 0.0145139 -16.4517 0.0615518 0.997114 0.0444384 -0.033908 -0.011763 0.0452444 -0.998907 43.5757 
-0.998019 0.0614399 0.0135326 -16.4018 0.0619543 0.997212 0.0415955 0.0226727 -0.0109392 0.0423515 -0.999043 40.6979 
-0.997983 0.0621364 0.0129854 -16.3568 0.0626727 0.996971 0.0460597 0.0806055 -0.0100841 0.0467806 -0.998854 37.8248 
-0.998182 0.0591261 0.0116832 -16.3076 0.0595861 0.997252 0.0440101 0.141409 -0.00904897 0.0446263 -0.998963 34.97 
-0.998196 0.0590737 0.0107624 -16.264 0.0594783 0.997335 0.0422528 0.199871 -0.00823772 0.0428167 -0.999049 32.1247 
-0.997929 0.0634506 0.0106129 -16.2299 0.0638552 0.997009 0.0435431 0.257281 -0.00781827 0.0441306 -0.998995 29.2847 
-0.997895 0.0640028 0.0104941 -16.1949 0.0643988 0.99699 0.0431749 0.31566 -0.00769923 0.0437598 -0.999012 26.4574 
-0.998126 0.0604119 0.00971564 -16.1536 0.0607778 0.997213 0.0432686 0.374359 -0.00707463 0.043778 -0.999016 23.6461 
-0.9982 0.0592573 0.00926063 -16.1162 0.0596122 0.997232 0.0444489 0.432365 -0.00660107 0.044921 -0.998969 20.8566 
-0.99807 0.0614475 0.00894594 -16.0866 0.0617925 0.997052 0.0454919 0.492678 -0.0061242 0.0459569 -0.998925 18.0884 
-0.998072 0.0614799 0.00852173 -16.0573 0.0617977 0.997111 0.0441592 0.553933 -0.00578222 0.0446006 -0.998988 15.333 
-0.998439 0.0553321 0.00763527 -16.0196 0.0555814 0.997745 0.0376306 0.605206 -0.00553587 0.0379962 -0.999263 12.595 
-0.998666 0.0509918 0.00816161 -15.9818 0.051293 0.997785 0.0423519 0.653636 -0.00598393 0.0427141 -0.999069 9.853 
-0.998372 0.0563739 0.0086936 -15.9576 0.0567184 0.997309 0.046461 0.712668 -0.00605102 0.0468784 -0.998882 7.1228 
-0.997939 0.0635082 0.00913385 -15.9388 0.0638699 0.996845 0.0471324 0.778721 -0.00611174 0.0476187 -0.998847 4.40032 
-0.997895 0.0642503 0.0088642 -15.9092 0.0645692 0.997019 0.0422432 0.844665 -0.00612364 0.0427266 -0.999068 1.6761 
-0.998143 0.0603587 0.00826222 -15.8712 0.0606548 0.997268 0.0421595 0.904504 -0.00569496 0.0425823 -0.999077 -1.06317 
-0.998181 0.0597811 0.00780661 -15.8384 0.0600465 0.997396 0.0399395 0.960124 -0.00539866 0.0403356 -0.999172 -3.81359 
-0.998222 0.0591147 0.00762183 -15.8082 0.0593741 0.997429 0.0401221 1.01409 -0.00523043 0.0405033 -0.999166 -6.57647 
-0.998412 0.0558965 0.00700252 -15.7739 0.0561322 0.997627 0.0398757 1.07072 -0.00475699 0.0402055 -0.99918 -9.35714 
-0.998639 0.0517386 0.00654927 -15.7385 0.0519726 0.997727 0.0428829 1.12967 -0.00431569 0.0431649 -0.999059 -12.1499 
-0.998726 0.0500959 0.00607549 -15.7058 0.0502939 0.997986 0.0386471 1.18872 -0.00412719 0.0389034 -0.999235 -14.951 
-0.998792 0.0487102 0.00648413 -15.6752 0.0489209 0.998089 0.0377468 1.2389 -0.00463308 0.0380184 -0.999266 -17.7644 
-0.998865 0.0471492 0.00675802 -15.6435 0.0473475 0.998333 0.0330146 1.27911 -0.00519014 0.0332971 -0.999432 -20.5842 
-0.998679 0.0508047 0.00766811 -15.6178 0.0510482 0.998052 0.0358622 1.32013 -0.0058312 0.0362063 -0.999327 -23.4244 
-0.998599 0.0521993 0.00862454 -15.5903 0.0524732 0.997996 0.0353532 1.36253 -0.00676185 0.0357562 -0.999338 -26.2678 
-0.998682 0.0505942 0.0085833 -15.554 0.0508564 0.998136 0.033729 1.40128 -0.00686082 0.034121 -0.999394 -29.1154 
-0.998572 0.0524995 0.00988939 -15.5214 0.0528449 0.997853 0.0386915 1.4506 -0.00783687 0.0391589 -0.999202 -31.9731 
-0.998298 0.0571705 0.0115002 -15.4933 0.057566 0.997632 0.0376419 1.49691 -0.00932092 0.0382399 -0.999225 -34.82 
-0.998095 0.0604876 0.0121391 -15.4609 0.0609207 0.997372 0.039204 1.54276 -0.00973584 0.0398688 -0.999158 -37.6656 
-0.997835 0.0644816 0.0129439 -15.4267 0.0649635 0.997041 0.0411068 1.59371 -0.010255 0.0418587 -0.999071 -40.499 
-0.997556 0.0686397 0.0130485 -15.3925 0.0690995 0.996853 0.0388498 1.64734 -0.0103408 0.0396565 -0.99916 -43.3226 
-0.997339 0.0716734 0.0133133 -15.357 0.0720763 0.996861 0.032755 1.68978 -0.0109238 0.0336274 -0.999375 -46.1304 
-0.997355 0.0714112 0.013534 -15.3171 0.0718627 0.996747 0.0364779 1.73364 -0.010885 0.037354 -0.999243 -48.944 
-0.997374 0.0711834 0.0133521 -15.277 0.0716144 0.996811 0.0351958 1.78328 -0.0108041 0.0360595 -0.999291 -51.7485 
-0.997393 0.0710542 0.0126076 -15.2375 0.0714522 0.996845 0.0345727 1.83399 -0.0101113 0.0353834 -0.999323 -54.5479 
-0.9975 0.069862 0.0106725 -15.1995 0.0701945 0.996925 0.0348311 1.88302 -0.00820634 0.0354931 -0.999336 -57.3521 
-0.997382 0.0717489 0.00900512 -15.1701 0.0720127 0.99684 0.0335279 1.92781 -0.00657107 0.0340886 -0.999397 -60.1507 
-0.997461 0.0708244 0.00744125 -15.1423 0.0710401 0.996878 0.034464 1.96959 -0.00497713 0.0349052 -0.999378 -62.9515 
-0.997604 0.0689395 0.00583632 -15.1134 0.0691036 0.996981 0.0353996 2.0103 -0.00337827 0.0357181 -0.999356 -65.7507 
-0.997618 0.0688109 0.00479244 -15.0914 0.0689383 0.996985 0.0356059 2.05244 -0.00232792 0.0358515 -0.999354 -68.5388 
-0.997516 0.0702577 0.00501102 -15.0745 0.0703829 0.997003 0.032117 2.08736 -0.00273954 0.03239 -0.999472 -71.3233 
-0.997456 0.0710485 0.00580028 -15.0538 0.0712018 0.996917 0.0329676 2.11708 -0.0034401 0.0332967 -0.99944 -74.0953 
-0.997261 0.0735477 0.00782347 -15.0308 0.0737887 0.996584 0.0370851 2.14655 -0.00506922 0.0375608 -0.999282 -76.8564 
-0.997205 0.0741079 0.00952148 -14.9983 0.0743836 0.996687 0.0329016 2.17982 -0.00705167 0.0335179 -0.999413 -79.5932 
-0.997432 0.0709471 0.00984352 -14.9596 0.0712243 0.996964 0.0314566 2.20092 -0.00758188 0.0320769 -0.999457 -82.3173 
-0.997388 0.0715138 0.0101887 -14.9247 0.0718585 0.996657 0.0388668 2.23251 -0.00737515 0.0394974 -0.999193 -85.0349 
-0.997341 0.0722239 0.00967253 -14.8919 0.072536 0.996673 0.0371662 2.26864 -0.00695607 0.037769 -0.999262 -87.7267 
-0.997481 0.0705109 0.00777731 -14.8566 0.070738 0.996903 0.0343721 2.29699 -0.00532961 0.0348357 -0.999379 -90.408 
-0.997593 0.0690708 0.00619157 -14.8243 0.0692534 0.996912 0.037008 2.32693 -0.00361628 0.0373477 -0.999296 -93.0767 
-0.997599 0.0690894 0.00478244 -14.798 0.0692142 0.996998 0.0347163 2.3579 -0.00236956 0.034964 -0.999386 -95.7244 
-0.997626 0.0687711 0.00347244 -14.776 0.068853 0.996924 0.0374336 2.38983 -0.00088741 0.0375839 -0.999293 -98.3634 
-0.99761 0.0690694 0.00167024 -14.7585 0.0690834 0.996904 0.037534 2.42687 0.000927379 0.0375597 -0.999294 -100.984 
-0.997622 0.0689271 0.000230392 -14.7441 0.068888 0.996932 0.0371479 2.46267 0.00233081 0.0370755 -0.99931 -103.593 
-0.997635 0.0687242 -0.00106915 -14.7342 0.0686391 0.996969 0.036613 2.49831 0.0035821 0.036453 -0.999329 -106.186 
-0.997614 0.0689949 -0.00235413 -14.7282 0.0688753 0.997045 0.0340206 2.53066 0.00469442 0.0337773 -0.999418 -108.763 
-0.997602 0.0691565 -0.00263122 -14.7256 0.0690068 0.99689 0.0380598 2.56369 0.00525512 0.037787 -0.999272 -111.329 
-0.997581 0.0694796 -0.00230498 -14.7215 0.0693539 0.996957 0.0355917 2.60037 0.00477087 0.0353457 -0.999364 -113.877 
-0.997481 0.0709084 -0.00202276 -14.7178 0.0707866 0.996815 0.0367401 2.6342 0.0046215 0.0365043 -0.999323 -116.411 
-0.997483 0.0708889 -0.00137939 -14.7128 0.070783 0.996744 0.0386111 2.66779 0.004112 0.0384162 -0.999253 -118.924 
-0.997499 0.0706612 -0.00129007 -14.7057 0.0705612 0.996782 0.0380352 2.70391 0.00397353 0.0378491 -0.999276 -121.414 
-0.997525 0.0702808 -0.00204413 -14.7005 0.0701557 0.996836 0.0373667 2.73591 0.00466383 0.0371309 -0.9993 -123.867 
-0.997661 0.0681987 -0.00456355 -14.6983 0.0679697 0.996923 0.0390418 2.7678 0.0072121 0.0386403 -0.999227 -126.287 
-0.997769 0.066379 -0.00712739 -14.7012 0.0660528 0.997054 0.0389994 2.80139 0.00969513 0.0384416 -0.999214 -128.67 
-0.99771 0.0670396 -0.00899215 -14.7123 0.0666653 0.997092 0.0369197 2.83317 0.0114411 0.0362357 -0.999278 -131.009 
-0.997614 0.0685077 -0.0086063 -14.7249 0.0680969 0.996823 0.041318 2.864 0.0114096 0.0406334 -0.999109 -133.3 
-0.997332 0.0724942 -0.00855478 -14.7431 0.0720832 0.996545 0.0412445 2.89521 0.0115152 0.0405178 -0.999112 -135.514 
-0.997449 0.0708443 -0.00874071 -14.7523 0.070377 0.996483 0.0454944 2.92894 0.011933 0.0447632 -0.998926 -137.654 
-0.997495 0.069693 -0.0121148 -14.7647 0.0691004 0.996644 0.0438919 2.96476 0.0151331 0.0429447 -0.998963 -139.696 
-0.997417 0.0703488 -0.0145347 -14.7849 0.069635 0.996564 0.0448565 2.99326 0.0176404 0.0437285 -0.998888 -141.631 
-0.997272 0.072306 -0.0148594 -14.8085 0.0715657 0.9964 0.0454434 3.02 0.0180918 0.044256 -0.998856 -143.452 
-0.996956 0.0776416 -0.007091 -14.8233 0.0772658 0.996075 0.0431864 3.04471 0.0104162 0.0425071 -0.999042 -145.155 
-0.9961 0.0854175 0.0220899 -14.7976 0.0862628 0.995442 0.0406577 3.06559 -0.0185163 0.0424047 -0.998929 -146.744 
