1 1.19763e-11 1.70464e-10 0 1.19763e-11 1 3.5625e-10 -1.11022e-16 1.70464e-10 3.5625e-10 1 2.22045e-16 
0.999998 0.00143088 -0.00136626 -0.0278736 -0.00143123 0.999999 -0.000257619 -0.0560812 0.00136589 0.000259574 0.999999 2.38418 
0.999992 0.00286033 -0.00273194 -0.0557354 -0.00286175 0.999996 -0.000515091 -0.112136 0.00273045 0.000522905 0.999996 4.76729 
0.999982 0.0042904 -0.00409898 -0.0836255 -0.0042936 0.999991 -0.000772789 -0.168246 0.00409563 0.000790375 0.999991 7.15277 
0.999969 0.00571877 -0.00546518 -0.111499 -0.00572448 0.999983 -0.00103029 -0.224319 0.0054592 0.00106155 0.999985 9.53676 
0.999951 0.00714577 -0.00683087 -0.139362 -0.00715472 0.999974 -0.00128767 -0.28037 0.00682149 0.00133648 0.999976 11.9198 
0.999931 0.00843591 -0.00816322 -0.167141 -0.00844859 0.999963 -0.00152061 -0.336295 0.00815009 0.00158947 0.999965 14.3035 
0.999905 0.00994267 -0.00955913 -0.195073 -0.00996015 0.999949 -0.00178253 -0.392444 0.00954091 0.00187757 0.999953 16.6876 
0.999903 0.00903704 -0.0106381 -0.222069 -0.00904873 0.999958 -0.00105157 -0.445081 0.0106282 0.00114773 0.999943 19.0766 
0.999889 0.0090071 -0.0118276 -0.253156 -0.00904332 0.999954 -0.00301191 -0.497782 0.0118 0.00311854 0.999926 21.4647 
0.999862 0.00984956 -0.0133611 -0.288791 -0.00988085 0.999949 -0.00227713 -0.55273 0.013338 0.00240884 0.999908 23.853 
0.999835 0.0101149 -0.0151055 -0.327351 -0.0101569 0.999945 -0.00270318 -0.606984 0.0150773 0.00285616 0.999882 26.2431 
0.999823 0.00861126 -0.0167054 -0.367798 -0.00861793 0.999963 -0.000327681 -0.656564 0.0167019 0.00047159 0.99986 28.6371 
0.999801 0.0074613 -0.0185104 -0.411276 -0.0075089 0.999969 -0.00250366 -0.70872 0.0184912 0.00264216 0.999826 31.0279 
0.999774 0.00740399 -0.0199167 -0.459653 -0.0074443 0.99997 -0.00195049 -0.763253 0.0199017 0.00209831 0.9998 33.4202 
0.999758 0.00640272 -0.0210545 -0.509819 -0.00643811 0.999978 -0.00161332 -0.818272 0.0210438 0.00174848 0.999777 35.8126 
0.999746 0.0055957 -0.0218499 -0.562741 -0.00562143 0.999984 -0.00111657 -0.873467 0.0218433 0.00123911 0.999761 38.2069 
0.999747 0.0062008 -0.0216065 -0.61817 -0.00617996 0.99998 0.00103148 -0.926858 0.0216124 -0.000897686 0.999766 40.6024 
0.999739 0.00782238 -0.0214496 -0.675668 -0.00781302 0.999969 0.000520558 -0.977631 0.021453 -0.000352835 0.99977 42.9959 
0.999751 0.0110736 -0.019367 -0.735861 -0.010976 0.999927 0.00514141 -1.02036 0.0194225 -0.00492756 0.999799 45.3956 
0.999804 0.0119197 -0.0158213 -0.784447 -0.0117438 0.999869 0.0111629 -1.05121 0.0159523 -0.0109749 0.999812 47.8015 
0.999865 0.00992313 -0.013056 -0.822002 -0.00977267 0.999886 0.0115377 -1.07385 0.013169 -0.0114085 0.999848 50.2035 
0.999871 0.0115474 -0.0111836 -0.859463 -0.0114466 0.999894 0.00904029 -1.09829 0.0112868 -0.00891111 0.999897 52.6058 
0.99988 0.0099049 -0.0118841 -0.892873 -0.00981186 0.999921 0.00786143 -1.12788 0.011961 -0.00774388 0.999899 55.0152 
0.999837 0.0100971 -0.0149447 -0.933231 -0.00995818 0.999907 0.00933976 -1.16069 0.0150376 -0.00918942 0.999845 57.4278 
0.999822 0.010094 -0.0159091 -0.956215 -0.00994013 0.999903 0.00972452 -1.17565 0.0160057 -0.00956466 0.999826 58.6326 
0.999782 0.0114454 -0.0174578 -1.00672 -0.0112833 0.999893 0.00935265 -1.2056 0.017563 -0.00915363 0.999804 61.0421 
0.999795 0.00950888 -0.0178507 -1.05386 -0.00937052 0.999926 0.00781895 -1.23748 0.0179237 -0.00765008 0.99981 63.4475 
0.999793 0.00908842 -0.018201 -1.07847 -0.00893026 0.999922 0.00875222 -1.2517 0.0182792 -0.00858786 0.999796 64.6475 
0.999789 0.00908306 -0.0184288 -1.10319 -0.00888242 0.999901 0.0109403 -1.2671 0.0185264 -0.0107743 0.99977 65.8504 
0.999762 0.0110335 -0.0188021 -1.15768 -0.0108882 0.99991 0.00781308 -1.29392 0.0188866 -0.0076065 0.999793 68.2411 
0.999735 0.0131959 -0.0188793 -1.18693 -0.0130472 0.999883 0.00797869 -1.30942 0.0189824 -0.00773025 0.99979 69.4353 
0.999688 0.0166571 -0.0185977 -1.24323 -0.0164973 0.999826 0.00871377 -1.33946 0.0187396 -0.00840424 0.999789 71.816 
0.999704 0.0187315 -0.0155521 -1.29284 -0.0185739 0.999775 0.0102144 -1.37147 0.0157399 -0.00992248 0.999827 74.1875 
0.999836 0.0146383 -0.0106252 -1.32014 -0.0145978 0.999886 0.00388094 -1.40752 0.0106808 -0.0037252 0.999936 76.5408 
0.999881 0.0145024 -0.00525761 -1.33795 -0.0144706 0.999877 0.0060339 -1.4488 0.00534447 -0.00595709 0.999968 78.8946 
0.999892 0.014593 -0.00193384 -1.34094 -0.0145772 0.999862 0.0079624 -1.46853 0.00204977 -0.00793334 0.999966 80.0684 
0.999885 0.0150247 0.00205161 -1.34229 -0.0150362 0.999871 0.00571294 -1.48583 -0.00196551 -0.00574313 0.999982 81.2345 
0.999885 0.0141338 0.00550328 -1.33565 -0.0141512 0.999895 0.00313899 -1.5061 -0.00545833 -0.00321651 0.99998 82.3991 
0.99988 0.0127292 0.00886334 -1.32387 -0.0127231 0.999919 -0.000739437 -1.53031 -0.00887203 0.000626579 0.999961 83.558 
0.999856 0.0118738 0.0121449 -1.30927 -0.0118523 0.999928 -0.00183327 -1.55547 -0.0121657 0.00168906 0.999925 84.7174 
0.999726 0.0127711 0.0196199 -1.27312 -0.0127924 0.999918 0.000960484 -1.60507 -0.019606 -0.0012112 0.999807 87.0311 
0.999574 0.0121248 0.02656 -1.21667 -0.0120245 0.99992 -0.00393573 -1.65616 -0.0266056 0.00361468 0.99964 89.3334 
0.999406 0.0108644 0.0326931 -1.14413 -0.0107685 0.999937 -0.00310873 -1.71042 -0.0327248 0.00275483 0.999461 91.6365 
0.999319 0.0101085 0.0354901 -1.10175 -0.0100514 0.999948 -0.00178757 -1.73609 -0.0355063 0.00142963 0.999368 92.7913 
0.999225 0.00928785 0.0382441 -1.05601 -0.00929732 0.999957 6.94875e-05 -1.76065 -0.0382418 -0.000425 0.999268 93.9471 
0.999053 0.00686319 0.0429619 -0.953966 -0.00683001 0.999976 -0.000919247 -1.80954 -0.0429672 0.000624947 0.999076 96.2554 
0.998965 0.00539851 0.0451542 -0.89754 -0.00520135 0.999976 -0.0044828 -1.83487 -0.0451773 0.0042433 0.99897 97.4132 
0.99879 0.00589486 0.0488303 -0.782045 -0.0054781 0.999947 -0.00866424 -1.89164 -0.0488788 0.00838626 0.998769 99.7397 
0.998795 0.00615144 0.0486906 -0.665532 -0.00586421 0.999965 -0.0060398 -1.95303 -0.048726 0.00574699 0.998796 102.095 
0.998956 0.00574843 0.0453281 -0.550571 -0.00558373 0.999977 -0.00375952 -2.01288 -0.0453487 0.00350249 0.998965 104.47 
0.999189 0.00637717 0.0397667 -0.448327 -0.00625591 0.999975 -0.00317304 -2.06974 -0.0397859 0.00292169 0.999204 106.867 
0.999453 0.00797542 0.0320995 -0.365108 -0.00787451 0.999964 -0.00326915 -2.127 -0.0321244 0.00301459 0.999479 109.279 
0.999679 0.008809 0.0237386 -0.298528 -0.00878063 0.999961 -0.00129932 -2.18567 -0.0237491 0.00109046 0.999717 111.707 
0.999851 0.00934745 0.0145022 -0.253779 -0.00934393 0.999956 -0.000310941 -2.24015 -0.0145045 0.000175388 0.999895 114.142 
0.999932 0.0106937 0.0046037 -0.234072 -0.0106914 0.999943 -0.000525943 -2.29683 -0.00460906 0.000476688 0.999989 116.586 
0.999903 0.0134151 -0.00374102 -0.237293 -0.0134203 0.999909 -0.0013563 -2.358 0.00372248 0.00140637 0.999992 119.04 
0.999837 0.0167111 -0.00682861 -0.256232 -0.0167211 0.999859 -0.00140924 -2.41742 0.0068041 0.0015232 0.999976 121.501 
0.999755 0.0202564 -0.00889889 -0.283572 -0.0202553 0.999795 0.000204309 -2.4715 0.0089012 -2.40077e-05 0.99996 123.983 
0.999667 0.0235682 -0.0104931 -0.316815 -0.0235496 0.999721 0.00189471 -2.52162 0.0105348 -0.00164697 0.999943 126.47 
0.999638 0.0241768 -0.0118416 -0.353204 -0.0241148 0.999695 0.00534702 -2.56129 0.0119673 -0.00505952 0.999916 128.97 
0.99969 0.0211635 -0.0131168 -0.384545 -0.0211108 0.999768 0.00414784 -2.59617 0.0132015 -0.00386964 0.999905 131.476 
0.999767 0.0160332 -0.0144467 -0.413373 -0.0159196 0.999842 0.00794194 -2.63136 0.0145718 -0.0077101 0.999864 133.996 
0.999843 0.00989517 -0.0147093 -0.443887 -0.00978133 0.999922 0.00779134 -2.66006 0.0147852 -0.00764623 0.999861 136.523 
0.999878 0.00564459 -0.0145769 -0.472057 -0.00555702 0.999966 0.00604079 -2.69321 0.0146105 -0.00595904 0.999876 139.057 
0.99989 0.00597114 -0.0136025 -0.509951 -0.0058595 0.999949 0.00823257 -2.72813 0.013651 -0.00815196 0.999874 141.606 
0.99988 0.00859196 -0.0128936 -0.531657 -0.00846348 0.999914 0.00998678 -2.74413 0.0129783 -0.00987645 0.999867 142.88 
0.999889 0.00895428 -0.0119115 -0.568107 -0.00887644 0.999939 0.00657173 -2.77535 0.0119696 -0.00646527 0.999907 145.424 
0.999906 0.0078125 -0.0112584 -0.601569 -0.0078088 0.999969 0.00037256 -2.81886 0.011261 -0.000284609 0.999937 147.961 
0.999915 0.00764352 -0.0105907 -0.634443 -0.00768883 0.999961 -0.00424426 -2.87506 0.0105579 0.00432532 0.999935 150.492 
0.99991 0.00811723 -0.0106469 -0.666905 -0.008155 0.999961 -0.0035087 -2.93972 0.010618 0.00359521 0.999937 153.025 
0.999894 0.00940335 -0.0111418 -0.703475 -0.00942305 0.999954 -0.00171744 -2.99762 0.0111252 0.00182224 0.999937 155.553 
0.999874 0.00999207 -0.0123223 -0.740134 -0.0100148 0.999948 -0.00178528 -3.05171 0.0123038 0.00190846 0.999923 158.078 
0.999853 0.0103076 -0.0136647 -0.778517 -0.0103136 0.999947 -0.000364302 -3.10733 0.0136602 0.000505181 0.999907 160.604 
0.999825 0.0110364 -0.0151011 -0.821014 -0.0110736 0.999936 -0.00238769 -3.16234 0.0150737 0.00255449 0.999883 163.126 
0.999799 0.0115564 -0.0163761 -0.867607 -0.0116077 0.999928 -0.00304421 -3.22185 0.0163397 0.00323369 0.999861 165.652 
0.99977 0.011987 -0.0178068 -0.915926 -0.0120613 0.999919 -0.00407482 -3.28271 0.0177565 0.00428865 0.999833 168.177 
0.999737 0.0124097 -0.0192647 -0.968255 -0.0124539 0.99992 -0.00217217 -3.3446 0.0192362 0.00241152 0.999812 170.705 
0.99972 0.0127729 -0.019905 -0.99577 -0.0128126 0.999916 -0.00186476 -3.37385 0.0198795 0.00211927 0.9998 171.971 
0.9997 0.0132105 -0.020625 -1.02432 -0.0132442 0.999911 -0.00149884 -3.40245 0.0206034 0.00177155 0.999786 173.234 
0.999661 0.0144512 -0.0216718 -1.08317 -0.0145182 0.99989 -0.00293639 -3.46124 0.0216269 0.00325002 0.999761 175.759 
0.999642 0.0145737 -0.0224189 -1.14094 -0.0146517 0.999887 -0.00331746 -3.52353 0.022368 0.00364475 0.999743 178.289 
0.999687 0.0103064 -0.0227772 -1.19338 -0.01042 0.999934 -0.00487375 -3.58708 0.0227255 0.00510956 0.999729 180.811 
0.999681 0.0100292 -0.0231631 -1.24982 -0.00995024 0.999944 0.00352089 -3.64468 0.0231971 -0.00328929 0.999726 183.337 
0.999661 0.0120192 -0.0231152 -1.31192 -0.0120299 0.999928 -0.000321705 -3.69421 0.0231097 0.00059967 0.999733 185.843 
0.999651 0.0118834 -0.0235897 -1.37147 -0.0119445 0.999926 -0.00244898 -3.75266 0.0235589 0.00272989 0.999719 188.339 
0.999655 0.0120291 -0.0233437 -1.42991 -0.0120046 0.999927 0.00118962 -3.81104 0.0233563 -0.000908981 0.999727 190.831 
0.999705 0.0114696 -0.0213956 -1.48235 -0.0114366 0.999933 0.001663 -3.86886 0.0214133 -0.00141782 0.99977 193.304 
0.999773 0.010028 -0.0187743 -1.52543 -0.0100574 0.999948 -0.00147379 -3.92931 0.0187585 0.00166228 0.999823 195.761 
0.999826 0.0092654 -0.0161766 -1.56132 -0.00928975 0.999956 -0.00143049 -3.99452 0.0161627 0.00158052 0.999868 198.199 
0.999861 0.00965481 -0.0136221 -1.59322 -0.00964213 0.999953 0.000996523 -4.05572 0.0136311 -0.000865037 0.999907 200.619 
0.999877 0.00944574 -0.012535 -1.60705 -0.00943641 0.999955 0.000803841 -4.08451 0.012542 -0.000685456 0.999921 201.821 
0.999895 0.0100899 -0.0104203 -1.62986 -0.0100746 0.999948 0.00152276 -4.14217 0.0104351 -0.00141762 0.999945 204.203 
0.99991 0.0101237 -0.00875483 -1.64907 -0.0101128 0.999948 0.00128718 -4.19622 0.00876741 -0.00119853 0.999961 206.553 
0.99993 0.00877602 -0.00797274 -1.66316 -0.00876006 0.99996 0.00203533 -4.25023 0.00799028 -0.00196534 0.999966 208.852 
0.999923 0.0085436 -0.00897263 -1.68092 -0.00851351 0.999958 0.0033868 -4.30181 0.00900119 -0.00331015 0.999954 211.094 
0.999911 0.0091296 -0.00978528 -1.70539 -0.00911522 0.999957 0.00151356 -4.35161 0.00979868 -0.00142423 0.999951 213.275 
0.999898 0.00851047 -0.0114609 -1.73064 -0.008495 0.999963 0.00139821 -4.40208 0.0114724 -0.0013007 0.999933 215.405 
0.999862 0.00707599 -0.0150121 -1.7581 -0.00702249 0.999969 0.00361377 -4.45045 0.0150372 -0.00350785 0.999881 217.485 
0.999783 0.00751584 -0.0194553 -1.79655 -0.00740204 0.999955 0.00591479 -4.49424 0.0194989 -0.00576949 0.999793 219.511 
0.999659 0.00796657 -0.0248717 -1.84453 -0.00783582 0.999955 0.00534982 -4.53245 0.0249132 -0.0051531 0.999676 221.461 
0.999489 0.00889485 -0.0307088 -1.9005 -0.00871367 0.999944 0.00602865 -4.57435 0.0307607 -0.00575798 0.99951 223.323 
0.999278 0.0086326 -0.0370029 -1.96323 -0.00845652 0.999952 0.00491251 -4.61388 0.0370435 -0.00459604 0.999303 225.093 
0.999019 0.0101143 -0.0431107 -2.03611 -0.00995606 0.999943 0.00388317 -4.65549 0.0431475 -0.00345015 0.999063 226.776 
0.998845 0.0128542 -0.0462884 -2.11395 -0.0126727 0.999911 0.00421334 -4.69229 0.0463384 -0.00362187 0.998919 228.382 
0.998877 0.0130127 -0.0455603 -2.18284 -0.0127428 0.9999 0.0062109 -4.72895 0.0456365 -0.00562336 0.998942 229.917 
0.998902 0.0132772 -0.0449322 -2.24791 -0.0131233 0.999907 0.0037187 -4.76246 0.0449774 -0.00312496 0.998983 231.388 
0.998987 0.013313 -0.0429853 -2.30914 -0.0133179 0.999911 0.000172632 -4.79566 0.0429838 0.000400019 0.999076 232.838 
0.999116 0.0134701 -0.0398168 -2.3648 -0.0135033 0.999909 -0.000565903 -4.83053 0.0398055 0.00110306 0.999207 234.278 
0.999265 0.0133643 -0.0359246 -2.41471 -0.0133962 0.99991 -0.000647249 -4.86487 0.0359127 0.00112802 0.999354 235.702 
0.999434 0.0132248 -0.0309432 -2.45827 -0.0132526 0.999912 -0.000692742 -4.89692 0.0309313 0.00110243 0.999521 237.112 
0.999628 0.0112681 -0.024831 -2.48924 -0.0112645 0.999937 0.000287764 -4.92965 0.0248326 -7.94849e-06 0.999692 238.508 
0.999766 0.0105994 -0.0188718 -2.51195 -0.010598 0.999944 0.000172923 -4.96556 0.0188725 2.71225e-05 0.999822 239.888 
0.99985 0.0113417 -0.0130489 -2.5282 -0.0113588 0.999935 -0.00123393 -4.99821 0.0130341 0.00138196 0.999914 241.264 
0.999909 0.0112986 -0.00733624 -2.53835 -0.0113065 0.999935 -0.001034 -5.03204 0.00732409 0.00111685 0.999973 242.654 
0.99993 0.0115537 -0.00245928 -2.5456 -0.0115551 0.999933 -0.000559149 -5.06428 0.00245265 0.000587528 0.999997 244.059 
0.999932 0.011576 0.00154232 -2.54662 -0.0115692 0.999923 -0.00438365 -5.09478 -0.00159295 0.00436551 0.999989 245.471 
0.999938 0.0108462 0.00249051 -2.54558 -0.0108313 0.999924 -0.0059351 -5.10904 -0.00255469 0.00590776 0.999979 246.186 
0.999938 0.0107719 0.00267294 -2.54373 -0.0107536 0.999919 -0.00676716 -5.12614 -0.00274561 0.00673799 0.999973 246.908 
0.999936 0.010925 0.00302195 -2.5419 -0.0109031 0.999915 -0.00716991 -5.16458 -0.00310002 0.0071365 0.99997 248.369 
0.999932 0.0110868 0.00352747 -2.54094 -0.0110516 0.99989 -0.00985862 -5.20598 -0.00363639 0.00981897 0.999945 249.857 
0.999983 0.00402366 0.00424756 -2.52926 -0.00396977 0.999912 -0.0126188 -5.24631 -0.00429796 0.0126017 0.999911 251.371 
0.999972 0.00563303 0.00484195 -2.52948 -0.00558664 0.999939 -0.00954148 -5.26387 -0.0048954 0.00951417 0.999943 252.145 
0.999935 0.01001 0.00551496 -2.53441 -0.00999102 0.999944 -0.00346176 -5.28296 -0.00554931 0.00340643 0.999979 252.929 
0.999931 0.00828298 0.00826515 -2.52283 -0.00827762 0.999965 -0.000683216 -5.31615 -0.00827053 0.000614754 0.999966 254.511 
0.999803 0.0115532 0.016109 -2.50891 -0.0113657 0.999867 -0.011683 -5.34529 -0.0162419 0.0114976 0.999802 256.112 
0.999677 0.0116732 0.0225798 -2.47644 -0.0114726 0.999894 -0.00899468 -5.38577 -0.0226824 0.00873272 0.999705 257.758 
0.999583 0.00615029 0.0282192 -2.42627 -0.00603844 0.999974 -0.00404695 -5.42505 -0.0282434 0.00387486 0.999594 259.43 
0.99939 0.00817133 0.0339433 -2.37745 -0.00798873 0.999953 -0.00551177 -5.46745 -0.0339867 0.00523724 0.999409 261.103 
0.999204 0.00895698 0.0388821 -2.31559 -0.0086414 0.999928 -0.00827684 -5.50957 -0.0389534 0.00793425 0.999209 262.779 
0.998917 0.0113817 0.0451077 -2.24929 -0.0111924 0.999927 -0.00444753 -5.55757 -0.045155 0.00393785 0.998972 264.463 
0.998653 0.0117972 0.050521 -2.16903 -0.0115492 0.99992 -0.00519778 -5.60156 -0.0505783 0.00460731 0.99871 266.146 
0.998464 0.00718835 0.0549306 -2.07093 -0.00692358 0.999964 -0.00500896 -5.64239 -0.0549646 0.00462095 0.998478 267.834 
0.998395 0.00496856 0.0564207 -1.97234 -0.00469959 0.999977 -0.00489907 -5.68395 -0.0564437 0.00462605 0.998395 269.529 
0.998368 0.00482439 0.0569088 -1.87569 -0.00458219 0.99998 -0.0043856 -5.72699 -0.0569288 0.00411767 0.99837 271.234 
0.99846 0.00500763 0.0552475 -1.78334 -0.00476577 0.999978 -0.00450878 -5.77311 -0.0552689 0.00423854 0.998463 272.943 
0.998628 0.00591853 0.0520212 -1.70084 -0.00559772 0.999964 -0.00631051 -5.81491 -0.0520567 0.00601066 0.998626 274.651 
0.998695 0.0070106 0.0505903 -1.66066 -0.0066944 0.999957 -0.00641686 -5.83588 -0.0506331 0.00606981 0.998699 275.503 
0.998868 0.00861346 0.046776 -1.58558 -0.00833855 0.999947 -0.00606901 -5.87971 -0.0468258 0.0056721 0.998887 277.204 
0.999178 0.00702436 0.0399296 -1.51786 -0.00694001 0.999973 -0.0022507 -5.9219 -0.0399444 0.00197174 0.9992 278.897 
0.999522 0.0053321 0.0304419 -1.46624 -0.00537125 0.999985 0.00120446 -5.96075 -0.030435 -0.0013674 0.999536 280.569 
0.999766 0.00442697 0.0211729 -1.43189 -0.00448163 0.999987 0.00253453 -5.99441 -0.0211614 -0.00262882 0.999773 282.203 
0.999919 0.00301994 0.0123611 -1.41209 -0.00305103 0.999992 0.00249681 -6.02669 -0.0123534 -0.00253432 0.99992 283.788 
0.999982 0.00378205 0.00455822 -1.41432 -0.00379344 0.99999 0.00249342 -6.05399 -0.00454875 -0.00251066 0.999987 285.305 
0.999991 0.00266362 -0.00344064 -1.42342 -0.00265706 0.999995 0.0019098 -6.08512 0.0034457 -0.00190064 0.999992 286.744 
0.999877 0.00542942 -0.0146945 -1.45444 -0.00544968 0.999984 -0.00133942 -6.11745 0.014687 0.00141934 0.999891 288.101 
0.999432 0.00616846 -0.0331429 -1.50637 -0.00630687 0.999972 -0.00407305 -6.1494 0.0331168 0.00427976 0.999442 289.389 
0.997996 0.00756368 -0.06282 -1.59716 -0.00778981 0.999964 -0.00335535 -6.18245 0.0627924 0.00383798 0.998019 290.628 
0.994434 0.0119331 -0.104684 -1.74238 -0.0122463 0.999922 -0.0023491 -6.2102 0.104648 0.00361802 0.994503 291.806 
0.987444 0.0149425 -0.157264 -1.94299 -0.0153816 0.99988 -0.00157479 -6.23702 0.157222 0.00397398 0.987555 292.937 
0.975195 0.0163635 -0.220744 -2.20954 -0.0163356 0.999865 0.00195183 -6.25767 0.220746 0.00170258 0.97533 293.998 
0.955806 0.0181658 -0.293438 -2.54338 -0.0168706 0.999834 0.00694429 -6.28527 0.293515 -0.00168692 0.955953 294.988 
0.92833 0.0207961 -0.371175 -2.94905 -0.017502 0.999772 0.0122414 -6.30794 0.371345 -0.00486779 0.928482 295.902 
0.891514 0.0208731 -0.452512 -3.42557 -0.0152983 0.999755 0.015976 -6.32098 0.452735 -0.00732011 0.891615 296.783 
0.843254 0.0199888 -0.537144 -3.96896 -0.0115459 0.999751 0.0190782 -6.33276 0.537392 -0.00988592 0.843275 297.563 
0.782848 0.0220978 -0.621821 -4.58632 -0.0104315 0.999695 0.0223937 -6.33944 0.622126 -0.0110443 0.782839 298.262 
0.709248 0.0210131 -0.704646 -5.27032 -0.004494 0.99967 0.0252877 -6.34781 0.704945 -0.0147685 0.709109 298.869 
0.618595 0.0212149 -0.785423 -6.01439 0.0063723 0.999467 0.0320152 -6.33996 0.785684 -0.0248094 0.618131 299.434 
0.51501 0.0317447 -0.856596 -6.80887 0.00190339 0.999269 0.0381764 -6.33128 0.857182 -0.0212917 0.514573 299.805 
0.40308 0.0387493 -0.914344 -7.62009 -0.00102594 0.999122 0.0418898 -6.31563 0.915164 -0.0159469 0.402766 300.062 
0.227628 0.0482103 -0.972554 -8.84975 0.00551863 0.998694 0.0507978 -6.28289 0.973733 -0.0169302 0.227065 300.287 
0.102029 0.0555878 -0.993227 -9.69619 0.00949547 0.998338 0.0568493 -6.25695 0.994736 -0.0152314 0.101332 300.284 
-0.0286115 0.0676125 -0.997301 -10.5813 0.0145099 0.997633 0.0672187 -6.22432 0.999485 -0.0125475 -0.0295249 300.229 
-0.162228 0.0806115 -0.983455 -11.4879 0.0204626 0.996718 0.0783232 -6.1783 0.986541 -0.00741788 -0.163345 299.994 
-0.291601 0.0911471 -0.952187 -12.4029 0.0302266 0.995831 0.0860681 -6.12353 0.956062 -0.00368386 -0.29314 299.633 
-0.412246 0.0944947 -0.906159 -13.3109 0.0393319 0.995525 0.0859204 -6.06377 0.910223 -0.000220522 -0.414118 299.143 
-0.519594 0.0946639 -0.849153 -14.2125 0.0459407 0.995501 0.082868 -5.98976 0.853177 0.00404709 -0.521606 298.522 
-0.607122 0.0956122 -0.788836 -15.1162 0.050497 0.99537 0.081781 -5.91352 0.793003 0.00981719 -0.609139 297.802 
-0.680915 0.105633 -0.724704 -16.0243 0.0643617 0.994346 0.0844632 -5.83093 0.729529 0.0108691 -0.683864 296.918 
-0.749283 0.113476 -0.652455 -16.9039 0.0759321 0.993434 0.0855786 -5.73774 0.657882 0.0145804 -0.75298 295.877 
-0.807232 0.107361 -0.580388 -17.7292 0.0784031 0.994108 0.0748447 -5.6455 0.585004 0.0149128 -0.810894 294.684 
-0.855053 0.099719 -0.508863 -18.5053 0.0789028 0.994928 0.0623887 -5.55079 0.512503 0.013195 -0.858584 293.35 
-0.89543 0.0944526 -0.435067 -19.2138 0.0767085 0.995353 0.0582129 -5.47294 0.438544 0.0187523 -0.898514 291.863 
-0.928813 0.0955885 -0.358007 -19.8455 0.0816187 0.995201 0.0539691 -5.39719 0.361448 0.0209072 -0.932158 290.241 
-0.942603 0.0992123 -0.318837 -20.1292 0.0868463 0.994821 0.0528074 -5.36469 0.322425 0.0220865 -0.946337 289.39 
-0.964622 0.102636 -0.242839 -20.6125 0.0925591 0.994318 0.0525791 -5.29613 0.246856 0.028242 -0.968641 287.568 
-0.973179 0.101988 -0.206208 -20.8116 0.093287 0.994306 0.051514 -5.265 0.210288 0.0308958 -0.977151 286.621 
-0.985364 0.0988385 -0.138881 -21.1166 0.0939911 0.994726 0.0410546 -5.19823 0.142207 0.0274002 -0.989458 284.63 
-0.992432 0.0962251 -0.0762879 -21.307 0.0935178 0.99488 0.0383087 -5.1433 0.0795836 0.0308845 -0.99635 282.521 
-0.995236 0.0952705 -0.020712 -21.3836 0.0945336 0.994939 0.0340426 -5.09207 0.0238504 0.0319224 -0.999206 280.311 
-0.995538 0.0901444 0.0278974 -21.3456 0.091076 0.995258 0.0341483 -5.04425 -0.0246868 0.0365367 -0.999027 278.007 
-0.994471 0.0827435 0.064654 -21.2092 0.0847867 0.995962 0.0295192 -5.00136 -0.0619504 0.0348378 -0.997471 275.639 
-0.993718 0.0728344 0.0849721 -21.0019 0.0755538 0.996713 0.0292337 -4.96544 -0.0825636 0.03547 -0.995954 273.207 
-0.993731 0.0674377 0.0891622 -20.7768 0.0703133 0.997088 0.0295097 -4.92746 -0.0869125 0.035594 -0.99558 270.705 
-0.994305 0.0646509 0.0847192 -20.5552 0.0673417 0.9973 0.0292953 -4.88341 -0.0825965 0.0348336 -0.995974 268.136 
-0.994922 0.0631624 0.0783582 -20.3459 0.0657742 0.997346 0.0312087 -4.83852 -0.076179 0.0362041 -0.996437 265.51 
-0.995843 0.0609834 0.0676525 -20.1563 0.0634881 0.997351 0.0355105 -4.79953 -0.0653077 0.039658 -0.997077 262.848 
-0.996535 0.0601223 0.0574689 -19.9933 0.0623565 0.997334 0.0379073 -4.76049 -0.0550366 0.0413595 -0.997627 260.19 
-0.996883 0.0591046 0.0522612 -19.9213 0.0610962 0.997432 0.0373675 -4.73861 -0.0499184 0.040444 -0.997934 258.85 
-0.99725 0.0575239 0.0467308 -19.8553 0.0592684 0.997562 0.036842 -4.71799 -0.0444976 0.0395103 -0.998228 257.511 
-0.997763 0.0562884 0.0360518 -19.7459 0.0576884 0.997571 0.0390465 -4.67367 -0.0337664 0.0410389 -0.998587 254.824 
-0.997977 0.0576164 0.0268775 -19.6682 0.0587277 0.997366 0.0425707 -4.61864 -0.0243539 0.044063 -0.998732 252.123 
-0.998048 0.0591368 0.0200731 -19.6137 0.0599296 0.997339 0.0415063 -4.55642 -0.0175652 0.0426283 -0.998937 249.416 
-0.998137 0.0591983 0.0147777 -19.5693 0.0596954 0.997573 0.0358331 -4.50137 -0.0126206 0.0366485 -0.999248 246.706 
-0.998188 0.0592129 0.0107365 -19.538 0.0596028 0.997396 0.0406116 -4.445 -0.00830382 0.0411779 -0.999117 243.97 
-0.998114 0.0606161 0.00971818 -19.5138 0.0609638 0.997309 0.0407275 -4.37826 -0.00722329 0.0412431 -0.999123 241.222 
-0.998096 0.0608774 0.00995391 -19.5032 0.0612345 0.997292 0.0407293 -4.34609 -0.00744747 0.0412612 -0.999121 239.839 
-0.997885 0.0640574 0.0110327 -19.481 0.064428 0.997223 0.0373665 -4.28645 -0.00860843 0.0379983 -0.999241 237.073 
-0.997732 0.066012 0.0131621 -19.4501 0.0665033 0.996933 0.041247 -4.2238 -0.010399 0.0420287 -0.999062 234.291 
-0.997863 0.0635565 0.0151381 -19.4066 0.0641514 0.997025 0.0427366 -4.15292 -0.0123769 0.0436164 -0.998972 231.492 
-0.998054 0.0601614 0.0163722 -19.3556 0.0608014 0.99727 0.0418928 -4.09135 -0.0138072 0.0428067 -0.998988 228.688 
-0.998034 0.0604056 0.016693 -19.3094 0.061015 0.997383 0.0387922 -4.0312 -0.014306 0.0397345 -0.999108 225.871 
-0.997974 0.0612577 0.0171721 -19.2653 0.061909 0.997264 0.0403829 -3.97516 -0.0146514 0.0413642 -0.999037 223.034 
-0.99803 0.0602836 0.0173623 -19.2149 0.0609664 0.997259 0.0419296 -3.91575 -0.0147871 0.0429056 -0.99897 220.186 
-0.998015 0.060565 0.0172517 -19.1647 0.0612205 0.997306 0.0404035 -3.85191 -0.0147582 0.0413795 -0.999035 217.328 
-0.997889 0.0625505 0.0174596 -19.1149 0.0632531 0.997066 0.043101 -3.78382 -0.0147124 0.0441144 -0.998918 214.452 
-0.997835 0.0634161 0.0174059 -19.0532 0.0640673 0.99715 0.0398286 -3.70667 -0.0148305 0.0408575 -0.999055 211.57 
-0.997866 0.0629366 0.0173792 -18.9904 0.0635988 0.997148 0.0406227 -3.63417 -0.014773 0.0416413 -0.999023 208.672 
-0.997907 0.0622505 0.0175085 -18.9279 0.0629027 0.997236 0.0395545 -3.55915 -0.0149978 0.040573 -0.999064 205.758 
-0.998002 0.0607796 0.0172476 -18.8648 0.0614557 0.997233 0.0418309 -3.48764 -0.0146574 0.0428073 -0.998976 202.832 
-0.997915 0.0621706 0.0173612 -18.809 0.0628335 0.997194 0.0406818 -3.41917 -0.0147833 0.0416879 -0.999021 199.909 
-0.997942 0.0620157 0.0163174 -18.7519 0.0627025 0.996989 0.0456241 -3.35064 -0.0134388 0.0465533 -0.998825 196.976 
-0.998025 0.0609385 0.0152772 -18.7236 0.0615833 0.997039 0.0460573 -3.31386 -0.0124253 0.0469071 -0.998822 195.515 
-0.998082 0.0602617 0.0141655 -18.6972 0.0608535 0.99709 0.0459184 -3.27644 -0.0113571 0.0466924 -0.998845 194.056 
-0.998162 0.059105 0.0133474 -18.6712 0.0596663 0.997133 0.0465325 -3.24151 -0.0105588 0.0472433 -0.998828 192.6 
-0.998166 0.0592744 0.0123008 -18.648 0.0597818 0.997147 0.0460891 -3.20505 -0.00953379 0.0467399 -0.998862 191.144 
-0.998083 0.0609218 0.0108909 -18.6104 0.0613504 0.997115 0.0446967 -3.13828 -0.0081365 0.0452791 -0.998941 188.243 
-0.998112 0.0606706 0.00957521 -18.5769 0.0610404 0.997131 0.0447547 -3.07584 -0.00683245 0.0452547 -0.998952 185.352 
-0.998152 0.060188 0.00835879 -18.546 0.060518 0.997041 0.0474027 -3.01113 -0.00548098 0.047821 -0.998841 182.469 
-0.998156 0.0602652 0.00722776 -18.5334 0.0605447 0.996998 0.048264 -2.97727 -0.00429743 0.0486126 -0.998808 181.032 
-0.998174 0.0601866 0.00519615 -18.5232 0.0603643 0.997078 0.0468043 -2.94218 -0.00236397 0.0470325 -0.998891 179.601 
-0.998166 0.0605306 0.00123086 -18.5107 0.0605206 0.997035 0.0475323 -2.87354 0.00164995 0.0475196 -0.998869 176.751 
-0.998041 0.0624989 -0.00282821 -18.5133 0.0622881 0.996874 0.0486068 -2.80321 0.00585725 0.0483354 -0.998814 173.93 
-0.998024 0.0626469 -0.0048148 -18.5183 0.0623395 0.996867 0.0486763 -2.76955 0.00784914 0.04828 -0.998803 172.537 
-0.997997 0.0628885 -0.00681973 -18.5267 0.0624678 0.996778 0.0503203 -2.73603 0.00996233 0.0497935 -0.99871 171.156 
-0.997902 0.0638009 -0.0110031 -18.5517 0.0631287 0.996581 0.0532982 -2.66695 0.014366 0.0524917 -0.998518 168.447 
-0.997783 0.0649879 -0.0143422 -18.587 0.0641514 0.996552 0.0526199 -2.59924 0.0177124 0.0515831 -0.998512 165.822 
-0.997786 0.0645845 -0.0158933 -18.6254 0.0636087 0.996419 0.0557096 -2.5336 0.0194344 0.0545753 -0.998321 163.279 
-0.997856 0.0635031 -0.0158523 -18.6621 0.0625813 0.996626 0.0530981 -2.47385 0.0191707 0.0519922 -0.998463 160.837 
-0.997796 0.0645406 -0.0153892 -18.7004 0.0636388 0.996551 0.0532498 -2.42222 0.0187729 0.0521531 -0.998463 158.493 
-0.997811 0.0645853 -0.0142252 -18.7334 0.0636958 0.996398 0.055983 -2.3708 0.0177897 0.0549543 -0.99833 156.25 
-0.99794 0.0627639 -0.0132854 -18.7623 0.0619265 0.996502 0.056109 -2.32265 0.0167606 0.0551707 -0.998336 154.117 
-0.997907 0.0633588 -0.0129065 -18.7779 0.0625592 0.996523 0.0550275 -2.29743 0.0163481 0.0541049 -0.998401 153.088 
-0.997892 0.0637176 -0.0122759 -18.7924 0.0629679 0.996554 0.0539915 -2.27446 0.0156738 0.0531048 -0.998466 152.087 
-0.997912 0.0635831 -0.0113027 -18.8164 0.0628687 0.996498 0.0551257 -2.23022 0.0147682 0.0543001 -0.998416 150.162 
-0.997919 0.0636418 -0.0104049 -18.8377 0.062965 0.996448 0.0559198 -2.18775 0.0139268 0.0551483 -0.998381 148.339 
-0.99791 0.063884 -0.00968684 -18.8475 0.0632426 0.996414 0.0562088 -2.1648 0.0132429 0.0554787 -0.998372 147.461 
-0.997951 0.0633705 -0.00878707 -18.8628 0.0628144 0.996596 0.0533881 -2.12351 0.0121404 0.0527267 -0.998535 145.754 
-0.997672 0.0677028 -0.00815838 -18.8824 0.0672119 0.996478 0.0501328 -2.07834 0.0115238 0.0494677 -0.998709 144.104 
-0.997737 0.0667607 -0.00796862 -18.892 0.066281 0.996544 0.0500671 -2.04211 0.0112836 0.0494256 -0.998714 142.52 
-0.997549 0.0695291 -0.00786536 -18.9087 0.0690792 0.996476 0.0475785 -2.00512 0.0111457 0.0469186 -0.998837 140.993 
-0.997558 0.0692891 -0.00880415 -18.9195 0.0687757 0.996418 0.0492041 -1.97456 0.0121819 0.0484784 -0.99875 139.499 
-0.997312 0.072548 -0.0103034 -18.9444 0.0719917 0.996308 0.0467742 -1.92816 0.0136587 0.0459067 -0.998852 137.33 
-0.997165 0.074446 -0.0109478 -18.9643 0.0739185 0.996356 0.0425527 -1.90532 0.0140758 0.0416228 -0.999034 135.917 
-0.997186 0.0739533 -0.0123225 -18.9791 0.0734361 0.996569 0.0381627 -1.88135 0.0151025 0.0371503 -0.999196 134.517 
-0.997239 0.0730582 -0.0132837 -18.991 0.0725096 0.996646 0.0379235 -1.85486 0.0160098 0.0368556 -0.999192 133.124 
-0.997266 0.0725845 -0.0138402 -19.0082 0.0719707 0.996579 0.0406251 -1.82907 0.0167416 0.0395179 -0.999079 131.74 
-0.997851 0.0639298 -0.0143858 -19.0117 0.0634115 0.997409 0.0339853 -1.81349 0.0165212 0.033 -0.999319 130.377 
-0.99785 0.0639143 -0.0144844 -19.0298 0.0635588 0.997694 0.0238037 -1.79041 0.0159724 0.0228319 -0.999612 128.995 
-0.998344 0.0560576 -0.0129025 -19.0329 0.0556615 0.998021 0.0292461 -1.7736 0.0145165 0.0284795 -0.999489 127.564 
-0.998484 0.0542573 -0.00924176 -19.0409 0.0539223 0.99799 0.0332949 -1.75174 0.0110297 0.0327461 -0.999403 126.09 
-0.998583 0.0531416 -0.00285605 -19.0406 0.0530315 0.998136 0.0302135 -1.72188 0.00445632 0.0300192 -0.999539 124.575 
-0.998754 0.04977 0.00359816 -19.0261 0.0498626 0.998197 0.0334055 -1.68911 -0.00192909 0.0335433 -0.999435 122.991 
-0.998622 0.051388 0.0106701 -19.0079 0.0517835 0.997822 0.0408671 -1.65137 -0.00854678 0.0413633 -0.999108 121.337 
-0.998351 0.054468 0.0181132 -18.9811 0.0551539 0.997684 0.0398066 -1.60683 -0.0159031 0.04074 -0.999043 119.622 
-0.997979 0.0579839 0.0260103 -18.9409 0.0588982 0.997619 0.0358819 -1.56236 -0.0238678 0.0373414 -0.999018 117.841 
-0.997584 0.0604978 0.0341353 -18.8816 0.0617846 0.997366 0.0379921 -1.51858 -0.031747 0.0400094 -0.998695 115.984 
-0.996992 0.0646659 0.0427162 -18.8074 0.0663674 0.997005 0.0396925 -1.47269 -0.0400215 0.0424081 -0.998298 114.057 
-0.99642 0.0673461 0.0511037 -18.711 0.069128 0.99703 0.0339393 -1.42582 -0.0486662 0.0373505 -0.998116 112.07 
-0.996006 0.0680574 0.0577957 -18.5927 0.0699969 0.997027 0.032221 -1.38209 -0.055431 0.0361378 -0.997808 110.01 
-0.995901 0.067266 0.0604637 -18.4584 0.0691318 0.997177 0.0293123 -1.34335 -0.0583213 0.0333721 -0.99774 107.885 
-0.995787 0.0689693 0.0604223 -18.3238 0.0704699 0.997247 0.0230633 -1.30756 -0.0586653 0.0272241 -0.997906 105.693 
-0.995766 0.0697279 0.0598948 -18.1872 0.07178 0.99688 0.0328189 -1.26905 -0.0574196 0.0369792 -0.997665 103.411 
-0.995839 0.069408 0.0590507 -18.045 0.0714282 0.996906 0.0328159 -1.21998 -0.0565903 0.0368972 -0.997715 101.074 
-0.996072 0.0672088 0.0576576 -17.8976 0.0691157 0.997104 0.0317389 -1.17289 -0.0553574 0.0355992 -0.997832 98.6718 
-0.996074 0.0680273 0.0566478 -17.7537 0.069817 0.997101 0.0302353 -1.12679 -0.0544268 0.0340716 -0.997936 96.2086 
-0.99629 0.0670092 0.054 -17.6127 0.0690018 0.99697 0.0359199 -1.07749 -0.0514294 0.0395127 -0.997895 93.6775 
-0.996598 0.0658249 0.0496038 -17.4771 0.067556 0.997134 0.0340695 -1.02226 -0.047219 0.0373047 -0.998188 91.0903 
-0.996919 0.06516 0.0436551 -17.3507 0.0662506 0.997514 0.024018 -0.97534 -0.0419815 0.0268362 -0.998758 88.4541 
-0.997034 0.0652185 0.0408576 -17.2933 0.0660695 0.997618 0.0198344 -0.958478 -0.0394667 0.0224751 -0.998968 87.1097 
-0.997139 0.0651298 0.0383739 -17.2398 0.0662256 0.997411 0.0280119 -0.944055 -0.0364501 0.0304731 -0.998871 85.7375 
-0.997425 0.0635172 0.0333058 -17.1385 0.0646962 0.99727 0.035603 -0.892592 -0.0309534 0.0376661 -0.998811 82.9564 
-0.997628 0.0626751 0.028451 -17.0483 0.0636003 0.997434 0.0328702 -0.833061 -0.0263179 0.0346018 -0.999055 80.1265 
-0.997629 0.0635591 0.0263751 -17.0091 0.0644264 0.997362 0.0334496 -0.805378 -0.0241795 0.0350695 -0.999092 78.6838 
-0.997592 0.0655743 0.0225991 -16.9389 0.0663481 0.997169 0.0353853 -0.74786 -0.0202147 0.0367995 -0.999118 75.7575 
-0.997685 0.0648601 0.0204358 -16.9054 0.065599 0.997128 0.0378406 -0.718759 -0.0179228 0.0390936 -0.999075 74.2844 
-0.997805 0.0636037 0.0184137 -16.8736 0.0643123 0.997093 0.0408589 -0.688618 -0.0157614 0.0419534 -0.998995 72.8087 
-0.997908 0.0625151 0.0164783 -16.8449 0.0631926 0.997012 0.0444279 -0.658898 -0.0136517 0.0453762 -0.998877 71.3345 
-0.997897 0.0631123 0.0147713 -16.8211 0.0637243 0.996931 0.0454778 -0.626696 -0.0118558 0.0463234 -0.998856 69.8619 
-0.997912 0.0631873 0.0134119 -16.7985 0.0637237 0.996985 0.0442806 -0.593621 -0.0105735 0.0450428 -0.998929 68.394 
-0.997889 0.0637888 0.0121463 -16.7792 0.0642598 0.996988 0.0434333 -0.561778 -0.00933915 0.0441222 -0.998982 66.9246 
-0.997965 0.0628922 0.0105077 -16.7413 0.0633012 0.996995 0.044643 -0.498323 -0.00766845 0.0452173 -0.998948 63.9872 
-0.997985 0.062682 0.00984662 -16.7237 0.0630589 0.997026 0.0442963 -0.466239 -0.00704076 0.0448279 -0.99897 62.5225 
-0.997979 0.0628915 0.00913444 -16.7074 0.0632192 0.997131 0.0416291 -0.434222 -0.00649012 0.0421224 -0.999091 61.0593 
-0.997929 0.0637153 0.00879245 -16.6926 0.0640337 0.997038 0.0425953 -0.402897 -0.00605243 0.0430702 -0.999054 59.5885 
-0.997885 0.0643599 0.00910214 -16.6607 0.0647355 0.996656 0.0498695 -0.331875 -0.0058621 0.0503533 -0.998714 56.651 
-0.997881 0.0641922 0.0106616 -16.6229 0.0646141 0.996869 0.0455863 -0.25535 -0.0077019 0.0461786 -0.998904 53.7352 
-0.997945 0.0630505 0.0114147 -16.6009 0.0634781 0.997096 0.0420764 -0.223878 -0.00872856 0.0427145 -0.999049 52.277 
-0.997948 0.0628669 0.0121345 -16.5778 0.0633178 0.99714 0.0412669 -0.195088 -0.00950543 0.0419506 -0.999074 50.8207 
-0.997986 0.0621162 0.0128457 -16.5545 0.0626129 0.997121 0.0427734 -0.166754 -0.0101518 0.0434916 -0.999002 49.3668 
-0.997905 0.0632512 0.0136152 -16.5315 0.0638097 0.996925 0.0454833 -0.136119 -0.0106965 0.0462568 -0.998872 47.9114 
-0.997934 0.062616 0.0144088 -16.5059 0.0632509 0.996799 0.0489048 -0.101866 -0.0113004 0.0497151 -0.998699 46.4611 
-0.998028 0.0610291 0.0146873 -16.4782 0.0616807 0.996892 0.0489985 -0.0668298 -0.0116513 0.0498078 -0.998691 45.0138 
-0.998035 0.0609618 0.0145139 -16.4517 0.0615518 0.997114 0.0444384 -0.033908 -0.011763 0.0452444 -0.998907 43.5757 
-0.998053 0.0607866 0.0139933 -16.4254 0.0613146 0.997275 0.0410351 -0.00428615 -0.0114607 0.0418131 -0.99906 42.137 
-0.998019 0.0614399 0.0135326 -16.4018 0.0619543 0.997212 0.0415955 0.0226727 -0.0109392 0.0423515 -0.999043 40.6979 
-0.997983 0.0621364 0.0129854 -16.3568 0.0626727 0.996971 0.0460597 0.0806055 -0.0100841 0.0467806 -0.998854 37.8248 
-0.998182 0.0591261 0.0116832 -16.3076 0.0595861 0.997252 0.0440101 0.141409 -0.00904897 0.0446263 -0.998963 34.97 
-0.998196 0.0590737 0.0107624 -16.264 0.0594783 0.997335 0.0422528 0.199871 -0.00823772 0.0428167 -0.999049 32.1247 
-0.998085 0.0609364 0.0106252 -16.2461 0.0613321 0.99723 0.0420795 0.227999 -0.00803158 0.0426506 -0.999058 30.7078 
-0.997929 0.0634506 0.0106129 -16.2299 0.0638552 0.997009 0.0435431 0.257281 -0.00781827 0.0441306 -0.998995 29.2847 
-0.997895 0.0640028 0.0104941 -16.1949 0.0643988 0.99699 0.0431749 0.31566 -0.00769923 0.0437598 -0.999012 26.4574 
-0.998 0.0624026 0.0101425 -16.1748 0.0627844 0.997095 0.0431327 0.345532 -0.00742147 0.0436832 -0.999018 25.0502 
-0.998187 0.0594563 0.00939459 -16.1341 0.0598079 0.997279 0.0431088 0.404138 -0.00680594 0.0435925 -0.999026 22.2484 
-0.99815 0.0601073 0.00912394 -16.1004 0.0604577 0.997164 0.0448265 0.461558 -0.00640366 0.0452952 -0.998953 19.4725 
-0.998049 0.0617875 0.00894943 -16.0726 0.0621392 0.996978 0.046617 0.52366 -0.00604204 0.0470822 -0.998873 16.7084 
-0.998072 0.0614799 0.00852173 -16.0573 0.0617977 0.997111 0.0441592 0.553933 -0.00578222 0.0446006 -0.998988 15.333 
-0.998206 0.059354 0.00785864 -16.0404 0.0596205 0.997431 0.0397066 0.582246 -0.00548171 0.0401039 -0.999181 13.9623 
-0.998439 0.0553321 0.00763527 -16.0196 0.0555814 0.997745 0.0376306 0.605206 -0.00553587 0.0379962 -0.999263 12.595 
-0.998613 0.0520647 0.00783009 -15.9999 0.0523338 0.997853 0.0393776 0.627781 -0.00576309 0.0397327 -0.999194 11.2215 
-0.998666 0.0509918 0.00816161 -15.9818 0.051293 0.997785 0.0423519 0.653636 -0.00598393 0.0427141 -0.999069 9.853 
-0.998602 0.0522113 0.00822333 -15.9675 0.052523 0.997656 0.0438614 0.682198 -0.00591399 0.044232 -0.999004 8.48738 
-0.998372 0.0563739 0.0086936 -15.9576 0.0567184 0.997309 0.046461 0.712668 -0.00605102 0.0468784 -0.998882 7.1228 
-0.998095 0.0610195 0.00906531 -15.9496 0.0613859 0.99696 0.0479776 0.744327 -0.00611019 0.0484427 -0.998807 5.76379 
-0.997849 0.0648975 0.00925671 -15.9259 0.0652499 0.996856 0.0449412 0.8126 -0.00631103 0.0454485 -0.998947 3.03892 
-0.998036 0.0620696 0.00849666 -15.8896 0.0623715 0.997181 0.041701 0.875418 -0.00588435 0.0421491 -0.999094 0.308944 
-0.998192 0.0595827 0.00798272 -15.854 0.0598656 0.997331 0.0417918 0.933255 -0.00547134 0.0421941 -0.999094 -2.43652 
-0.998211 0.0592982 0.00765033 -15.8232 0.0595551 0.997445 0.039457 0.987097 -0.00529105 0.039842 -0.999192 -5.19233 
-0.998298 0.0578363 0.00748814 -15.7912 0.0580893 0.99752 0.0397348 1.04196 -0.00517146 0.0401021 -0.999182 -7.96603 
-0.998548 0.0534333 0.00683878 -15.7559 0.0536773 0.997646 0.0426702 1.10059 -0.00454267 0.0429754 -0.999066 -10.7552 
-0.998665 0.0512954 0.00606441 -15.7223 0.0514961 0.997886 0.0396364 1.15992 -0.00401842 0.0398958 -0.999196 -13.5475 
-0.998735 0.0498756 0.00645023 -15.6909 0.0500936 0.997951 0.0398152 1.21456 -0.0044512 0.0400879 -0.999186 -16.3591 
-0.998792 0.0487102 0.00648413 -15.6752 0.0489209 0.998089 0.0377468 1.2389 -0.00463308 0.0380184 -0.999266 -17.7644 
-0.998839 0.0477129 0.00657023 -15.6595 0.047909 0.998277 0.0338929 1.25838 -0.00494178 0.0341684 -0.999404 -19.1735 
-0.998865 0.0471492 0.00675802 -15.6435 0.0473475 0.998333 0.0330146 1.27911 -0.00519014 0.0332971 -0.999432 -20.5842 
-0.998679 0.0508047 0.00766811 -15.6178 0.0510482 0.998052 0.0358622 1.32013 -0.0058312 0.0362063 -0.999327 -23.4244 
-0.998578 0.0526664 0.00820736 -15.606 0.0529232 0.997983 0.0350576 1.34248 -0.00634445 0.0354421 -0.999352 -24.845 
-0.998626 0.0517008 0.00849142 -15.5733 0.0519567 0.998093 0.0333339 1.38167 -0.00675183 0.0337293 -0.999408 -27.688 
-0.9987 0.0501358 0.00924708 -15.5368 0.0504536 0.997999 0.0381148 1.42384 -0.00731766 0.0385317 -0.999231 -30.5478 
-0.998415 0.0552364 0.0107834 -15.5077 0.0556016 0.997761 0.0371614 1.47449 -0.00870662 0.0377021 -0.999251 -33.3961 
-0.998216 0.0585104 0.0119089 -15.4766 0.0589332 0.997502 0.0389542 1.51964 -0.00959994 0.0395865 -0.99917 -36.2445 
-0.997954 0.0627049 0.0125044 -15.4441 0.0631551 0.997217 0.0396206 1.56685 -0.00998519 0.0403293 -0.999137 -39.0822 
-0.997835 0.0644816 0.0129439 -15.4267 0.0649635 0.997041 0.0411068 1.59371 -0.010255 0.0418587 -0.999071 -40.499 
-0.997556 0.0686397 0.0130485 -15.3925 0.0690995 0.996853 0.0388498 1.64734 -0.0103408 0.0396565 -0.99916 -43.3226 
-0.997339 0.0716734 0.0133133 -15.357 0.0720763 0.996861 0.032755 1.68978 -0.0109238 0.0336274 -0.999375 -46.1304 
-0.997355 0.0714112 0.013534 -15.3171 0.0718627 0.996747 0.0364779 1.73364 -0.010885 0.037354 -0.999243 -48.944 
