1 1.19763e-11 1.70464e-10 0 1.19763e-11 1 3.5625e-10 -1.11022e-16 1.70464e-10 3.5625e-10 1 2.22045e-16 
0.999998 0.00143088 -0.00136626 -0.0278736 -0.00143123 0.999999 -0.000257619 -0.0560812 0.00136589 0.000259574 0.999999 2.38418 
0.999992 0.00286033 -0.00273194 -0.0557354 -0.00286175 0.999996 -0.000515091 -0.112136 0.00273045 0.000522905 0.999996 4.76729 
0.999976 0.00500507 -0.00478244 -0.0975696 -0.00500944 0.999987 -0.000901614 -0.196298 0.00477787 0.00092555 0.999988 8.3454 
0.99996 0.00643238 -0.00614804 -0.125431 -0.00643963 0.999979 -0.00115899 -0.252345 0.00614045 0.00119853 0.99998 10.7283 
0.999941 0.00785928 -0.00751403 -0.1533 -0.00787014 0.999968 -0.0014164 -0.308407 0.00750266 0.00147546 0.999971 13.1119 
0.999906 0.0102148 -0.00911026 -0.181814 -0.010232 0.999946 -0.0018401 -0.365424 0.00909098 0.00193314 0.999957 15.4966 
0.999904 0.00937389 -0.0101513 -0.208176 -0.00938912 0.999955 -0.00145354 -0.419151 0.0101373 0.00154871 0.999947 17.881 
0.999893 0.00927013 -0.0113331 -0.237295 -0.00929306 0.999955 -0.00197185 -0.471514 0.0113143 0.00207696 0.999934 20.2702 
0.999874 0.00961327 -0.0126392 -0.270764 -0.00964448 0.999951 -0.00241051 -0.524744 0.0126154 0.00253211 0.999917 22.6588 
0.99985 0.00985233 -0.0142752 -0.307115 -0.00989673 0.999946 -0.00304227 -0.581233 0.0142445 0.00318309 0.999893 25.0468 
0.999832 0.00925498 -0.0158083 -0.347249 -0.00926459 0.999957 -0.000534481 -0.632943 0.0158027 0.000680849 0.999875 27.4417 
0.999784 0.00787253 -0.0192595 -0.435716 -0.00792223 0.999965 -0.00250575 -0.735647 0.0192391 0.00265778 0.999811 32.2319 
0.999763 0.00715949 -0.0205621 -0.484698 -0.00719573 0.999973 -0.00168915 -0.791594 0.0205494 0.00183671 0.999787 34.6148 
0.999746 0.0055957 -0.0218499 -0.562741 -0.00562143 0.999984 -0.00111657 -0.873467 0.0218433 0.00123911 0.999761 38.2069 
0.999743 0.00699417 -0.0215542 -0.646632 -0.00698252 0.999975 0.000615664 -0.953129 0.021558 -0.000465003 0.999768 41.7987 
0.999722 0.0107982 -0.0209768 -0.708016 -0.0107581 0.99994 0.00202336 -1.00041 0.0209974 -0.00179712 0.999778 44.1956 
0.999804 0.0119197 -0.0158213 -0.784447 -0.0117438 0.999869 0.0111629 -1.05121 0.0159523 -0.0109749 0.999812 47.8015 
0.999865 0.00992313 -0.013056 -0.822002 -0.00977267 0.999886 0.0115377 -1.07385 0.013169 -0.0114085 0.999848 50.2035 
0.999871 0.0115474 -0.0111836 -0.859463 -0.0114466 0.999894 0.00904029 -1.09829 0.0112868 -0.00891111 0.999897 52.6058 
0.99988 0.0099049 -0.0118841 -0.892873 -0.00981186 0.999921 0.00786143 -1.12788 0.011961 -0.00774388 0.999899 55.0152 
0.999837 0.0100971 -0.0149447 -0.933231 -0.00995818 0.999907 0.00933976 -1.16069 0.0150376 -0.00918942 0.999845 57.4278 
0.999799 0.0110527 -0.0167453 -0.981436 -0.0108951 0.999896 0.00946992 -1.19028 0.0168482 -0.00928557 0.999815 59.8386 
0.999786 0.0108011 -0.0176325 -1.03113 -0.0106471 0.999905 0.00880072 -1.22132 0.0177259 -0.0086111 0.999806 62.2456 
0.999793 0.00908842 -0.018201 -1.07847 -0.00893026 0.999922 0.00875222 -1.2517 0.0182792 -0.00858786 0.999796 64.6475 
0.999779 0.00952396 -0.0187288 -1.12954 -0.00934732 0.999911 0.00949644 -1.28111 0.0188176 -0.00931928 0.99978 67.0476 
0.999735 0.0131959 -0.0188793 -1.18693 -0.0130472 0.999883 0.00797869 -1.30942 0.0189824 -0.00773025 0.99979 69.4353 
0.999688 0.0166571 -0.0185977 -1.24323 -0.0164973 0.999826 0.00871377 -1.33946 0.0187396 -0.00840424 0.999789 71.816 
0.999704 0.0187315 -0.0155521 -1.29284 -0.0185739 0.999775 0.0102144 -1.37147 0.0157399 -0.00992248 0.999827 74.1875 
0.999836 0.0146383 -0.0106252 -1.32014 -0.0145978 0.999886 0.00388094 -1.40752 0.0106808 -0.0037252 0.999936 76.5408 
0.999881 0.0145024 -0.00525761 -1.33795 -0.0144706 0.999877 0.0060339 -1.4488 0.00534447 -0.00595709 0.999968 78.8946 
0.999885 0.0150247 0.00205161 -1.34229 -0.0150362 0.999871 0.00571294 -1.48583 -0.00196551 -0.00574313 0.999982 81.2345 
0.99988 0.0127292 0.00886334 -1.32387 -0.0127231 0.999919 -0.000739437 -1.53031 -0.00887203 0.000626579 0.999961 83.558 
0.999807 0.0116764 0.0157817 -1.29299 -0.0116789 0.999932 6.52823e-05 -1.58059 -0.0157798 -0.000249582 0.999876 85.877 
0.999651 0.0124442 0.0232842 -1.24713 -0.012416 0.999922 -0.00135718 -1.63067 -0.0232992 0.00106761 0.999728 88.1838 
0.999481 0.0122127 0.029818 -1.18274 -0.0120887 0.999918 -0.00433684 -1.68316 -0.0298685 0.00397413 0.999546 90.4834 
0.999406 0.0108644 0.0326931 -1.14413 -0.0107685 0.999937 -0.00310873 -1.71042 -0.0327248 0.00275483 0.999461 91.6365 
0.999225 0.00928785 0.0382441 -1.05601 -0.00929732 0.999957 6.94875e-05 -1.76065 -0.0382418 -0.000425 0.999268 93.9471 
0.999053 0.00686319 0.0429619 -0.953966 -0.00683001 0.999976 -0.000919247 -1.80954 -0.0429672 0.000624947 0.999076 96.2554 
0.99879 0.00589486 0.0488303 -0.782045 -0.0054781 0.999947 -0.00866424 -1.89164 -0.0488788 0.00838626 0.998769 99.7397 
0.998865 0.005468 0.0473268 -0.607718 -0.00526529 0.999976 -0.00440692 -1.98309 -0.0473498 0.00415272 0.99887 103.279 
0.999189 0.00637717 0.0397667 -0.448327 -0.00625591 0.999975 -0.00317304 -2.06974 -0.0397859 0.00292169 0.999204 106.867 
0.999569 0.00862227 0.028059 -0.329075 -0.00856555 0.999961 -0.00214103 -2.15685 -0.0280764 0.00189977 0.999604 110.492 
0.999774 0.00896404 0.0192913 -0.272672 -0.0089555 0.99996 -0.000529183 -2.2134 -0.0192952 0.000356302 0.999814 112.924 
0.999903 0.0101783 0.00956334 -0.241552 -0.0101762 0.999948 -0.000271861 -2.2678 -0.00956561 0.000174517 0.999954 115.363 
0.999933 0.0115795 -4.92663e-05 -0.232571 -0.0115796 0.999932 -0.00108376 -2.32757 3.67139e-05 0.00108426 0.999999 117.812 
0.999859 0.0157602 -0.00585855 -0.246444 -0.0157671 0.999875 -0.00113725 -2.38815 0.0058399 0.00122947 0.999982 120.271 
0.999755 0.0202564 -0.00889889 -0.283572 -0.0202553 0.999795 0.000204309 -2.4715 0.0089012 -2.40077e-05 0.99996 123.983 
0.999621 0.0252016 -0.0110657 -0.336076 -0.0251494 0.999672 0.00483097 -2.54329 0.0111839 -0.00455084 0.999927 127.72 
0.99969 0.0211635 -0.0131168 -0.384545 -0.0211108 0.999768 0.00414784 -2.59617 0.0132015 -0.00386964 0.999905 131.476 
0.999789 0.0142765 -0.0147654 -0.429912 -0.014133 0.999852 0.00977904 -2.64614 0.0149029 -0.00956829 0.999843 135.259 
0.999878 0.00564459 -0.0145769 -0.472057 -0.00555702 0.999966 0.00604079 -2.69321 0.0146105 -0.00595904 0.999876 139.057 
0.99989 0.00597114 -0.0136025 -0.509951 -0.0058595 0.999949 0.00823257 -2.72813 0.013651 -0.00815196 0.999874 141.606 
0.999889 0.00895428 -0.0119115 -0.568107 -0.00887644 0.999939 0.00657173 -2.77535 0.0119696 -0.00646527 0.999907 145.424 
0.999911 0.00789119 -0.0107591 -0.618401 -0.00792518 0.999964 -0.00311978 -2.84455 0.0107341 0.00320477 0.999937 149.227 
0.999915 0.00764352 -0.0105907 -0.634443 -0.00768883 0.999961 -0.00424426 -2.87506 0.0105579 0.00432532 0.999935 150.492 
0.99991 0.00811723 -0.0106469 -0.666905 -0.008155 0.999961 -0.0035087 -2.93972 0.010618 0.00359521 0.999937 153.025 
0.999894 0.00940335 -0.0111418 -0.703475 -0.00942305 0.999954 -0.00171744 -2.99762 0.0111252 0.00182224 0.999937 155.553 
0.999874 0.00999207 -0.0123223 -0.740134 -0.0100148 0.999948 -0.00178528 -3.05171 0.0123038 0.00190846 0.999923 158.078 
0.999842 0.0105925 -0.0142772 -0.798967 -0.010612 0.999943 -0.00129639 -3.13526 0.0142626 0.00144769 0.999897 161.864 
0.999799 0.0115564 -0.0163761 -0.867607 -0.0116077 0.999928 -0.00304421 -3.22185 0.0163397 0.00323369 0.999861 165.652 
0.999752 0.0123362 -0.0185243 -0.941804 -0.0123873 0.99992 -0.00264513 -3.31395 0.0184902 0.00287394 0.999825 169.441 
0.99972 0.0127729 -0.019905 -0.99577 -0.0128126 0.999916 -0.00186476 -3.37385 0.0198795 0.00211927 0.9998 171.971 
0.999661 0.0144512 -0.0216718 -1.08317 -0.0145182 0.99989 -0.00293639 -3.46124 0.0216269 0.00325002 0.999761 175.759 
0.999642 0.0145737 -0.0224189 -1.14094 -0.0146517 0.999887 -0.00331746 -3.52353 0.022368 0.00364475 0.999743 178.289 
0.999687 0.0103064 -0.0227772 -1.19338 -0.01042 0.999934 -0.00487375 -3.58708 0.0227255 0.00510956 0.999729 180.811 
0.999681 0.0100292 -0.0231631 -1.24982 -0.00995024 0.999944 0.00352089 -3.64468 0.0231971 -0.00328929 0.999726 183.337 
0.999661 0.0120192 -0.0231152 -1.31192 -0.0120299 0.999928 -0.000321705 -3.69421 0.0231097 0.00059967 0.999733 185.843 
0.999651 0.0118834 -0.0235897 -1.37147 -0.0119445 0.999926 -0.00244898 -3.75266 0.0235589 0.00272989 0.999719 188.339 
0.999655 0.0120291 -0.0233437 -1.42991 -0.0120046 0.999927 0.00118962 -3.81104 0.0233563 -0.000908981 0.999727 190.831 
0.999705 0.0114696 -0.0213956 -1.48235 -0.0114366 0.999933 0.001663 -3.86886 0.0214133 -0.00141782 0.99977 193.304 
0.999773 0.010028 -0.0187743 -1.52543 -0.0100574 0.999948 -0.00147379 -3.92931 0.0187585 0.00166228 0.999823 195.761 
0.999826 0.0092654 -0.0161766 -1.56132 -0.00928975 0.999956 -0.00143049 -3.99452 0.0161627 0.00158052 0.999868 198.199 
0.999861 0.00965481 -0.0136221 -1.59322 -0.00964213 0.999953 0.000996523 -4.05572 0.0136311 -0.000865037 0.999907 200.619 
0.999895 0.0100899 -0.0104203 -1.62986 -0.0100746 0.999948 0.00152276 -4.14217 0.0104351 -0.00141762 0.999945 204.203 
0.999927 0.00894244 -0.00819209 -1.65597 -0.00893085 0.999959 0.00144991 -4.22353 0.00820473 -0.00137664 0.999965 207.709 
0.999923 0.0085436 -0.00897263 -1.68092 -0.00851351 0.999958 0.0033868 -4.30181 0.00900119 -0.00331015 0.999954 211.094 
0.999911 0.0091296 -0.00978528 -1.70539 -0.00911522 0.999957 0.00151356 -4.35161 0.00979868 -0.00142423 0.999951 213.275 
0.999898 0.00851047 -0.0114609 -1.73064 -0.008495 0.999963 0.00139821 -4.40208 0.0114724 -0.0013007 0.999933 215.405 
0.999862 0.00707599 -0.0150121 -1.7581 -0.00702249 0.999969 0.00361377 -4.45045 0.0150372 -0.00350785 0.999881 217.485 
0.999783 0.00751584 -0.0194553 -1.79655 -0.00740204 0.999955 0.00591479 -4.49424 0.0194989 -0.00576949 0.999793 219.511 
0.999659 0.00796657 -0.0248717 -1.84453 -0.00783582 0.999955 0.00534982 -4.53245 0.0249132 -0.0051531 0.999676 221.461 
0.999489 0.00889485 -0.0307088 -1.9005 -0.00871367 0.999944 0.00602865 -4.57435 0.0307607 -0.00575798 0.99951 223.323 
0.999278 0.0086326 -0.0370029 -1.96323 -0.00845652 0.999952 0.00491251 -4.61388 0.0370435 -0.00459604 0.999303 225.093 
0.999019 0.0101143 -0.0431107 -2.03611 -0.00995606 0.999943 0.00388317 -4.65549 0.0431475 -0.00345015 0.999063 226.776 
0.998845 0.0128542 -0.0462884 -2.11395 -0.0126727 0.999911 0.00421334 -4.69229 0.0463384 -0.00362187 0.998919 228.382 
0.998877 0.0130127 -0.0455603 -2.18284 -0.0127428 0.9999 0.0062109 -4.72895 0.0456365 -0.00562336 0.998942 229.917 
0.998902 0.0132772 -0.0449322 -2.24791 -0.0131233 0.999907 0.0037187 -4.76246 0.0449774 -0.00312496 0.998983 231.388 
0.998987 0.013313 -0.0429853 -2.30914 -0.0133179 0.999911 0.000172632 -4.79566 0.0429838 0.000400019 0.999076 232.838 
0.999116 0.0134701 -0.0398168 -2.3648 -0.0135033 0.999909 -0.000565903 -4.83053 0.0398055 0.00110306 0.999207 234.278 
0.999265 0.0133643 -0.0359246 -2.41471 -0.0133962 0.99991 -0.000647249 -4.86487 0.0359127 0.00112802 0.999354 235.702 
0.999434 0.0132248 -0.0309432 -2.45827 -0.0132526 0.999912 -0.000692742 -4.89692 0.0309313 0.00110243 0.999521 237.112 
0.999628 0.0112681 -0.024831 -2.48924 -0.0112645 0.999937 0.000287764 -4.92965 0.0248326 -7.94849e-06 0.999692 238.508 
0.999766 0.0105994 -0.0188718 -2.51195 -0.010598 0.999944 0.000172923 -4.96556 0.0188725 2.71225e-05 0.999822 239.888 
0.999885 0.0112616 -0.0101863 -2.53435 -0.0112818 0.999934 -0.00192606 -5.01566 0.0101639 0.00204076 0.999946 241.957 
0.99993 0.0115537 -0.00245928 -2.5456 -0.0115551 0.999933 -0.000559149 -5.06428 0.00245265 0.000587528 0.999997 244.059 
0.999932 0.011576 0.00154232 -2.54662 -0.0115692 0.999923 -0.00438365 -5.09478 -0.00159295 0.00436551 0.999989 245.471 
0.999938 0.0107719 0.00267294 -2.54373 -0.0107536 0.999919 -0.00676716 -5.12614 -0.00274561 0.00673799 0.999973 246.908 
0.999936 0.010925 0.00302195 -2.5419 -0.0109031 0.999915 -0.00716991 -5.16458 -0.00310002 0.0071365 0.99997 248.369 
0.999932 0.0110868 0.00352747 -2.54094 -0.0110516 0.99989 -0.00985862 -5.20598 -0.00363639 0.00981897 0.999945 249.857 
0.999983 0.00402366 0.00424756 -2.52926 -0.00396977 0.999912 -0.0126188 -5.24631 -0.00429796 0.0126017 0.999911 251.371 
0.999972 0.00563303 0.00484195 -2.52948 -0.00558664 0.999939 -0.00954148 -5.26387 -0.0048954 0.00951417 0.999943 252.145 
0.999931 0.00828298 0.00826515 -2.52283 -0.00827762 0.999965 -0.000683216 -5.31615 -0.00827053 0.000614754 0.999966 254.511 
0.999729 0.0130181 0.0193126 -2.49585 -0.0127962 0.999851 -0.0115665 -5.36441 -0.0194603 0.0113162 0.999747 256.93 
0.999583 0.00615029 0.0282192 -2.42627 -0.00603844 0.999974 -0.00404695 -5.42505 -0.0282434 0.00387486 0.999594 259.43 
0.99939 0.00817133 0.0339433 -2.37745 -0.00798873 0.999953 -0.00551177 -5.46745 -0.0339867 0.00523724 0.999409 261.103 
0.999204 0.00895698 0.0388821 -2.31559 -0.0086414 0.999928 -0.00827684 -5.50957 -0.0389534 0.00793425 0.999209 262.779 
0.998917 0.0113817 0.0451077 -2.24929 -0.0111924 0.999927 -0.00444753 -5.55757 -0.045155 0.00393785 0.998972 264.463 
0.998653 0.0117972 0.050521 -2.16903 -0.0115492 0.99992 -0.00519778 -5.60156 -0.0505783 0.00460731 0.99871 266.146 
0.998423 0.00572078 0.0558426 -2.02015 -0.00545618 0.999973 -0.00488957 -5.66231 -0.0558691 0.00457717 0.998428 268.682 
0.998366 0.00484879 0.0569318 -1.92383 -0.0045818 0.999978 -0.00481941 -5.70592 -0.0569539 0.00455068 0.998366 270.382 
0.998396 0.00537455 0.0563685 -1.82945 -0.00516948 0.99998 -0.00378312 -5.75015 -0.0563877 0.00348566 0.998403 272.089 
0.998546 0.00513318 0.0536558 -1.7412 -0.00485245 0.999974 -0.00536107 -5.79381 -0.0536819 0.00509291 0.998545 273.795 
0.998695 0.0070106 0.0505903 -1.66066 -0.0066944 0.999957 -0.00641686 -5.83588 -0.0506331 0.00606981 0.998699 275.503 
0.998868 0.00861346 0.046776 -1.58558 -0.00833855 0.999947 -0.00606901 -5.87971 -0.0468258 0.0056721 0.998887 277.204 
0.999178 0.00702436 0.0399296 -1.51786 -0.00694001 0.999973 -0.0022507 -5.9219 -0.0399444 0.00197174 0.9992 278.897 
0.999522 0.0053321 0.0304419 -1.46624 -0.00537125 0.999985 0.00120446 -5.96075 -0.030435 -0.0013674 0.999536 280.569 
0.999766 0.00442697 0.0211729 -1.43189 -0.00448163 0.999987 0.00253453 -5.99441 -0.0211614 -0.00262882 0.999773 282.203 
0.999919 0.00301994 0.0123611 -1.41209 -0.00305103 0.999992 0.00249681 -6.02669 -0.0123534 -0.00253432 0.99992 283.788 
0.999982 0.00378205 0.00455822 -1.41432 -0.00379344 0.99999 0.00249342 -6.05399 -0.00454875 -0.00251066 0.999987 285.305 
0.999991 0.00266362 -0.00344064 -1.42342 -0.00265706 0.999995 0.0019098 -6.08512 0.0034457 -0.00190064 0.999992 286.744 
0.999877 0.00542942 -0.0146945 -1.45444 -0.00544968 0.999984 -0.00133942 -6.11745 0.014687 0.00141934 0.999891 288.101 
0.999432 0.00616846 -0.0331429 -1.50637 -0.00630687 0.999972 -0.00407305 -6.1494 0.0331168 0.00427976 0.999442 289.389 
0.997996 0.00756368 -0.06282 -1.59716 -0.00778981 0.999964 -0.00335535 -6.18245 0.0627924 0.00383798 0.998019 290.628 
0.991448 0.013381 -0.129815 -1.83449 -0.0137845 0.999903 -0.0022104 -6.22425 0.129772 0.00398093 0.991536 292.379 
0.975195 0.0163635 -0.220744 -2.20954 -0.0163356 0.999865 0.00195183 -6.25767 0.220746 0.00170258 0.97533 293.998 
0.943122 0.0199169 -0.331848 -2.73939 -0.0176741 0.999796 0.00977555 -6.29763 0.331975 -0.00335442 0.943282 295.467 
0.891514 0.0208731 -0.452512 -3.42557 -0.0152983 0.999755 0.015976 -6.32098 0.452735 -0.00732011 0.891615 296.783 
0.814534 0.0203592 -0.579758 -4.26856 -0.00993628 0.999727 0.0211472 -6.33699 0.58003 -0.0114645 0.814514 297.944 
0.709248 0.0210131 -0.704646 -5.27032 -0.004494 0.99967 0.0252877 -6.34781 0.704945 -0.0147685 0.709109 298.869 
0.618595 0.0212149 -0.785423 -6.01439 0.0063723 0.999467 0.0320152 -6.33996 0.785684 -0.0248094 0.618131 299.434 
0.460022 0.0365391 -0.887155 -7.2164 -0.00096131 0.999173 0.0406543 -6.3261 0.887907 -0.017849 0.459676 299.975 
0.345398 0.0409151 -0.937564 -8.02723 0.0007943 0.999036 0.0438904 -6.30458 0.938456 -0.0159044 0.345033 300.181 
0.165841 0.0515813 -0.984803 -9.27029 0.00873268 0.998515 0.0537701 -6.27121 0.986114 -0.0175172 0.165144 300.329 
-0.0956733 0.0743332 -0.992633 -11.0311 0.017569 0.997179 0.0729802 -6.19953 0.995258 -0.0104573 -0.0967093 300.097 
-0.291601 0.0911471 -0.952187 -12.4029 0.0302266 0.995831 0.0860681 -6.12353 0.956062 -0.00368386 -0.29314 299.633 
-0.467758 0.0945454 -0.878785 -13.7634 0.0427943 0.995519 0.0843259 -6.02836 0.88282 0.00183707 -0.469708 298.874 
-0.607122 0.0956122 -0.788836 -15.1162 0.050497 0.99537 0.081781 -5.91352 0.793003 0.00981719 -0.609139 297.802 
-0.680915 0.105633 -0.724704 -16.0243 0.0643617 0.994346 0.0844632 -5.83093 0.729529 0.0108691 -0.683864 296.918 
-0.749283 0.113476 -0.652455 -16.9039 0.0759321 0.993434 0.0855786 -5.73774 0.657882 0.0145804 -0.75298 295.877 
-0.779741 0.110185 -0.616331 -17.3224 0.0764321 0.993782 0.080967 -5.69239 0.62142 0.0160258 -0.783314 295.284 
-0.83237 0.102443 -0.54467 -18.1234 0.0777282 0.994633 0.0682891 -5.59632 0.548742 0.0145056 -0.835866 294.047 
-0.875764 0.0978334 -0.472723 -18.872 0.078503 0.995076 0.0605041 -5.50938 0.476314 0.0158772 -0.879132 292.636 
-0.913017 0.0936182 -0.397033 -19.5385 0.0779441 0.995413 0.0554726 -5.4355 0.400406 0.0197009 -0.916126 291.079 
-0.942603 0.0992123 -0.318837 -20.1292 0.0868463 0.994821 0.0528074 -5.36469 0.322425 0.0220865 -0.946337 289.39 
-0.964622 0.102636 -0.242839 -20.6125 0.0925591 0.994318 0.0525791 -5.29613 0.246856 0.028242 -0.968641 287.568 
-0.985364 0.0988385 -0.138881 -21.1166 0.0939911 0.994726 0.0410546 -5.19823 0.142207 0.0274002 -0.989458 284.63 
-0.994366 0.0948339 -0.0473559 -21.3587 0.0931642 0.994989 0.0363086 -5.11824 0.0505619 0.0316922 -0.998218 281.431 
-0.995538 0.0901444 0.0278974 -21.3456 0.091076 0.995258 0.0341483 -5.04425 -0.0246868 0.0365367 -0.999027 278.007 
-0.993999 0.077667 0.0770325 -21.1119 0.0800215 0.996401 0.0279593 -4.98325 -0.0745837 0.0339557 -0.996637 274.431 
-0.99363 0.0692346 0.0889097 -20.8862 0.0722451 0.996902 0.0310965 -4.94692 -0.0864813 0.0373218 -0.995554 271.963 
-0.994058 0.0652803 0.0871075 -20.6659 0.0679721 0.997286 0.0282989 -4.90606 -0.0850237 0.0340516 -0.995797 269.428 
-0.994589 0.0635802 0.0821637 -20.4476 0.0662682 0.997338 0.0304103 -4.86175 -0.0800116 0.0356906 -0.996155 266.831 
-0.995416 0.0615365 0.0732102 -20.2497 0.0640901 0.997397 0.0330559 -4.8177 -0.0709855 0.0375964 -0.996769 264.179 
-0.996221 0.0603663 0.0624424 -20.0709 0.0627769 0.997327 0.0373911 -4.78028 -0.0600183 0.0411698 -0.997348 261.517 
-0.996883 0.0591046 0.0522612 -19.9213 0.0610962 0.997432 0.0373675 -4.73861 -0.0499184 0.040444 -0.997934 258.85 
-0.997529 0.0568909 0.0412329 -19.7967 0.0583987 0.997632 0.0363329 -4.69629 -0.0390682 0.038651 -0.998489 256.17 
-0.997895 0.0567492 0.0313836 -19.7034 0.0580563 0.997411 0.0424359 -4.64839 -0.0288942 0.0441686 -0.998606 253.475 
-0.997998 0.0588703 0.0231249 -19.6393 0.0598033 0.997327 0.0419708 -4.58676 -0.0205922 0.0432698 -0.998851 250.773 
-0.998082 0.0594355 0.017293 -19.5903 0.0600615 0.997461 0.038267 -4.52916 -0.0149746 0.0392322 -0.999118 248.064 
-0.998231 0.0581244 0.0125212 -19.5513 0.058564 0.997553 0.0381979 -4.47385 -0.0102703 0.0388636 -0.999192 245.338 
-0.998187 0.0593773 0.00984946 -19.5267 0.0597285 0.997399 0.040346 -4.41134 -0.0074282 0.0408611 -0.999137 242.596 
-0.998096 0.0608774 0.00995391 -19.5032 0.0612345 0.997292 0.0407293 -4.34609 -0.00744747 0.0412612 -0.999121 239.839 
-0.997885 0.0640574 0.0110327 -19.481 0.064428 0.997223 0.0373665 -4.28645 -0.00860843 0.0379983 -0.999241 237.073 
-0.997732 0.066012 0.0131621 -19.4501 0.0665033 0.996933 0.041247 -4.2238 -0.010399 0.0420287 -0.999062 234.291 
-0.997863 0.0635565 0.0151381 -19.4066 0.0641514 0.997025 0.0427366 -4.15292 -0.0123769 0.0436164 -0.998972 231.492 
-0.998054 0.0601614 0.0163722 -19.3556 0.0608014 0.99727 0.0418928 -4.09135 -0.0138072 0.0428067 -0.998988 228.688 
-0.998034 0.0604056 0.016693 -19.3094 0.061015 0.997383 0.0387922 -4.0312 -0.014306 0.0397345 -0.999108 225.871 
-0.997974 0.0612577 0.0171721 -19.2653 0.061909 0.997264 0.0403829 -3.97516 -0.0146514 0.0413642 -0.999037 223.034 
-0.99803 0.0602836 0.0173623 -19.2149 0.0609664 0.997259 0.0419296 -3.91575 -0.0147871 0.0429056 -0.99897 220.186 
-0.998015 0.060565 0.0172517 -19.1647 0.0612205 0.997306 0.0404035 -3.85191 -0.0147582 0.0413795 -0.999035 217.328 
-0.997889 0.0625505 0.0174596 -19.1149 0.0632531 0.997066 0.043101 -3.78382 -0.0147124 0.0441144 -0.998918 214.452 
-0.997835 0.0634161 0.0174059 -19.0532 0.0640673 0.99715 0.0398286 -3.70667 -0.0148305 0.0408575 -0.999055 211.57 
-0.997866 0.0629366 0.0173792 -18.9904 0.0635988 0.997148 0.0406227 -3.63417 -0.014773 0.0416413 -0.999023 208.672 
-0.997907 0.0622505 0.0175085 -18.9279 0.0629027 0.997236 0.0395545 -3.55915 -0.0149978 0.040573 -0.999064 205.758 
-0.998002 0.0607796 0.0172476 -18.8648 0.0614557 0.997233 0.0418309 -3.48764 -0.0146574 0.0428073 -0.998976 202.832 
-0.997915 0.0621706 0.0173612 -18.809 0.0628335 0.997194 0.0406818 -3.41917 -0.0147833 0.0416879 -0.999021 199.909 
-0.997942 0.0620157 0.0163174 -18.7519 0.0627025 0.996989 0.0456241 -3.35064 -0.0134388 0.0465533 -0.998825 196.976 
-0.998082 0.0602617 0.0141655 -18.6972 0.0608535 0.99709 0.0459184 -3.27644 -0.0113571 0.0466924 -0.998845 194.056 
-0.998166 0.0592744 0.0123008 -18.648 0.0597818 0.997147 0.0460891 -3.20505 -0.00953379 0.0467399 -0.998862 191.144 
-0.998083 0.0609218 0.0108909 -18.6104 0.0613504 0.997115 0.0446967 -3.13828 -0.0081365 0.0452791 -0.998941 188.243 
-0.998112 0.0606706 0.00957521 -18.5769 0.0610404 0.997131 0.0447547 -3.07584 -0.00683245 0.0452547 -0.998952 185.352 
-0.998152 0.060188 0.00835879 -18.546 0.060518 0.997041 0.0474027 -3.01113 -0.00548098 0.047821 -0.998841 182.469 
-0.998174 0.0601866 0.00519615 -18.5232 0.0603643 0.997078 0.0468043 -2.94218 -0.00236397 0.0470325 -0.998891 179.601 
-0.998166 0.0605306 0.00123086 -18.5107 0.0605206 0.997035 0.0475323 -2.87354 0.00164995 0.0475196 -0.998869 176.751 
-0.998041 0.0624989 -0.00282821 -18.5133 0.0622881 0.996874 0.0486068 -2.80321 0.00585725 0.0483354 -0.998814 173.93 
-0.997997 0.0628885 -0.00681973 -18.5267 0.0624678 0.996778 0.0503203 -2.73603 0.00996233 0.0497935 -0.99871 171.156 
-0.997902 0.0638009 -0.0110031 -18.5517 0.0631287 0.996581 0.0532982 -2.66695 0.014366 0.0524917 -0.998518 168.447 
-0.997822 0.0641553 -0.0153698 -18.605 0.0632094 0.996447 0.0556675 -2.56588 0.0188866 0.0545747 -0.998331 164.539 
-0.997856 0.0635031 -0.0158523 -18.6621 0.0625813 0.996626 0.0530981 -2.47385 0.0191707 0.0519922 -0.998463 160.837 
-0.997796 0.0645406 -0.0153892 -18.7004 0.0636388 0.996551 0.0532498 -2.42222 0.0187729 0.0521531 -0.998463 158.493 
-0.997811 0.0645853 -0.0142252 -18.7334 0.0636958 0.996398 0.055983 -2.3708 0.0177897 0.0549543 -0.99833 156.25 
-0.99794 0.0627639 -0.0132854 -18.7623 0.0619265 0.996502 0.056109 -2.32265 0.0167606 0.0551707 -0.998336 154.117 
-0.997957 0.0627924 -0.0118166 -18.8044 0.062067 0.996606 0.0540838 -2.25235 0.0151726 0.0532398 -0.998467 151.111 
-0.997919 0.0636418 -0.0104049 -18.8377 0.062965 0.996448 0.0559198 -2.18775 0.0139268 0.0551483 -0.998381 148.339 
-0.998009 0.0624197 -0.00907076 -18.8548 0.0618204 0.996529 0.0557508 -2.1442 0.0125192 0.055079 -0.998403 146.599 
-0.997749 0.066551 -0.00824925 -18.8863 0.0660531 0.996539 0.0504645 -2.05941 0.0115792 0.049806 -0.998692 143.302 
-0.997568 0.0692182 -0.00824638 -18.9135 0.068743 0.996467 0.0482526 -1.9894 0.0115572 0.0475683 -0.998801 140.242 
-0.9974 0.0713883 -0.00987074 -18.9351 0.0708393 0.996341 0.0478125 -1.94437 0.0132479 0.0469889 -0.998808 138.044 
-0.997165 0.074446 -0.0109478 -18.9643 0.0739185 0.996356 0.0425527 -1.90532 0.0140758 0.0416228 -0.999034 135.917 
-0.997312 0.0721261 -0.0129272 -18.9831 0.0716097 0.996756 0.0367359 -1.86792 0.0155349 0.0357114 -0.999241 133.82 
-0.996996 0.0762837 -0.0133804 -19.0039 0.0756835 0.996299 0.040751 -1.83902 0.0164395 0.0396159 -0.99908 132.429 
-0.997667 0.0667203 -0.0144539 -19.0074 0.0661229 0.997069 0.0384778 -1.82356 0.0169788 0.0374323 -0.999155 131.06 
-0.997595 0.0677949 -0.0143944 -19.0266 0.0674104 0.997394 0.0256974 -1.8 0.016099 0.0246652 -0.999566 129.693 
-0.998171 0.0588634 -0.0137515 -19.0297 0.0584923 0.997949 0.025991 -1.78324 0.0152532 0.0251391 -0.999568 128.287 
-0.99846 0.0543389 -0.0111999 -19.0369 0.053955 0.998026 0.0321262 -1.76235 0.0129236 0.0314724 -0.999421 126.832 
-0.998518 0.0540495 -0.00636716 -19.0431 0.0538162 0.998025 0.0324093 -1.73955 0.00810629 0.0320186 -0.999454 125.339 
-0.998691 0.0511419 0.000177795 -19.034 0.051124 0.998235 0.0302153 -1.70496 0.00136779 0.0301849 -0.999543 123.793 
-0.998732 0.0498256 0.00723671 -19.0174 0.0500668 0.998014 0.0382285 -1.67161 -0.00531758 0.0385423 -0.999243 122.172 
-0.998505 0.0527305 0.0144175 -18.9955 0.0532862 0.997723 0.0413387 -1.63046 -0.0122048 0.0420452 -0.999041 120.489 
-0.998193 0.0558516 0.0221827 -18.9624 0.0566488 0.997705 0.0371005 -1.58386 -0.0200596 0.0382901 -0.999065 118.74 
-0.997796 0.0591212 0.0301125 -18.9125 0.060193 0.997536 0.0360261 -1.53944 -0.0279085 0.0377593 -0.998897 116.921 
-0.997348 0.061709 0.0385996 -18.8457 0.0632519 0.997191 0.0401166 -1.49574 -0.0360157 0.0424517 -0.998449 115.028 
-0.996694 0.0661833 0.0471176 -18.7626 0.0679748 0.996982 0.0374914 -1.44961 -0.0444941 0.0405703 -0.998185 113.072 
-0.996159 0.0681779 0.0549391 -18.6547 0.0700116 0.997027 0.0321729 -1.40278 -0.0525822 0.0358957 -0.997971 111.05 
-0.995888 0.0681864 0.0596542 -18.5267 0.0701692 0.997028 0.031798 -1.36259 -0.0573087 0.0358532 -0.997713 108.955 
-0.995916 0.06685 0.0606814 -18.3897 0.0685437 0.997302 0.0262697 -1.32609 -0.0587615 0.0303217 -0.997811 106.796 
-0.995718 0.0703541 0.0599628 -18.2568 0.072024 0.99706 0.0261548 -1.28814 -0.0579464 0.0303616 -0.997858 104.562 
-0.995749 0.0702485 0.0595828 -18.1174 0.0724216 0.996755 0.0351296 -1.24473 -0.0569217 0.0392953 -0.997605 102.246 
-0.995946 0.0686017 0.0581869 -17.972 0.0704953 0.997026 0.0311391 -1.19566 -0.0558777 0.0351147 -0.99782 99.8817 
-0.996093 0.0671447 0.0573521 -17.825 0.0690053 0.997131 0.0310997 -1.15122 -0.0550995 0.0349358 -0.997869 97.4478 
-0.996118 0.0682695 0.0555728 -17.6842 0.0701844 0.996979 0.0332645 -1.10252 -0.053134 0.0370357 -0.9979 94.9527 
-0.996426 0.0665296 0.0520477 -17.5437 0.0683455 0.997085 0.0339224 -1.04997 -0.0496392 0.0373584 -0.998068 92.3932 
-0.996925 0.062717 0.0469784 -17.41 0.0643324 0.997359 0.0336984 -0.999006 -0.0447409 0.036617 -0.998327 89.7748 
-0.997034 0.0652185 0.0408576 -17.2933 0.0660695 0.997618 0.0198344 -0.958478 -0.0394667 0.0224751 -0.998968 87.1097 
-0.997277 0.0644023 0.0359441 -17.1883 0.0656562 0.997233 0.0348659 -0.921829 -0.0335992 0.0371309 -0.998745 84.3517 
-0.997628 0.0626751 0.028451 -17.0483 0.0636003 0.997434 0.0328702 -0.833061 -0.0263179 0.0346018 -0.999055 80.1265 
-0.997567 0.0652774 0.0244777 -16.9736 0.0660827 0.997246 0.0336774 -0.77713 -0.022212 0.035213 -0.999133 77.2278 
-0.997685 0.0648601 0.0204358 -16.9054 0.065599 0.997128 0.0378406 -0.718759 -0.0179228 0.0390936 -0.999075 74.2844 
-0.997908 0.0625151 0.0164783 -16.8449 0.0631926 0.997012 0.0444279 -0.658898 -0.0136517 0.0453762 -0.998877 71.3345 
-0.997889 0.0637888 0.0121463 -16.7792 0.0642598 0.996988 0.0434333 -0.561778 -0.00933915 0.0441222 -0.998982 66.9246 
-0.997965 0.0628922 0.0105077 -16.7413 0.0633012 0.996995 0.044643 -0.498323 -0.00766845 0.0452173 -0.998948 63.9872 
-0.997979 0.0628915 0.00913444 -16.7074 0.0632192 0.997131 0.0416291 -0.434222 -0.00649012 0.0421224 -0.999091 61.0593 
-0.997902 0.0641339 0.00885618 -16.6773 0.0644805 0.996815 0.0469377 -0.369666 -0.00581768 0.0474103 -0.998859 58.1185 
-0.997906 0.0639373 0.00978201 -16.6429 0.0643437 0.996711 0.0492656 -0.292801 -0.00659993 0.0497918 -0.998738 55.1885 
-0.997945 0.0630505 0.0114147 -16.6009 0.0634781 0.997096 0.0420764 -0.223878 -0.00872856 0.0427145 -0.999049 52.277 
-0.997986 0.0621162 0.0128457 -16.5545 0.0626129 0.997121 0.0427734 -0.166754 -0.0101518 0.0434916 -0.999002 49.3668 
-0.997934 0.062616 0.0144088 -16.5059 0.0632509 0.996799 0.0489048 -0.101866 -0.0113004 0.0497151 -0.998699 46.4611 
-0.998028 0.0610291 0.0146873 -16.4782 0.0616807 0.996892 0.0489985 -0.0668298 -0.0116513 0.0498078 -0.998691 45.0138 
-0.998053 0.0607866 0.0139933 -16.4254 0.0613146 0.997275 0.0410351 -0.00428615 -0.0114607 0.0418131 -0.99906 42.137 
-0.997947 0.0626403 0.0133342 -16.38 0.063177 0.997006 0.0445851 0.0513988 -0.0105014 0.045336 -0.998917 39.2618 
-0.998065 0.0609454 0.0122986 -16.3325 0.0614373 0.997112 0.0446331 0.111825 -0.00954289 0.0453023 -0.998928 36.3968 
-0.99824 0.0582587 0.0110815 -16.2847 0.0586866 0.997338 0.0432852 0.170682 -0.00853025 0.0438593 -0.999001 33.5444 
-0.998085 0.0609364 0.0106252 -16.2461 0.0613321 0.99723 0.0420795 0.227999 -0.00803158 0.0426506 -0.999058 30.7078 
-0.997895 0.0639842 0.0105794 -16.2128 0.0643942 0.996932 0.0445004 0.286007 -0.0076996 0.0450879 -0.998953 27.8676 
-0.998 0.0624026 0.0101425 -16.1748 0.0627844 0.997095 0.0431327 0.345532 -0.00742147 0.0436832 -0.999018 25.0502 
-0.998187 0.0594563 0.00939459 -16.1341 0.0598079 0.997279 0.0431088 0.404138 -0.00680594 0.0435925 -0.999026 22.2484 
-0.99815 0.0601073 0.00912394 -16.1004 0.0604577 0.997164 0.0448265 0.461558 -0.00640366 0.0452952 -0.998953 19.4725 
-0.998049 0.0617875 0.00894943 -16.0726 0.0621392 0.996978 0.046617 0.52366 -0.00604204 0.0470822 -0.998873 16.7084 
-0.998206 0.059354 0.00785864 -16.0404 0.0596205 0.997431 0.0397066 0.582246 -0.00548171 0.0401039 -0.999181 13.9623 
-0.998613 0.0520647 0.00783009 -15.9999 0.0523338 0.997853 0.0393776 0.627781 -0.00576309 0.0397327 -0.999194 11.2215 
-0.998602 0.0522113 0.00822333 -15.9675 0.052523 0.997656 0.0438614 0.682198 -0.00591399 0.044232 -0.999004 8.48738 
-0.998095 0.0610195 0.00906531 -15.9496 0.0613859 0.99696 0.0479776 0.744327 -0.00611019 0.0484427 -0.998807 5.76379 
-0.997849 0.0648975 0.00925671 -15.9259 0.0652499 0.996856 0.0449412 0.8126 -0.00631103 0.0454485 -0.998947 3.03892 
-0.998036 0.0620696 0.00849666 -15.8896 0.0623715 0.997181 0.041701 0.875418 -0.00588435 0.0421491 -0.999094 0.308944 
-0.998192 0.0595827 0.00798272 -15.854 0.0598656 0.997331 0.0417918 0.933255 -0.00547134 0.0421941 -0.999094 -2.43652 
-0.998222 0.0591147 0.00762183 -15.8082 0.0593741 0.997429 0.0401221 1.01409 -0.00523043 0.0405033 -0.999166 -6.57647 
-0.998412 0.0558965 0.00700252 -15.7739 0.0561322 0.997627 0.0398757 1.07072 -0.00475699 0.0402055 -0.99918 -9.35714 
-0.998639 0.0517386 0.00654927 -15.7385 0.0519726 0.997727 0.0428829 1.12967 -0.00431569 0.0431649 -0.999059 -12.1499 
-0.998726 0.0500959 0.00607549 -15.7058 0.0502939 0.997986 0.0386471 1.18872 -0.00412719 0.0389034 -0.999235 -14.951 
-0.998792 0.0487102 0.00648413 -15.6752 0.0489209 0.998089 0.0377468 1.2389 -0.00463308 0.0380184 -0.999266 -17.7644 
-0.998865 0.0471492 0.00675802 -15.6435 0.0473475 0.998333 0.0330146 1.27911 -0.00519014 0.0332971 -0.999432 -20.5842 
-0.998679 0.0508047 0.00766811 -15.6178 0.0510482 0.998052 0.0358622 1.32013 -0.0058312 0.0362063 -0.999327 -23.4244 
-0.998599 0.0521993 0.00862454 -15.5903 0.0524732 0.997996 0.0353532 1.36253 -0.00676185 0.0357562 -0.999338 -26.2678 
-0.998682 0.0505942 0.0085833 -15.554 0.0508564 0.998136 0.033729 1.40128 -0.00686082 0.034121 -0.999394 -29.1154 
-0.998572 0.0524995 0.00988939 -15.5214 0.0528449 0.997853 0.0386915 1.4506 -0.00783687 0.0391589 -0.999202 -31.9731 
-0.998298 0.0571705 0.0115002 -15.4933 0.057566 0.997632 0.0376419 1.49691 -0.00932092 0.0382399 -0.999225 -34.82 
-0.998095 0.0604876 0.0121391 -15.4609 0.0609207 0.997372 0.039204 1.54276 -0.00973584 0.0398688 -0.999158 -37.6656 
-0.997835 0.0644816 0.0129439 -15.4267 0.0649635 0.997041 0.0411068 1.59371 -0.010255 0.0418587 -0.999071 -40.499 
-0.997556 0.0686397 0.0130485 -15.3925 0.0690995 0.996853 0.0388498 1.64734 -0.0103408 0.0396565 -0.99916 -43.3226 
-0.997339 0.0716734 0.0133133 -15.357 0.0720763 0.996861 0.032755 1.68978 -0.0109238 0.0336274 -0.999375 -46.1304 
-0.997355 0.0714112 0.013534 -15.3171 0.0718627 0.996747 0.0364779 1.73364 -0.010885 0.037354 -0.999243 -48.944 
-0.997374 0.0711834 0.0133521 -15.277 0.0716144 0.996811 0.0351958 1.78328 -0.0108041 0.0360595 -0.999291 -51.7485 
-0.997393 0.0710542 0.0126076 -15.2375 0.0714522 0.996845 0.0345727 1.83399 -0.0101113 0.0353834 -0.999323 -54.5479 
-0.9975 0.069862 0.0106725 -15.1995 0.0701945 0.996925 0.0348311 1.88302 -0.00820634 0.0354931 -0.999336 -57.3521 
-0.997382 0.0717489 0.00900512 -15.1701 0.0720127 0.99684 0.0335279 1.92781 -0.00657107 0.0340886 -0.999397 -60.1507 
-0.997461 0.0708244 0.00744125 -15.1423 0.0710401 0.996878 0.034464 1.96959 -0.00497713 0.0349052 -0.999378 -62.9515 
-0.997604 0.0689395 0.00583632 -15.1134 0.0691036 0.996981 0.0353996 2.0103 -0.00337827 0.0357181 -0.999356 -65.7507 
-0.997618 0.0688109 0.00479244 -15.0914 0.0689383 0.996985 0.0356059 2.05244 -0.00232792 0.0358515 -0.999354 -68.5388 
-0.997516 0.0702577 0.00501102 -15.0745 0.0703829 0.997003 0.032117 2.08736 -0.00273954 0.03239 -0.999472 -71.3233 
-0.997456 0.0710485 0.00580028 -15.0538 0.0712018 0.996917 0.0329676 2.11708 -0.0034401 0.0332967 -0.99944 -74.0953 
-0.997261 0.0735477 0.00782347 -15.0308 0.0737887 0.996584 0.0370851 2.14655 -0.00506922 0.0375608 -0.999282 -76.8564 
-0.997205 0.0741079 0.00952148 -14.9983 0.0743836 0.996687 0.0329016 2.17982 -0.00705167 0.0335179 -0.999413 -79.5932 
-0.997432 0.0709471 0.00984352 -14.9596 0.0712243 0.996964 0.0314566 2.20092 -0.00758188 0.0320769 -0.999457 -82.3173 
-0.997388 0.0715138 0.0101887 -14.9247 0.0718585 0.996657 0.0388668 2.23251 -0.00737515 0.0394974 -0.999193 -85.0349 
-0.997341 0.0722239 0.00967253 -14.8919 0.072536 0.996673 0.0371662 2.26864 -0.00695607 0.037769 -0.999262 -87.7267 
-0.997481 0.0705109 0.00777731 -14.8566 0.070738 0.996903 0.0343721 2.29699 -0.00532961 0.0348357 -0.999379 -90.408 
-0.997593 0.0690708 0.00619157 -14.8243 0.0692534 0.996912 0.037008 2.32693 -0.00361628 0.0373477 -0.999296 -93.0767 
-0.997599 0.0690894 0.00478244 -14.798 0.0692142 0.996998 0.0347163 2.3579 -0.00236956 0.034964 -0.999386 -95.7244 
-0.997626 0.0687711 0.00347244 -14.776 0.068853 0.996924 0.0374336 2.38983 -0.00088741 0.0375839 -0.999293 -98.3634 
-0.99761 0.0690694 0.00167024 -14.7585 0.0690834 0.996904 0.037534 2.42687 0.000927379 0.0375597 -0.999294 -100.984 
-0.997622 0.0689271 0.000230392 -14.7441 0.068888 0.996932 0.0371479 2.46267 0.00233081 0.0370755 -0.99931 -103.593 
-0.997635 0.0687242 -0.00106915 -14.7342 0.0686391 0.996969 0.036613 2.49831 0.0035821 0.036453 -0.999329 -106.186 
-0.997614 0.0689949 -0.00235413 -14.7282 0.0688753 0.997045 0.0340206 2.53066 0.00469442 0.0337773 -0.999418 -108.763 
-0.997602 0.0691565 -0.00263122 -14.7256 0.0690068 0.99689 0.0380598 2.56369 0.00525512 0.037787 -0.999272 -111.329 
-0.997581 0.0694796 -0.00230498 -14.7215 0.0693539 0.996957 0.0355917 2.60037 0.00477087 0.0353457 -0.999364 -113.877 
-0.997457 0.0712487 -0.00160263 -14.7158 0.071138 0.996755 0.0376596 2.65091 0.00428063 0.0374499 -0.999289 -117.669 
-0.997499 0.0706612 -0.00129007 -14.7057 0.0705612 0.996782 0.0380352 2.70391 0.00397353 0.0378491 -0.999276 -121.414 
-0.997525 0.0702808 -0.00204413 -14.7005 0.0701557 0.996836 0.0373667 2.73591 0.00466383 0.0371309 -0.9993 -123.867 
-0.997661 0.0681987 -0.00456355 -14.6983 0.0679697 0.996923 0.0390418 2.7678 0.0072121 0.0386403 -0.999227 -126.287 
-0.997743 0.0666208 -0.00835732 -14.7061 0.0662659 0.997105 0.0372856 2.81753 0.0108171 0.0366476 -0.99927 -129.845 
-0.997614 0.0685077 -0.0086063 -14.7249 0.0680969 0.996823 0.041318 2.864 0.0114096 0.0406334 -0.999109 -133.3 
-0.997459 0.070694 -0.00888113 -14.7462 0.0702583 0.99663 0.0423454 2.91317 0.0118448 0.0416138 -0.999064 -136.594 
-0.99743 0.0709289 -0.0100921 -14.7585 0.0704023 0.996485 0.0453989 2.94671 0.0132768 0.0445717 -0.998918 -138.687 
-0.997505 0.0692995 -0.0134689 -14.7736 0.0686439 0.996661 0.044213 2.97953 0.0164878 0.0431782 -0.998931 -140.676 
-0.997329 0.0714336 -0.0152585 -14.7974 0.070677 0.996465 0.0454141 3.00678 0.0184487 0.0442143 -0.998852 -142.556 
-0.997166 0.0741052 -0.0130031 -14.818 0.0734584 0.996298 0.0446553 3.03284 0.0162642 0.0435736 -0.998918 -144.321 
-0.9961 0.0854175 0.0220899 -14.7976 0.0862628 0.995442 0.0406577 3.06559 -0.0185163 0.0424047 -0.998929 -146.744 
-0.988213 0.0818113 0.129387 -14.492 0.0879692 0.995212 0.0426069 3.08883 -0.125282 0.0534868 -0.990678 -149.595 
-0.952149 0.0829722 0.294156 -13.8334 0.0936762 0.995349 0.0224621 3.08658 -0.290924 0.0489427 -0.955493 -151.95 
-0.825376 0.0781119 0.559154 -12.4465 0.0951401 0.995463 0.00137499 3.01524 -0.55651 0.0543328 -0.829063 -154.267 
-0.585221 0.0605408 0.808611 -10.4659 0.0832013 0.996429 -0.014387 2.90156 -0.806594 0.0588579 -0.588168 -155.856 
-0.403662 0.0505414 0.913511 -9.10629 0.0702334 0.997238 -0.024139 2.81575 -0.912208 0.054415 -0.406098 -156.406 
-0.205912 0.0511896 0.977231 -7.69941 0.061418 0.997338 -0.0393015 2.72269 -0.976641 0.0519269 -0.208508 -156.663 
0.00318504 0.0300787 0.999542 -6.24316 0.0506636 0.998259 -0.0302015 2.64127 -0.998711 0.0507366 0.00165559 -156.617 
0.215344 -0.00253655 0.976535 -4.77901 0.0385675 0.999239 -0.00590934 2.56936 -0.975776 0.0389351 0.215278 -156.244 
0.421523 -0.0148738 0.906695 -3.37534 0.0368797 0.999319 -0.00075217 2.53483 -0.906067 0.0337557 0.421785 -155.554 
0.659549 -0.0259974 0.751212 -1.65388 0.0325914 0.999451 0.0059737 2.49981 -0.750955 0.0205431 0.660034 -154.079 
0.831421 -0.0259302 0.555038 -0.226137 0.0334003 0.999436 -0.00334053 2.46717 -0.554638 0.0213158 0.831818 -152.061 
0.944917 -0.0261284 0.326266 0.748482 0.0274394 0.999623 0.000584342 2.42219 -0.326159 0.00840039 0.945278 -149.55 
0.982129 -0.00892197 0.187998 1.16323 0.00989766 0.999942 -0.00425174 2.39343 -0.18795 0.0060365 0.98216 -147.348 
0.992934 -0.00852119 0.118363 1.3485 0.00877211 0.99996 -0.00159911 2.37192 -0.118344 0.0026261 0.992969 -145.76 
0.999235 0.000596287 0.0391035 1.46345 -0.000538774 0.999999 -0.00148133 2.33266 -0.0391043 0.00145913 0.999234 -143.198 
0.999849 0.0109134 0.0134872 1.46874 -0.0108618 0.999933 -0.00388731 2.30591 -0.0135288 0.00374023 0.999901 -141.387 
0.999845 0.0152851 0.00875467 1.47997 -0.0152588 0.999879 -0.00305959 2.2747 -0.00880038 0.00292553 0.999957 -139.492 
0.999888 0.0134044 0.00664639 1.49937 -0.0133989 0.99991 -0.000862366 2.24674 -0.00665736 0.000773215 0.999977 -137.518 
0.999923 0.0121291 0.00263555 1.50541 -0.0121249 0.999925 -0.0016103 2.22017 -0.00265488 0.00157822 0.999995 -135.474 
0.999944 0.0101771 -0.00297013 1.50163 -0.0101684 0.999944 0.0029347 2.17614 0.00299983 -0.00290433 0.999991 -132.265 
0.999936 0.00882262 -0.00705863 1.48238 -0.00882496 0.999961 -0.000301176 2.12814 0.0070557 0.000363449 0.999975 -128.9 
0.999915 0.0102253 -0.00811867 1.44772 -0.010243 0.999945 -0.00213294 2.07375 0.00809641 0.00221592 0.999965 -125.388 
0.999923 0.0113665 -0.00506283 1.41804 -0.0113801 0.999932 -0.0026616 2.00988 0.00503223 0.00271901 0.999984 -121.734 
0.999972 0.00723788 -0.00168479 1.40266 -0.00725195 0.999938 -0.00849893 1.86428 0.00162317 0.00851091 0.999962 -115.348 
0.999934 0.00778534 -0.00840992 1.36969 -0.00788359 0.9999 -0.0117124 1.76752 0.0083179 0.011778 0.999896 -111.341 
0.999866 0.00696921 -0.0147768 1.28483 -0.00714461 0.999904 -0.0118506 1.63593 0.0146928 0.0119546 0.999821 -105.791 
0.999821 0.00836419 -0.0169627 1.20221 -0.00857034 0.99989 -0.0121175 1.53005 0.0168595 0.0122607 0.999783 -101.479 
0.999815 0.0104954 -0.0161081 1.14214 -0.0106122 0.999918 -0.00718013 1.46328 0.0160314 0.00734974 0.999845 -98.5291 
