1 1.19763e-11 1.70464e-10 0 1.19763e-11 1 3.5625e-10 -1.11022e-16 1.70464e-10 3.5625e-10 1 2.22045e-16 
0.999994 0.00148468 0.00317943 0.00506159 -0.00148326 0.999999 -0.000448482 -0.0391356 -0.0031801 0.000443763 0.999995 2.3933 
0.999985 0.00097061 0.00543218 0.010868 -0.000968911 0.999999 -0.000315516 -0.0742106 -0.00543248 0.000310248 0.999985 4.77601 
0.999968 0.00118213 0.00789537 0.0173517 -0.00117132 0.999998 -0.00137425 -0.111517 -0.00789698 0.00136495 0.999968 7.16295 
0.999948 0.00159501 0.0101027 -0.00674772 -0.00157836 0.999997 -0.00165553 -0.138992 -0.0101054 0.00163949 0.999948 8.35453 
0.999956 -0.000371874 0.00941538 -0.00534977 0.000365875 1 0.000638889 -0.181223 -0.00941562 -0.000635416 0.999955 10.7375 
0.999986 -5.40904e-05 0.00528759 -0.00786123 5.5501e-05 1 -0.000266635 -0.23 -0.00528758 0.000266925 0.999986 13.1213 
0.999996 -0.000787389 0.00277615 -0.0445646 0.000787746 1 -0.00012733 -0.292627 -0.00277605 0.000129517 0.999996 15.5007 
0.999993 -0.00324968 0.00180103 -0.0461432 0.00324909 0.999995 0.000332667 -0.331564 -0.0018021 -0.000326813 0.999998 17.8818 
0.999995 -0.00316838 0.000818768 -0.0614737 0.00316873 0.999995 -0.000422054 -0.374869 -0.000817427 0.000424646 1 20.272 
0.999999 -0.00127295 6.23814e-05 -0.0604531 0.00127301 0.999999 -0.00104685 -0.402302 -6.10487e-05 0.00104693 0.999999 22.6658 
1 0.000382443 -7.83643e-05 -0.0763926 -0.000382533 0.999999 -0.0011567 -0.430348 7.79219e-05 0.00115673 0.999999 23.8592 
0.999997 -0.000101239 -0.00224156 -0.0803665 9.85312e-05 0.999999 -0.00120817 -0.473663 0.00224168 0.00120795 0.999997 26.2498 
0.999987 -0.00288484 -0.00425971 -0.0977697 0.00288741 0.999996 0.000596439 -0.513831 0.00425797 -0.00060873 0.999991 28.6482 
0.999972 -0.00420019 -0.00618237 -0.115448 0.00419212 0.99999 -0.00131692 -0.557687 0.00618785 0.00129096 0.99998 31.035 
0.999958 -0.00422281 -0.00818619 -0.113975 0.00421694 0.999991 -0.000734519 -0.604735 0.00818921 0.000699968 0.999966 33.4373 
0.999953 -0.00392548 -0.00889443 -0.149167 0.00392549 0.999992 -1.63396e-05 -0.665276 0.00889442 -1.85761e-05 0.99996 35.8294 
0.999946 -0.00486793 -0.00923149 -0.176428 0.00486647 0.999988 -0.000180531 -0.679272 0.00923226 0.000135597 0.999957 37.0266 
0.999951 -0.00359164 -0.00926547 -0.18367 0.0035966 0.999993 0.000518679 -0.704403 0.00926354 -0.000551978 0.999957 38.2214 
0.999962 -0.00303762 -0.00822352 -0.250279 0.0030624 0.999991 0.00300211 -0.755186 0.00821433 -0.00302718 0.999962 40.6164 
0.999959 -0.00201986 -0.00888066 -0.279345 0.00204374 0.999994 0.00268017 -0.793846 0.0088752 -0.00269821 0.999957 43.0121 
0.999975 0.000311168 -0.00705642 -0.322087 -0.000256309 0.99997 0.0077739 -0.834337 0.00705863 -0.0077719 0.999945 45.4127 
0.999991 0.00203129 -0.00365435 -0.355382 -0.0019798 0.9999 0.0140379 -0.856257 0.0036825 -0.0140305 0.999895 47.8165 
0.999994 -0.00174622 -0.00297838 -0.339132 0.00178694 0.999904 0.0137238 -0.863151 0.00295413 -0.013729 0.999901 50.2221 
0.999996 -0.00218237 -0.00192681 -0.35228 0.00220565 0.999924 0.0121624 -0.871221 0.00190012 -0.0121666 0.999924 51.4237 
0.999994 -0.0030801 -0.00126529 -0.369725 0.0030949 0.999925 0.0118652 -0.878176 0.00122865 -0.0118691 0.999929 52.626 
0.999997 -0.00178492 -0.00165124 -0.355358 0.00180372 0.999933 0.0114573 -0.881273 0.00163068 -0.0114603 0.999933 53.8308 
0.993095 0.09013 0.0750978 -20.1674 -0.0940761 0.994269 0.0507734 -1.18989 -0.0700913 -0.0574877 0.995883 -24.6239 
0.993149 0.0914534 0.0727361 -20.0129 -0.0954096 0.994031 0.0529101 -1.11607 -0.0674632 -0.0594873 0.995947 -22.2144 
0.993214 0.0922577 0.0708084 -19.8671 -0.0961178 0.993948 0.0531897 -1.02982 -0.0654727 -0.0596347 0.996071 -19.8103 
0.993245 0.0928911 0.0695399 -19.6991 -0.0966048 0.993959 0.0520903 -0.935988 -0.064281 -0.0584563 0.996218 -17.4118 
0.993384 0.0918519 0.0689282 -19.6192 -0.0954653 0.994121 0.0510939 -0.89459 -0.0638298 -0.0573361 0.996312 -16.2129 
0.993482 0.0912106 0.0683612 -19.5405 -0.0948803 0.994103 0.0525026 -0.857143 -0.0631693 -0.0586466 0.996278 -15.0156 
0.993828 0.0886894 0.0666343 -19.4478 -0.09235 0.99426 0.0540204 -0.817341 -0.0614608 -0.0598407 0.996314 -13.818 
0.994062 0.0870778 0.0652567 -19.3634 -0.0905561 0.994513 0.0523843 -0.774143 -0.0603372 -0.0579826 0.996493 -12.6265 
0.993991 0.0876525 0.0655697 -19.3132 -0.0910807 0.994523 0.0512578 -0.730348 -0.0607177 -0.0569219 0.996531 -11.434 
0.99374 0.0911261 0.0646294 -19.1641 -0.0945356 0.994172 0.0518152 -0.647258 -0.0595311 -0.0576006 0.996563 -9.05295 
0.993657 0.0922331 0.0643377 -19.0906 -0.0956394 0.994055 0.0520381 -0.601298 -0.0591555 -0.0578612 0.99657 -7.86584 
0.993387 0.0934489 0.066712 -19.0369 -0.0970314 0.993888 0.0526421 -0.560402 -0.0613849 -0.0587671 0.996383 -6.68165 
0.993035 0.0936827 0.0714507 -18.9028 -0.097436 0.993935 0.0509831 -0.486082 -0.0662411 -0.0575899 0.99614 -4.31969 
0.992784 0.0927352 0.0760327 -18.7428 -0.0963368 0.994324 0.045148 -0.414571 -0.0714144 -0.052147 0.996083 -1.97402 
0.992683 0.0911611 0.0791863 -18.6609 -0.0951561 0.994293 0.0482275 -0.380805 -0.074338 -0.0554097 0.995693 -0.799268 
0.992401 0.0916181 0.0821336 -18.556 -0.0958558 0.994178 0.0492215 -0.343289 -0.0771458 -0.0567205 0.995405 0.368431 
0.991916 0.0924976 0.0868729 -18.489 -0.0968134 0.9942 0.0468455 -0.311994 -0.0820359 -0.0548773 0.995117 1.53222 
0.991833 0.0907502 0.0896221 -18.3842 -0.0949405 0.994526 0.043647 -0.279261 -0.0851705 -0.0517993 0.995019 2.69128 
0.991576 0.0902879 0.092876 -18.2891 -0.0943161 0.994741 0.0399288 -0.252517 -0.0887825 -0.0483521 0.994877 3.84605 
0.99129 0.0892632 0.096826 -18.2024 -0.0933614 0.994882 0.0386463 -0.231128 -0.0928808 -0.0473495 0.994551 5.00177 
0.991028 0.0881616 0.100459 -18.0941 -0.0925692 0.994899 0.0400836 -0.207083 -0.0964125 -0.0490233 0.994133 6.1559 
0.990284 0.0882779 0.107445 -17.853 -0.0927965 0.994967 0.0377989 -0.162743 -0.103567 -0.0474021 0.993492 8.44895 
0.98964 0.0877895 0.1136 -17.6209 -0.0922446 0.995136 0.0345645 -0.114865 -0.110013 -0.0446854 0.992925 10.7393 
0.98938 0.0864929 0.116818 -17.4975 -0.0911936 0.9952 0.0355034 -0.0977198 -0.113186 -0.0457794 0.992519 11.8871 
0.989174 0.0852015 0.119484 -17.3541 -0.0901655 0.995248 0.0367646 -0.0796398 -0.115784 -0.0471399 0.992155 13.0343 
0.988743 0.0858161 0.122568 -17.2314 -0.0911126 0.995105 0.0382719 -0.0565689 -0.118684 -0.0490086 0.991722 14.1843 
0.988609 0.0839472 0.124918 -17.0756 -0.0894362 0.995229 0.0389917 -0.0308544 -0.121049 -0.0497198 0.991401 15.3298 
0.988135 0.0857247 0.127439 -16.9203 -0.0909905 0.995198 0.0360788 0.00777662 -0.123734 -0.0472464 0.99119 16.4694 
0.987572 0.0867223 0.131073 -16.6764 -0.0913092 0.995389 0.0293891 0.0429652 -0.12792 -0.040992 0.990937 18.7717 
0.987447 0.0861904 0.132362 -16.5092 -0.0906978 0.995473 0.0283991 0.058199 -0.129316 -0.0400476 0.990794 19.9288 
0.987203 0.0879135 0.133046 -16.1931 -0.0927441 0.995221 0.0305449 0.0969823 -0.129725 -0.0424933 0.990639 22.2464 
0.987712 0.0871846 0.129707 -15.866 -0.0921947 0.99519 0.0331251 0.133032 -0.126195 -0.0446764 0.990999 24.5989 
0.988384 0.0873956 0.124335 -15.5963 -0.092253 0.99516 0.0338508 0.187204 -0.120775 -0.0449278 0.991663 26.9843 
0.989309 0.0881228 0.116195 -15.3186 -0.0927082 0.99509 0.0346571 0.227659 -0.11257 -0.0450589 0.992622 29.3713 
0.990157 0.0887279 0.108242 -15.0729 -0.0932272 0.994949 0.0372302 0.277135 -0.104392 -0.0469548 0.993427 31.7892 
0.990944 0.0899405 0.0996986 -14.8452 -0.0941822 0.994803 0.0386788 0.328925 -0.0957017 -0.0477184 0.994266 34.2127 
0.991729 0.0916722 0.0898314 -14.6472 -0.0955022 0.994653 0.0392996 0.37906 -0.0857484 -0.0475536 0.995181 36.6488 
0.992068 0.0951109 0.0821834 -14.499 -0.0985852 0.994352 0.0392969 0.44634 -0.0779817 -0.0470873 0.995842 39.0965 
0.992106 0.0977496 0.0785593 -14.2875 -0.101041 0.994115 0.0390665 0.512837 -0.0742782 -0.0466958 0.996144 41.5464 
0.991851 0.101151 0.0774558 -14.1364 -0.104467 0.993723 0.0400181 0.584827 -0.0729217 -0.0477835 0.996192 44.0234 
0.991419 0.106057 0.0764207 -13.9604 -0.109513 0.993074 0.0425463 0.643048 -0.0713791 -0.0505503 0.996168 46.5012 
0.991503 0.10596 0.0754646 -13.7709 -0.109568 0.992943 0.0453806 0.719377 -0.0701234 -0.0532635 0.996115 48.9929 
0.992025 0.103102 0.0725068 -13.5788 -0.106543 0.993275 0.0453043 0.788074 -0.0673483 -0.052668 0.996338 51.4894 
0.992703 0.0970223 0.071611 -13.4057 -0.100668 0.993704 0.0491825 0.860925 -0.0663883 -0.0560326 0.996219 54.0067 
0.993441 0.0899551 0.0705863 -13.2257 -0.0934861 0.994443 0.0484188 0.941301 -0.0658385 -0.0547001 0.99633 56.5251 
0.993847 0.0862217 0.0695233 -13.0229 -0.0896124 0.994857 0.0472187 1.02397 -0.0650945 -0.0531583 0.996462 59.0526 
0.993546 0.0882773 0.0712233 -12.8492 -0.0919053 0.994543 0.0493734 1.10826 -0.0664761 -0.0556006 0.996238 61.5933 
0.99326 0.0907541 0.0720968 -12.7731 -0.0945239 0.99423 0.0507152 1.14984 -0.0670782 -0.0571882 0.996107 62.8648 
0.993365 0.0898586 0.0717745 -12.6226 -0.0934025 0.994488 0.0476411 1.21611 -0.0670979 -0.0540289 0.996282 65.4048 
0.993678 0.0870298 0.0709279 -12.4628 -0.0900975 0.995078 0.0412602 1.28087 -0.0669879 -0.0473898 0.996628 67.9327 
0.993754 0.086064 0.0710362 -12.301 -0.0888412 0.995362 0.0369032 1.33719 -0.0675307 -0.0429837 0.996791 70.455 
0.993693 0.0867721 0.071028 -12.1177 -0.0895718 0.995285 0.0372238 1.40415 -0.067463 -0.0433512 0.99678 72.9777 
0.993735 0.0867346 0.0704809 -11.9554 -0.0896116 0.995223 0.0387325 1.45982 -0.0667848 -0.0448058 0.996761 75.4993 
0.993729 0.0869366 0.0703242 -11.8883 -0.0897786 0.995225 0.0383107 1.49057 -0.0666577 -0.0443841 0.996788 76.7609 
0.993981 0.0859441 0.0679355 -11.7165 -0.088791 0.995245 0.0400554 1.5472 -0.0641699 -0.0458464 0.996885 79.2804 
0.9939 0.0872833 0.0674144 -11.5902 -0.090072 0.995152 0.0394936 1.60458 -0.0636404 -0.0453248 0.996943 81.7973 
0.993875 0.0884551 0.0662503 -11.4553 -0.0911272 0.995096 0.0384556 1.65784 -0.0625238 -0.0442573 0.997062 84.3172 
0.994106 0.0879251 0.0634163 -11.2734 -0.0903611 0.995236 0.0366214 1.71474 -0.0598942 -0.0421359 0.997315 86.8363 
0.994146 0.0885417 0.0619223 -11.1172 -0.0910113 0.995114 0.0382635 1.77053 -0.0582319 -0.0436751 0.997347 89.3563 
0.99413 0.0890701 0.0614116 -11.0357 -0.0915341 0.995056 0.0385451 1.80415 -0.0576748 -0.0439401 0.997368 90.6169 
0.99403 0.0908288 0.0604558 -10.959 -0.0932884 0.994868 0.0391828 1.82427 -0.0565866 -0.0445887 0.997402 91.8801 
0.993996 0.0913151 0.0602752 -10.8997 -0.0937549 0.994832 0.0389665 1.86413 -0.0564055 -0.0443837 0.997421 93.1411 
0.994151 0.0913014 0.0576866 -10.7591 -0.0935768 0.994885 0.0380532 1.91337 -0.0539172 -0.0432288 0.997609 95.6647 
0.994411 0.0897577 0.0555945 -10.6087 -0.0919111 0.995062 0.0374659 1.96591 -0.0519571 -0.0423662 0.99775 98.1912 
0.994884 0.084804 0.0549078 -10.4816 -0.0868586 0.995564 0.0361774 2.01306 -0.0515962 -0.0407615 0.997836 100.71 
0.995128 0.0826406 0.0537679 -10.3293 -0.0850493 0.995397 0.0441644 2.07015 -0.0498707 -0.0485222 0.997576 103.23 
0.994876 0.085269 0.0543278 -10.2405 -0.0875098 0.995348 0.0402918 2.13917 -0.0506394 -0.0448396 0.99771 105.736 
0.994895 0.0852909 0.0539413 -10.1868 -0.0874169 0.995433 0.0383616 2.16973 -0.050423 -0.0428811 0.997807 106.984 
0.994979 0.0848311 0.053107 -10.1113 -0.0869386 0.995461 0.0387152 2.19442 -0.0495817 -0.0431378 0.997838 108.228 
0.995034 0.0842158 0.053063 -9.97409 -0.0864794 0.995372 0.0419106 2.24989 -0.0492879 -0.0462914 0.997711 110.714 
0.995001 0.0832805 0.0551142 -9.85054 -0.0856339 0.995449 0.04181 2.30592 -0.0513814 -0.0463206 0.997604 113.183 
0.995044 0.0811171 0.0575077 -9.73334 -0.0834171 0.99576 0.0387878 2.35085 -0.0541175 -0.0433927 0.997591 115.638 
0.994759 0.0819785 0.0611127 -9.61574 -0.0844373 0.995673 0.0387963 2.39429 -0.0576678 -0.0437531 0.997377 118.072 
0.994634 0.0826824 0.0621915 -9.43259 -0.0852966 0.995527 0.0406222 2.45155 -0.0585545 -0.0457089 0.997237 120.482 
0.994701 0.0810732 0.0632189 -9.3821 -0.0837428 0.995652 0.0407832 2.46405 -0.0596376 -0.0458613 0.997166 121.683 
0.994697 0.0800921 0.0645191 -9.34254 -0.0828376 0.995717 0.0410624 2.47982 -0.0609539 -0.0461893 0.997071 122.877 
0.994579 0.080243 0.0661271 -9.19828 -0.0830552 0.995704 0.040932 2.53351 -0.0625585 -0.0462024 0.996971 125.239 
0.994472 0.0794227 0.0686818 -9.07521 -0.0823508 0.995764 0.040903 2.58118 -0.0651422 -0.0463329 0.9968 127.563 
0.994552 0.0781335 0.0689988 -8.95808 -0.0812146 0.995767 0.043035 2.61563 -0.0653443 -0.0484043 0.996688 129.829 
0.994559 0.0782236 0.068798 -8.84186 -0.0812524 0.995792 0.042384 2.657 -0.0651931 -0.0477434 0.99673 132.034 
0.994618 0.0788686 0.0671899 -8.70351 -0.0817845 0.995773 0.0418092 2.69701 -0.0636085 -0.0470793 0.996864 134.185 
0.994918 0.0778303 0.0638851 -8.5459 -0.0806354 0.995834 0.0425686 2.75276 -0.0603059 -0.0475036 0.997049 136.28 
0.995141 0.0765577 0.06191 -8.48658 -0.0793821 0.995849 0.0445247 2.77269 -0.0582443 -0.0492229 0.997088 137.316 
0.995122 0.0779244 0.0604905 -8.44522 -0.0807719 0.995664 0.0461467 2.79612 -0.0566322 -0.0508075 0.997101 138.336 
0.995432 0.0780096 0.055049 -8.34878 -0.0805935 0.995667 0.0463905 2.83776 -0.0511916 -0.0506152 0.997405 140.322 
0.995632 0.079074 0.0496399 -8.28178 -0.0814441 0.995536 0.0476913 2.878 -0.0456472 -0.0515259 0.997628 142.23 
0.995878 0.0792487 0.0441153 -8.22483 -0.0813204 0.995563 0.047335 2.92141 -0.0401683 -0.0507273 0.997904 144.047 
0.995991 0.0809576 0.0380497 -8.16807 -0.0827104 0.995465 0.0470021 2.96627 -0.0340719 -0.0499608 0.99817 145.773 
0.995992 0.0836455 0.0316872 -8.09906 -0.0850716 0.99528 0.0467036 3.00936 -0.0276311 -0.0492121 0.998406 147.415 
0.996059 0.0830462 0.031156 -8.06743 -0.0844916 0.99525 0.0483646 3.04487 -0.0269915 -0.0508064 0.998344 148.986 
0.996035 0.0833015 0.0312246 -8.01617 -0.0847495 0.995229 0.0483399 3.08399 -0.0270488 -0.0507945 0.998343 150.486 
0.995917 0.0843004 0.0322997 -7.98616 -0.0856782 0.995353 0.0439556 3.1251 -0.0284442 -0.0465435 0.998511 151.944 
0.995679 0.0859509 0.0351408 -7.94805 -0.0873988 0.995288 0.0419827 3.15598 -0.0313668 -0.0448726 0.9985 153.387 
0.995573 0.0854888 0.0390605 -7.91379 -0.0871064 0.995323 0.041778 3.17967 -0.0353062 -0.0449955 0.998363 154.819 
0.995414 0.0854851 0.0429368 -7.85763 -0.0872562 0.995333 0.0412207 3.20591 -0.0392126 -0.0447781 0.998227 156.236 
0.995253 0.0841979 0.0488004 -7.79285 -0.0862581 0.995397 0.0417696 3.23858 -0.0450588 -0.0457808 0.997935 157.638 
0.995131 0.0823491 0.0541498 -7.7172 -0.0846594 0.995531 0.0418508 3.26667 -0.0504615 -0.0462313 0.997655 159.023 
0.994891 0.081472 0.0596243 -7.63649 -0.0839702 0.995638 0.0406636 3.30255 -0.0560513 -0.0454625 0.997392 160.394 
0.994635 0.0825208 0.0623869 -7.5952 -0.085086 0.995585 0.0396393 3.31735 -0.0588404 -0.0447349 0.997265 161.082 
0.99427 0.0823362 0.0681804 -7.51026 -0.0851525 0.995585 0.0394805 3.35124 -0.0646287 -0.04506 0.996892 162.47 
0.993887 0.0825653 0.0732926 -7.41417 -0.085622 0.995541 0.0395867 3.38085 -0.0696973 -0.0456202 0.996525 163.873 
0.993616 0.0834208 0.0759479 -7.36945 -0.0864933 0.995524 0.0381018 3.39222 -0.0724295 -0.0444276 0.996384 164.576 
0.993491 0.0838602 0.0770907 -7.31699 -0.0868061 0.995586 0.0356858 3.40622 -0.0737577 -0.0421455 0.996385 165.282 
0.993498 0.082976 0.077948 -7.26538 -0.0858288 0.99573 0.0339852 3.42052 -0.0747953 -0.0404545 0.996378 165.995 
0.993466 0.0833179 0.077995 -7.21145 -0.0861414 0.995718 0.0335601 3.43385 -0.0748649 -0.0400594 0.996389 166.714 
0.993338 0.0839256 0.0789743 -7.17479 -0.0867235 0.995696 0.0326849 3.4496 -0.0758913 -0.0393161 0.996341 167.441 
0.993008 0.0865338 0.080293 -7.09215 -0.0893258 0.995493 0.0318521 3.47723 -0.0771749 -0.0388017 0.996262 168.919 
0.993112 0.0857144 0.079891 -7.02767 -0.0883303 0.995645 0.0297993 3.4925 -0.0769889 -0.0366509 0.996358 169.66 
0.9937 0.0786093 0.0798823 -6.89935 -0.081004 0.996343 0.0271883 3.5081 -0.0774529 -0.0334878 0.996433 171.17 
0.993477 0.0804273 0.0808396 -6.83934 -0.0831629 0.996052 0.0310573 3.52564 -0.0780226 -0.0375775 0.996243 171.941 
0.993394 0.0799275 0.0823424 -6.7423 -0.0834908 0.995674 0.0407755 3.54572 -0.0787271 -0.0473809 0.99577 173.506 
0.992969 0.0801886 0.0870809 -6.58877 -0.0832648 0.996004 0.0322826 3.58109 -0.0841442 -0.0393064 0.995678 175.089 
0.991921 0.0847472 0.0943955 -6.45644 -0.0877633 0.99574 0.0282642 3.62007 -0.0915981 -0.0363203 0.995133 176.708 
0.991666 0.0799838 0.101003 -6.28022 -0.0837339 0.995927 0.0334454 3.64636 -0.097917 -0.041624 0.994324 178.357 
0.99127 0.077009 0.10702 -6.11568 -0.0811646 0.996085 0.0350259 3.67559 -0.103904 -0.0434064 0.99364 180.027 
0.990598 0.080003 0.110976 -5.93256 -0.0838489 0.996014 0.030425 3.70331 -0.1081 -0.0394442 0.993357 181.689 
0.989648 0.0824614 0.11746 -5.77352 -0.0867632 0.995715 0.031985 3.72885 -0.114319 -0.0418451 0.992562 183.355 
0.988889 0.0833967 0.123061 -5.61211 -0.0880877 0.99556 0.0331751 3.74673 -0.119748 -0.0436466 0.991844 185.026 
0.988663 0.0795167 0.127366 -5.40328 -0.0842198 0.995934 0.0319682 3.76951 -0.124306 -0.0423325 0.991341 186.708 
0.988465 0.0766444 0.130622 -5.1803 -0.0815356 0.99614 0.0325102 3.79522 -0.127626 -0.0427855 0.990899 188.388 
0.988333 0.0760481 0.131966 -4.98523 -0.0810044 0.996181 0.0325965 3.81765 -0.128983 -0.042906 0.990718 190.08 
0.988493 0.075746 0.130933 -4.7724 -0.0807665 0.996171 0.0334609 3.85022 -0.127898 -0.0436509 0.990826 191.777 
0.988824 0.0763639 0.128047 -4.56583 -0.0810684 0.996197 0.031932 3.87958 -0.125122 -0.0419557 0.991254 193.476 
0.989123 0.0761583 0.12584 -4.45067 -0.0806509 0.99626 0.0309929 3.90096 -0.123009 -0.040805 0.991566 194.323 
0.989469 0.0775048 0.122246 -4.26361 -0.0818324 0.996171 0.0307792 3.91943 -0.119393 -0.0404588 0.992022 196.023 
0.990152 0.0761631 0.117468 -4.09107 -0.0805884 0.996188 0.0333872 3.93669 -0.114477 -0.042525 0.992515 197.708 
0.990876 0.0769132 0.110674 -3.92501 -0.08155 0.995945 0.0379914 3.96531 -0.107303 -0.0466703 0.99313 199.38 
0.992114 0.0750971 0.100349 -3.73899 -0.0794925 0.996011 0.0405396 4.00378 -0.0969044 -0.0481969 0.994126 201.018 
0.993017 0.0739904 0.0918832 -3.6149 -0.0780735 0.996077 0.0416636 4.04296 -0.08844 -0.0485463 0.994898 202.628 
0.99378 0.0741206 0.0831127 -3.48245 -0.0777768 0.996101 0.041647 4.07831 -0.0797017 -0.0478522 0.99567 204.171 
0.99467 0.0715375 0.0742505 -3.32526 -0.074765 0.996332 0.041636 4.1291 -0.0709996 -0.0469655 0.99637 205.632 
0.9954 0.071598 0.0636589 -3.23408 -0.0742575 0.996419 0.0404394 4.14639 -0.0605355 -0.0449805 0.997152 207.04 
0.99618 0.0731007 0.0477611 -3.15437 -0.0749478 0.996459 0.0380977 4.16627 -0.044807 -0.0415318 0.998132 208.354 
0.997143 0.0715865 0.0241192 -3.13859 -0.0724792 0.996629 0.0384281 4.19252 -0.021287 -0.0400664 0.99897 209.618 
0.997031 0.0760645 -0.0119384 -3.16281 -0.0754979 0.996247 0.0423228 4.22509 0.0151128 -0.0412958 0.999033 210.835 
0.994985 0.0803972 -0.05951 -3.25275 -0.0777373 0.995924 0.0457419 4.25511 0.0629449 -0.0408863 0.997179 211.991 
0.984663 0.0825709 -0.153692 -3.44395 -0.074745 0.995627 0.0560289 4.3046 0.157646 -0.0436819 0.986529 213.636 
0.959712 0.086222 -0.267428 -3.84308 -0.0697096 0.995062 0.0706549 4.37105 0.2722 -0.0491661 0.960984 215.139 
0.933204 0.0862622 -0.348841 -4.21367 -0.0622048 0.994883 0.0796095 4.42291 0.353923 -0.0525923 0.933795 216.05 
0.897285 0.0855451 -0.433083 -4.69348 -0.0527418 0.994792 0.0872236 4.47174 0.438289 -0.0554229 0.897124 216.881 
0.849206 0.0844955 -0.521258 -5.23508 -0.0410019 0.994686 0.0944397 4.55103 0.526467 -0.0588262 0.848158 217.686 
0.789223 0.085085 -0.608184 -5.87276 -0.0312076 0.994633 0.0986521 4.63954 0.613313 -0.0588786 0.787642 218.353 
0.713669 0.0828046 -0.695571 -6.5257 -0.0109911 0.99419 0.107077 4.71993 0.700397 -0.0687722 0.710433 218.983 
0.621774 0.087139 -0.778334 -7.25885 0.00220304 0.993593 0.112998 4.82232 0.783193 -0.0719742 0.617598 219.47 
0.517658 0.0979092 -0.849967 -8.04602 0.00611153 0.992982 0.118106 4.90436 0.855566 -0.0663329 0.513427 219.879 
0.406931 0.101032 -0.907854 -8.83001 0.0209323 0.992572 0.119842 5.00526 0.913219 -0.067771 0.401794 220.14 
0.291614 0.107791 -0.950443 -9.62464 0.0391385 0.991454 0.12445 5.06623 0.955735 -0.0734904 0.284903 220.357 
0.166797 0.115021 -0.979259 -10.4692 0.0534751 0.990655 0.125468 5.15188 0.98454 -0.0732938 0.159088 220.45 
0.0259054 0.12771 -0.991473 -11.3192 0.0748645 0.988773 0.129318 5.22988 0.996857 -0.0775762 0.0160536 220.596 
-0.108313 0.141999 -0.983923 -12.2382 0.0930737 0.986847 0.132175 5.31474 0.98975 -0.077261 -0.120105 220.463 
-0.236498 0.151756 -0.959708 -13.1694 0.108889 0.985645 0.129024 5.41628 0.965511 -0.0739882 -0.249627 220.136 
-0.35786 0.154747 -0.920864 -14.0906 0.123616 0.985344 0.117544 5.52497 0.925557 -0.0717691 -0.371744 219.711 
-0.465548 0.158078 -0.870791 -15.0094 0.134561 0.985123 0.106894 5.57064 0.874734 -0.0674099 -0.479893 219.124 
-0.553579 0.158524 -0.81757 -15.9061 0.139016 0.985532 0.0969623 5.65133 0.821112 -0.0599793 -0.567607 218.423 
-0.590723 0.161856 -0.790474 -16.3719 0.144061 0.98509 0.0940481 5.6913 0.79391 -0.0583202 -0.605233 217.995 
-0.629187 0.168732 -0.758718 -16.8516 0.153939 0.983868 0.0911453 5.74487 0.761858 -0.0594486 -0.645011 217.582 
-0.66966 0.175883 -0.72154 -17.3949 0.163165 0.982657 0.0881005 5.78681 0.724522 -0.0587324 -0.686745 217.17 
-0.703285 0.178147 -0.688225 -17.8344 0.16763 0.982351 0.0829829 5.82969 0.690862 -0.0570064 -0.720736 216.65 
-0.735104 0.174936 -0.654996 -18.2911 0.167783 0.983024 0.0742419 5.86876 0.656865 -0.0553216 -0.751976 216.086 
-0.760792 0.169477 -0.626476 -18.6231 0.165688 0.984034 0.0649933 5.87227 0.627489 -0.0543532 -0.776726 215.451 
-0.78826 0.16377 -0.593149 -19.0585 0.16333 0.985042 0.0549159 5.90373 0.59327 -0.0535909 -0.803218 214.843 
-0.834742 0.160581 -0.526707 -19.849 0.16332 0.985692 0.0416811 5.94137 0.525864 -0.0512287 -0.849024 213.486 
-0.875418 0.157452 -0.457004 -20.6021 0.161904 0.98636 0.0296957 5.97697 0.455446 -0.0479946 -0.888969 211.957 
-0.89353 0.160192 -0.419456 -20.9558 0.16504 0.985971 0.0249754 5.99244 0.417572 -0.0469109 -0.907432 211.138 
-0.909778 0.164734 -0.381008 -21.3205 0.169907 0.985251 0.0202815 5.99965 0.37873 -0.0462843 -0.924349 210.318 
-0.92357 0.167874 -0.344728 -21.5885 0.172368 0.984872 0.017811 6.00217 0.342503 -0.0429705 -0.938534 209.439 
-0.946684 0.170094 -0.273602 -22.136 0.174189 0.984667 0.00944315 6.0005 0.271013 -0.0387187 -0.961797 207.572 
-0.963573 0.168925 -0.207344 -22.5876 0.173908 0.984744 -0.00591302 5.99634 0.203182 -0.0417564 -0.97825 205.602 
-0.978772 0.16848 -0.116703 -23.0638 0.171865 0.984927 -0.0195033 5.94774 0.111658 -0.0391464 -0.992975 202.441 
-0.98425 0.164038 -0.065912 -23.2389 0.165962 0.98582 -0.02483 5.87163 0.0609043 -0.0353778 -0.997516 200.189 
-0.986726 0.160883 -0.0220825 -23.2945 0.161506 0.986412 -0.0301117 5.77715 0.016938 -0.0332785 -0.999303 197.849 
-0.9882 0.152988 0.00740125 -23.328 0.152618 0.987596 -0.0368942 5.68135 -0.0129538 -0.0353293 -0.999292 195.449 
-0.989001 0.146687 0.0189899 -23.2403 0.145965 0.98867 -0.0350065 5.5509 -0.0239097 -0.0318496 -0.999207 192.981 
-0.989976 0.140245 0.016699 -23.1604 0.139551 0.989514 -0.0372527 5.42905 -0.0217483 -0.0345489 -0.999166 190.46 
-0.990086 0.139904 0.0124738 -23.1247 0.139397 0.989618 -0.0350001 5.30751 -0.017241 -0.0329143 -0.999309 187.856 
-0.990777 0.135471 0.00296851 -23.0945 0.135312 0.990303 -0.03148 5.19874 -0.00720436 -0.030788 -0.9995 185.242 
-0.990716 0.135789 -0.00664128 -23.1138 0.135919 0.990363 -0.0265756 5.0846 0.00296861 -0.0272316 -0.999625 182.605 
-0.990765 0.134486 -0.0172557 -23.1267 0.134907 0.990515 -0.0260956 4.97217 0.0135825 -0.0281825 -0.999511 179.94 
-0.990772 0.133667 -0.0224705 -23.1715 0.134244 0.990594 -0.0264966 4.93185 0.0187174 -0.0292686 -0.999396 178.601 
-0.990618 0.13384 -0.0276033 -23.2091 0.134569 0.99055 -0.026504 4.87923 0.0237951 -0.0299699 -0.999268 177.262 
-0.990625 0.132661 -0.0326199 -23.2465 0.133443 0.990787 -0.0230919 4.81363 0.029256 -0.0272283 -0.999201 175.92 
-0.990243 0.133144 -0.0411195 -23.3667 0.134023 0.990788 -0.019398 4.71258 0.038158 -0.0247197 -0.998966 173.228 
-0.989901 0.133466 -0.0477855 -23.4786 0.134533 0.990711 -0.0198262 4.60992 0.0446954 -0.0260547 -0.998661 170.525 
-0.989715 0.133032 -0.0526005 -23.6243 0.134462 0.990613 -0.0246256 4.50269 0.0488308 -0.031445 -0.998312 167.818 
-0.989425 0.133708 -0.056221 -23.7654 0.135027 0.990633 -0.0203241 4.39441 0.0529769 -0.0277005 -0.998211 165.098 
-0.989196 0.135089 -0.0569403 -23.9046 0.136383 0.990465 -0.0194684 4.29311 0.0537674 -0.0270237 -0.998188 162.353 
-0.989177 0.135191 -0.057022 -23.9811 0.136491 0.990449 -0.019537 4.24237 0.0538361 -0.0271086 -0.998182 160.972 
-0.98869 0.13912 -0.0560219 -24.1156 0.140575 0.989805 -0.0229074 4.13139 0.0522638 -0.0305236 -0.998167 158.225 
-0.988511 0.141157 -0.0540364 -24.2506 0.142373 0.989624 -0.0193314 4.02463 0.0507469 -0.0268027 -0.998352 155.448 
-0.989034 0.138156 -0.0522012 -24.3896 0.139257 0.990092 -0.0180542 3.93076 0.0491897 -0.0251256 -0.998473 152.654 
-0.989536 0.134673 -0.0517938 -24.5168 0.135806 0.990553 -0.0190079 3.83381 0.0487446 -0.0258429 -0.998477 149.85 
-0.989355 0.135838 -0.0521897 -24.631 0.137142 0.990301 -0.0222601 3.72861 0.0486597 -0.0291806 -0.998389 147.04 
-0.989361 0.135854 -0.0520413 -24.7712 0.137078 0.990344 -0.0207061 3.61623 0.0487257 -0.0276196 -0.99843 144.218 
-0.98958 0.134484 -0.0514342 -24.905 0.135593 0.990588 -0.0186857 3.50254 0.0484372 -0.025465 -0.998502 141.376 
-0.989608 0.134367 -0.0512075 -25.0483 0.135549 0.990562 -0.0203332 3.39686 0.0479921 -0.027063 -0.998481 138.521 
-0.989387 0.136124 -0.0508266 -25.199 0.137189 0.99038 -0.0180829 3.29278 0.0478762 -0.0248638 -0.998544 135.648 
-0.989144 0.137897 -0.0507843 -25.2693 0.13901 0.990107 -0.0190634 3.24873 0.0476531 -0.025916 -0.998528 134.209 
-0.989038 0.138576 -0.0510018 -25.3276 0.139819 0.98994 -0.0216621 3.1951 0.0474869 -0.0285556 -0.998464 132.772 
-0.989039 0.138615 -0.050876 -25.3949 0.139843 0.989942 -0.0214101 3.14192 0.0473965 -0.0282901 -0.998475 131.327 
-0.989163 0.137825 -0.0505958 -25.524 0.139105 0.990017 -0.0227032 3.02026 0.0469616 -0.0294953 -0.998461 128.425 
-0.989433 0.135968 -0.0503397 -25.6614 0.137076 0.990374 -0.0192278 2.90339 0.0472407 -0.025925 -0.998547 125.507 
-0.98908 0.138594 -0.0501181 -25.7809 0.139738 0.989985 -0.0200724 2.81327 0.0468342 -0.0268566 -0.998542 122.607 
-0.988954 0.139376 -0.0504344 -25.9185 0.140443 0.98992 -0.0182562 2.69767 0.0473816 -0.0251377 -0.998561 119.683 
-0.988888 0.139351 -0.0517893 -25.9595 0.140304 0.989991 -0.0152312 2.63298 0.0491484 -0.0223282 -0.998542 118.22 
-0.989162 0.137368 -0.0518503 -26.0555 0.13831 0.990275 -0.0150293 2.58241 0.0492815 -0.0220379 -0.998542 116.763 
-0.989344 0.135412 -0.0535048 -26.1163 0.136374 0.990548 -0.0147464 2.52185 0.0510022 -0.021886 -0.998459 115.305 
-0.989405 0.134301 -0.0551358 -26.2587 0.135295 0.990697 -0.0146832 2.40868 0.0526509 -0.0219872 -0.998371 112.403 
-0.989255 0.134439 -0.0574551 -26.3932 0.135535 0.99065 -0.0155927 2.30225 0.0548216 -0.0232123 -0.998226 109.506 
-0.9896 0.131195 -0.0589902 -26.5378 0.132325 0.991083 -0.0156522 2.20037 0.0564107 -0.0232953 -0.998136 106.672 
-0.989348 0.132975 -0.0592289 -26.6343 0.134077 0.990857 -0.0150237 2.15511 0.0566896 -0.0228049 -0.998131 105.233 
-0.989613 0.130375 -0.0605755 -26.7062 0.131378 0.991249 -0.0128541 2.09803 0.0583696 -0.0206789 -0.998081 103.798 
-0.989413 0.131056 -0.0623379 -26.7861 0.132062 0.991165 -0.0122959 2.05091 0.0601757 -0.0203983 -0.997979 102.363 
-0.989316 0.130742 -0.0645043 -26.8675 0.131862 0.991177 -0.0134169 2.00337 0.062181 -0.0217793 -0.997827 100.935 
-0.988919 0.1324 -0.0671561 -27.0811 0.133523 0.990967 -0.0125076 1.9195 0.0648935 -0.0213359 -0.997664 98.1021 
-0.988424 0.133741 -0.0716281 -27.2878 0.134901 0.990791 -0.0115815 1.84649 0.0694196 -0.0211101 -0.997364 95.2909 
-0.988054 0.134364 -0.0754643 -27.4928 0.135483 0.99073 -0.00988596 1.75652 0.0734364 -0.019992 -0.997099 92.5339 
-0.987739 0.134126 -0.0798897 -27.6969 0.135089 0.990811 -0.00674363 1.66442 0.078251 -0.0174531 -0.996781 89.8388 
-0.987712 0.132948 -0.0821554 -27.7904 0.133984 0.990957 -0.00719715 1.62727 0.0804556 -0.0181162 -0.996594 88.5226 
-0.987467 0.133988 -0.0834086 -27.9078 0.135006 0.990822 -0.00666091 1.58955 0.0817506 -0.0178381 -0.996493 87.2233 
-0.987381 0.133807 -0.0847005 -28.1294 0.134623 0.990889 -0.00397733 1.50617 0.0833966 -0.0153298 -0.996399 84.6938 
-0.987396 0.13454 -0.0833507 -28.3769 0.135571 0.990744 -0.006806 1.45052 0.0816635 -0.0180201 -0.996497 82.2652 
-0.987273 0.136574 -0.081478 -28.6123 0.137575 0.990468 -0.00676764 1.35702 0.0797771 -0.0178908 -0.996652 79.9381 
-0.98746 0.135836 -0.0804463 -28.7839 0.136604 0.990617 -0.00409434 1.28306 0.0791354 -0.0150323 -0.996751 77.7157 
-0.987848 0.133852 -0.0789961 -28.9685 0.134606 0.99089 -0.00427508 1.20797 0.0777042 -0.0148565 -0.996866 75.6165 
-0.987798 0.134442 -0.0786103 -29.1284 0.135384 0.99077 -0.00675527 1.14311 0.0769766 -0.0173154 -0.996883 73.5919 
-0.987817 0.134728 -0.0778899 -29.2559 0.135588 0.990748 -0.00583534 1.08884 0.0763831 -0.0163252 -0.996945 71.6733 
-0.987974 0.133721 -0.0776229 -29.3737 0.134509 0.9909 -0.00498933 1.02755 0.0762493 -0.0153703 -0.99697 69.8572 
-0.988219 0.132557 -0.0765022 -29.4823 0.133347 0.991055 -0.00529474 0.954789 0.075116 -0.0154337 -0.997055 68.124 
-0.987646 0.137022 -0.07603 -29.6156 0.138153 0.990362 -0.00980567 0.892909 0.0739536 -0.0201883 -0.997057 66.4528 
-0.987919 0.134777 -0.0764881 -29.7138 0.13595 0.990662 -0.0103243 0.840013 0.0743824 -0.0205981 -0.997017 64.8491 
-0.987383 0.138827 -0.0761732 -29.865 0.1402 0.990038 -0.0129601 0.747972 0.0736152 -0.0234761 -0.99701 62.587 
-0.987185 0.139758 -0.0770282 -29.974 0.141029 0.989941 -0.0112853 0.688089 0.0746762 -0.0220039 -0.996965 61.1028 
-0.98665 0.143461 -0.0770786 -30.216 0.14492 0.989349 -0.0136543 0.615185 0.0742988 -0.0246422 -0.996932 58.9628 
-0.986343 0.14451 -0.0790199 -30.4392 0.146503 0.989008 -0.0199983 0.552872 0.0752613 -0.0313018 -0.996672 56.8715 
-0.986069 0.144011 -0.0832343 -30.5634 0.146086 0.989082 -0.0193606 0.442804 0.0795375 -0.0312503 -0.996342 54.0935 
-0.987563 0.132734 -0.0842665 -30.6988 0.135013 0.990601 -0.0219164 0.39234 0.0805655 -0.0330209 -0.996202 52.7369 
-0.987413 0.133653 -0.0845721 -30.8222 0.136915 0.989999 -0.0339957 0.338295 0.0791827 -0.0451469 -0.995837 51.3769 
-0.98862 0.12578 -0.0825269 -30.906 0.128659 0.991219 -0.0305258 0.224483 0.0779626 -0.0407962 -0.996121 49.295 
-0.989025 0.125194 -0.0784547 -30.9972 0.127664 0.991442 -0.0272813 0.152417 0.0743678 -0.0369978 -0.996544 47.8269 
-0.989623 0.124296 -0.0720842 -31.1054 0.126767 0.991455 -0.0307637 0.0954415 0.0676445 -0.0395824 -0.996924 46.3178 
-0.990633 0.119632 -0.0658371 -31.1742 0.121651 0.99219 -0.0275611 0.0179213 0.0620257 -0.0353121 -0.99745 44.7379 
-0.99086 0.122016 -0.0575162 -31.3121 0.12341 0.992127 -0.0213213 -0.0201774 0.0544618 -0.0282244 -0.998117 43.0913 
-0.991045 0.123662 -0.0503841 -31.4036 0.124943 0.991895 -0.023119 -0.0728662 0.0471168 -0.0292071 -0.998462 41.3796 
-0.990984 0.127034 -0.0425892 -31.4879 0.128271 0.991353 -0.0276813 -0.128614 0.0387045 -0.0328947 -0.998709 39.601 
-0.990979 0.129291 -0.0352836 -31.5457 0.130236 0.991144 -0.0259278 -0.20138 0.0316189 -0.030289 -0.999041 37.7379 
-0.990772 0.132903 -0.026611 -31.5937 0.133566 0.990726 -0.024924 -0.279394 0.0230518 -0.0282483 -0.999335 35.8138 
-0.990559 0.135809 -0.018691 -31.6191 0.136347 0.990164 -0.0313771 -0.355888 0.0142458 -0.0336293 -0.999333 33.8297 
-0.990515 0.136894 -0.0118722 -31.6587 0.137219 0.989982 -0.033273 -0.441895 0.00719839 -0.0345865 -0.999376 31.7766 
-0.990429 0.137696 -0.00945348 -31.6742 0.137941 0.98986 -0.0339142 -0.496828 0.00468775 -0.0348937 -0.99938 30.7197 
-0.990826 0.134784 -0.00984937 -31.6638 0.135071 0.990045 -0.0395829 -0.604744 0.00441617 -0.0405502 -0.999168 28.5662 
-0.990426 0.13767 -0.010143 -31.6911 0.137962 0.989686 -0.0385886 -0.712037 0.00472595 -0.0396185 -0.999204 26.3387 
-0.990254 0.138935 -0.00969243 -31.7152 0.13917 0.989796 -0.0305998 -0.817176 0.00534214 -0.0316505 -0.999485 24.0223 
-0.990455 0.137492 -0.00968806 -31.7549 0.137739 0.989926 -0.0327715 -0.850457 0.00508465 -0.0337931 -0.999416 22.8492 
-0.990667 0.135913 -0.0103747 -31.7771 0.13619 0.990107 -0.0337845 -0.952146 0.00568033 -0.0348821 -0.999375 20.4469 
-0.990815 0.134676 -0.0121439 -31.8043 0.135028 0.990207 -0.0354539 -1.05598 0.00725016 -0.036768 -0.999298 17.9805 
-0.991044 0.132681 -0.0150717 -31.8361 0.13309 0.990635 -0.0304956 -1.15711 0.0108844 -0.0322283 -0.999421 15.4492 
-0.991637 0.127354 -0.0208987 -31.8867 0.127959 0.991304 -0.0307054 -1.26201 0.0168065 -0.0331228 -0.99931 12.8568 
-0.991654 0.125962 -0.0274988 -31.95 0.127026 0.991044 -0.0411749 -1.37243 0.0220661 -0.0443243 -0.998773 10.2173 
-0.991555 0.126102 -0.0302845 -31.9913 0.127342 0.990916 -0.0432371 -1.43915 0.0245571 -0.0467285 -0.998606 8.87406 
-0.991291 0.127407 -0.0333178 -32.0049 0.12858 0.991053 -0.0358041 -1.50669 0.028458 -0.0397763 -0.998803 7.50289 
-0.991154 0.127567 -0.0366002 -32.1289 0.128657 0.99126 -0.0291567 -1.59968 0.0325609 -0.0336077 -0.998905 4.7385 
-0.991007 0.127125 -0.0417708 -32.2634 0.128479 0.991212 -0.0315038 -1.68121 0.0373988 -0.0365871 -0.99863 1.90177 
-0.990398 0.13075 -0.0449122 -32.4001 0.132196 0.990742 -0.0308834 -1.79464 0.0404584 -0.0365241 -0.998513 -1.01296 
-0.990028 0.132362 -0.0482248 -32.5507 0.133741 0.99066 -0.0265761 -1.91369 0.0442567 -0.0327607 -0.998483 -3.94932 
-0.989987 0.131769 -0.0506284 -32.5852 0.133044 0.990851 -0.0226797 -1.99083 0.0471767 -0.0291884 -0.99846 -5.42362 
-0.989865 0.131598 -0.0533822 -32.7212 0.13273 0.990984 -0.0182391 -2.1163 0.0505007 -0.0251397 -0.998408 -8.35388 
-0.989844 0.130284 -0.0568833 -32.8541 0.131597 0.991102 -0.0199705 -2.23743 0.0537754 -0.0272533 -0.998181 -11.2878 
-0.989912 0.128803 -0.0590324 -32.9856 0.130092 0.991329 -0.0185242 -2.35374 0.0561346 -0.026017 -0.998084 -14.2184 
-0.989798 0.128411 -0.0617273 -33.1254 0.129954 0.991284 -0.0216546 -2.46179 0.0584086 -0.0294554 -0.997858 -17.142 
-0.989684 0.129108 -0.0621097 -33.202 0.130586 0.991229 -0.0203329 -2.52276 0.0589398 -0.0282338 -0.997862 -18.609 
-0.989574 0.130273 -0.0614222 -33.3801 0.131347 0.991241 -0.0137567 -2.63127 0.0590921 -0.0216809 -0.998017 -21.5373 
-0.989857 0.12835 -0.060902 -33.5349 0.129655 0.991396 -0.0179756 -2.72806 0.0580709 -0.0256895 -0.997982 -24.444 
-0.990003 0.127984 -0.0592775 -33.705 0.129481 0.991335 -0.0221286 -2.84135 0.0559318 -0.0295827 -0.997996 -27.3553 
-0.99004 0.128365 -0.0578253 -33.838 0.129596 0.991403 -0.0180502 -2.96583 0.0550111 -0.0253643 -0.998164 -30.2548 
-0.990167 0.127555 -0.0574409 -33.9077 0.128591 0.991589 -0.0146963 -3.02392 0.0550832 -0.0219382 -0.998241 -31.7032 
-0.990113 0.128355 -0.0565864 -33.99 0.129397 0.991477 -0.0151394 -3.06914 0.0541609 -0.0223119 -0.998283 -33.1438 
-0.990024 0.128676 -0.0574006 -34.1354 0.130118 0.991252 -0.0221268 -3.19002 0.0540512 -0.0293749 -0.998106 -36 
-0.989642 0.131559 -0.0574572 -34.2971 0.132827 0.99096 -0.0188284 -3.29945 0.0544608 -0.0262653 -0.99817 -38.8689 
-0.989689 0.130985 -0.0579586 -34.4629 0.132274 0.991032 -0.0189758 -3.41658 0.0549533 -0.0264466 -0.998139 -41.7191 
-0.989873 0.12941 -0.05834 -34.5402 0.130737 0.991225 -0.01952 -3.47226 0.055302 -0.0269495 -0.998106 -43.143 
-0.989681 0.130487 -0.0592082 -34.6901 0.131935 0.991031 -0.0212181 -3.59147 0.0559085 -0.0288107 -0.99802 -45.9791 
-0.989133 0.134199 -0.060062 -34.8482 0.135611 0.990559 -0.0200787 -3.69917 0.0568004 -0.0280056 -0.997993 -48.8105 
-0.989252 0.13308 -0.0605846 -35.0224 0.134535 0.990695 -0.0205814 -3.79839 0.0572819 -0.028511 -0.997951 -51.6314 
-0.989601 0.130301 -0.06092 -35.1946 0.131742 0.991077 -0.0202627 -3.9146 0.0577362 -0.0280778 -0.997937 -54.4386 
-0.989551 0.131274 -0.0596232 -35.3868 0.132615 0.990984 -0.0190964 -4.02198 0.0565788 -0.0268038 -0.998038 -57.2066 
-0.989465 0.131817 -0.0598545 -35.474 0.133142 0.990921 -0.0187015 -4.08116 0.0568459 -0.0264736 -0.998032 -58.5897 
-0.989288 0.133066 -0.0600183 -35.6439 0.134297 0.990796 -0.0169402 -4.19826 0.0572117 -0.024819 -0.998054 -61.3675 
-0.98973 0.12889 -0.0618271 -35.7963 0.130556 0.991158 -0.0236841 -4.30901 0.0582278 -0.0315127 -0.997806 -64.112 
-0.990757 0.120749 -0.0618039 -35.9396 0.122358 0.992221 -0.022933 -4.43246 0.058554 -0.0302832 -0.997825 -66.8326 
-0.990672 0.121937 -0.060827 -36.126 0.123289 0.99219 -0.0189623 -4.53125 0.0580397 -0.0262847 -0.997968 -69.5598 
-0.989425 0.132553 -0.0588936 -36.3317 0.133671 0.990905 -0.015444 -4.61827 0.0563108 -0.023153 -0.998145 -72.2741 
-0.989039 0.13546 -0.0587606 -36.4062 0.136631 0.990487 -0.0163802 -4.6632 0.0559827 -0.0242292 -0.998138 -73.6347 
-0.988967 0.135613 -0.0596083 -36.4634 0.136946 0.990399 -0.0188657 -4.71294 0.0564775 -0.0268207 -0.998044 -74.9955 
-0.989265 0.132952 -0.0606517 -36.598 0.134467 0.990682 -0.0216102 -4.82237 0.0572134 -0.0295339 -0.997925 -77.7176 
-0.989463 0.131452 -0.0606929 -36.7769 0.132989 0.990873 -0.0220165 -4.91411 0.0572448 -0.0298561 -0.997914 -80.4586 
-0.989463 0.131379 -0.0608499 -36.9517 0.133037 0.99082 -0.0240238 -5.02418 0.057135 -0.0318659 -0.997858 -83.2084 
-0.989533 0.131053 -0.060411 -37.1228 0.132691 0.990868 -0.023947 -5.13483 0.056721 -0.0317123 -0.997886 -85.9667 
-0.989686 0.129904 -0.0603861 -37.1999 0.131509 0.991039 -0.0233945 -5.18845 0.0568059 -0.0310945 -0.997901 -87.3546 
-0.989797 0.129368 -0.0597095 -37.2984 0.130825 0.99118 -0.0211585 -5.23504 0.0564456 -0.0287542 -0.997992 -88.7461 
-0.98994 0.128308 -0.0596312 -37.4662 0.129956 0.991214 -0.0246058 -5.34017 0.0559501 -0.0321077 -0.997917 -91.5077 
-0.989792 0.130277 -0.0577897 -37.6357 0.131874 0.990958 -0.0247121 -5.44387 0.0540477 -0.0320808 -0.998023 -94.2875 
-0.990252 0.126407 -0.0585043 -37.7621 0.128324 0.991271 -0.0302579 -5.57322 0.0541688 -0.0374705 -0.997828 -97.0987 
-0.990098 0.12759 -0.0585332 -37.884 0.129439 0.991164 -0.0289631 -5.70807 0.0543207 -0.0362528 -0.997865 -99.9144 
-0.989531 0.132494 -0.0572167 -37.9935 0.134303 0.990516 -0.0290013 -5.75035 0.0528315 -0.036382 -0.99794 -101.329 
-0.989445 0.133349 -0.0567211 -38.07 0.135163 0.990386 -0.0294275 -5.82103 0.0522517 -0.0367835 -0.997956 -102.747 
-0.989571 0.132345 -0.0568689 -38.2303 0.13427 0.990445 -0.0314671 -5.94553 0.052161 -0.0387747 -0.997886 -105.588 
-0.989595 0.133269 -0.0542265 -38.367 0.134828 0.990523 -0.0261838 -6.09688 0.0502231 -0.0332226 -0.998185 -108.427 
-0.988784 0.139985 -0.0520616 -38.5212 0.141537 0.989553 -0.0274057 -6.21222 0.0476813 -0.034467 -0.998268 -111.258 
-0.98841 0.142939 -0.0511207 -38.6639 0.144386 0.989185 -0.0258049 -6.34322 0.0468793 -0.0328869 -0.998359 -114.104 
-0.987977 0.146074 -0.050637 -38.7401 0.147501 0.988729 -0.0256669 -6.39866 0.046317 -0.0328273 -0.998387 -115.521 
-0.987536 0.149089 -0.0504416 -38.8074 0.150484 0.988294 -0.0250787 -6.46179 0.0461122 -0.0323568 -0.998412 -116.934 
-0.986939 0.153669 -0.0483517 -38.9917 0.154913 0.987658 -0.0231095 -6.5764 0.0442037 -0.030298 -0.998563 -119.761 
-0.986095 0.159112 -0.0479652 -39.1329 0.160693 0.986515 -0.0310969 -6.70324 0.0423705 -0.0383721 -0.998365 -122.56 
-0.985929 0.160337 -0.0472837 -39.2877 0.161836 0.986368 -0.0297817 -6.83036 0.0418641 -0.0370149 -0.998437 -125.368 
-0.986033 0.159914 -0.0465517 -39.4363 0.161386 0.986442 -0.0297678 -6.96283 0.0411602 -0.0368648 -0.998472 -128.168 
