1 1.19763e-11 1.70464e-10 0 1.19763e-11 1 3.5625e-10 -1.11022e-16 1.70464e-10 3.5625e-10 1 2.22045e-16 
0.999996 0.0010846 0.00249679 0.00601325 -0.00108452 0.999999 -3.45039e-05 -0.0537326 -0.00249683 3.1796e-05 0.999997 2.39411 
0.999992 -0.000429544 0.00399012 0.0108144 0.000428501 1 0.000262193 -0.0963622 -0.00399023 -0.000260482 0.999992 4.77824 
0.999976 0.000183956 0.00687416 -0.024751 -0.000179767 1 -0.000610021 -0.145684 -0.00687427 0.000608771 0.999976 7.15841 
0.999972 5.57079e-05 0.00746304 -0.00307487 -4.82592e-05 1 -0.000998253 -0.168433 -0.00746309 0.000997865 0.999972 8.3513 
0.999979 -0.00154664 0.0062674 -0.0154318 0.00153795 0.999998 0.00139233 -0.209777 -0.00626954 -0.00138266 0.999979 10.7342 
0.999994 -0.00292884 0.00166728 -0.0207108 0.00292777 0.999996 0.000646252 -0.258758 -0.00166916 -0.000641367 0.999998 13.1175 
0.999999 -0.00134131 -0.000695882 -0.0432156 0.00134159 0.999999 0.00040408 -0.305041 0.000695339 -0.000405013 1 15.4999 
0.999999 -0.0012039 -0.00121879 -0.0700926 0.00120506 0.999999 0.000953155 -0.350411 0.00121764 -0.000954623 0.999999 17.8834 
0.999997 -0.00157705 -0.00181633 -0.100266 0.00157735 0.999999 0.000162373 -0.394063 0.00181608 -0.000165238 0.999998 20.2721 
0.999993 -0.00121805 -0.00362299 -0.109017 0.00121775 0.999999 -8.43332e-05 -0.437336 0.00362309 7.99207e-05 0.999993 22.6609 
0.999989 -0.00115231 -0.00463685 -0.126447 0.00115073 0.999999 -0.000344484 -0.462483 0.00463724 0.000339144 0.999989 23.8556 
0.999971 -0.000891628 -0.00757109 -0.116126 0.00088787 0.999999 -0.000499698 -0.497907 0.00757153 0.000492961 0.999971 26.2439 
0.99996 -0.0030615 -0.00837017 -0.164651 0.00307293 0.999994 0.00135348 -0.544711 0.00836598 -0.00137915 0.999964 28.6401 
0.999927 -0.00525161 -0.010874 -0.176421 0.00524623 0.999986 -0.000523576 -0.583761 0.0108766 0.00046649 0.999941 31.0282 
0.999906 -0.00608116 -0.0122623 -0.217002 0.00608041 0.999982 -9.88994e-05 -0.620875 0.0122627 2.43302e-05 0.999925 33.4257 
0.999873 -0.00755865 -0.0140275 -0.247169 0.00756537 0.999971 0.000426438 -0.67211 0.0140239 -0.000532507 0.999902 35.8125 
0.999841 -0.00903948 -0.0153785 -0.26163 0.00905103 0.999959 0.000681753 -0.701647 0.0153717 -0.000820836 0.999882 37.0094 
0.999803 -0.0109951 -0.0164956 -0.267138 0.0110089 0.999939 0.000748147 -0.70962 0.0164864 -0.000929599 0.999864 38.2059 
0.999827 -0.00944445 -0.0160437 -0.32912 0.00949353 0.99995 0.00298587 -0.757429 0.0160147 -0.00313767 0.999867 40.6007 
0.999831 -0.00851492 -0.0163031 -0.382371 0.0085583 0.99996 0.00259299 -0.796278 0.0162803 -0.00273208 0.999864 42.9973 
0.99988 -0.00555792 -0.0144871 -0.447417 0.00567222 0.999953 0.00786065 -0.839611 0.0144428 -0.00794188 0.999864 45.3998 
0.999929 -0.00458948 -0.0110316 -0.498764 0.00474406 0.99989 0.0140265 -0.860866 0.010966 -0.0140779 0.999841 47.8049 
0.999951 -0.0063499 -0.00765211 -0.529812 0.00645372 0.999886 0.0136206 -0.864567 0.00756475 -0.0136693 0.999878 50.2087 
0.999945 -0.00702309 -0.00782967 -0.530321 0.00711515 0.999905 0.0117932 -0.869292 0.0077461 -0.0118482 0.9999 51.4092 
0.999952 -0.00740173 -0.00642871 -0.564125 0.0074723 0.999911 0.011024 -0.865917 0.00634654 -0.0110716 0.999919 52.6102 
0.999924 -0.0094021 -0.00800809 -0.536477 0.0094868 0.999899 0.0106044 -0.878125 0.00790757 -0.0106796 0.999912 53.8138 
0.99991 -0.00876107 -0.0101935 -0.572701 0.0088664 0.999907 0.0103345 -0.903522 0.0101021 -0.0104239 0.999895 56.225 
0.999885 -0.00914198 -0.0120678 -0.583943 0.0092814 0.99989 0.0115484 -0.909309 0.0119609 -0.0116591 0.99986 57.4325 
0.99986 -0.00955498 -0.013706 -0.596413 0.00971834 0.999882 0.0119022 -0.919427 0.0135906 -0.0120337 0.999835 58.6375 
0.999846 -0.00900444 -0.015087 -0.623862 0.00918198 0.999889 0.0117397 -0.928416 0.0149796 -0.0118764 0.999817 59.8434 
0.999817 -0.0100083 -0.0162952 -0.649075 0.0101947 0.999883 0.0113989 -0.929321 0.0161792 -0.0115629 0.999802 61.0463 
0.999801 -0.0114817 -0.0163371 -0.664394 0.0116544 0.999877 0.0105159 -0.931772 0.0162143 -0.0107042 0.999811 62.2495 
0.999808 -0.011924 -0.0155249 -0.698414 0.0120724 0.999882 0.00949991 -0.940758 0.0154098 -0.00968551 0.999834 63.4507 
0.999791 -0.0129237 -0.0158591 -0.728369 0.0130955 0.999856 0.0107746 -0.950691 0.0157176 -0.0109801 0.999816 64.6508 
0.999773 -0.0136687 -0.0163708 -0.743253 0.0138728 0.999827 0.0124218 -0.965712 0.0161982 -0.012646 0.999789 65.8537 
0.999768 -0.0133351 -0.0169142 -0.764007 0.0135216 0.999848 0.0109637 -0.979846 0.0167655 -0.0111898 0.999797 67.0511 
0.999765 -0.0128164 -0.0174989 -0.795845 0.0129867 0.999869 0.00965351 -0.988343 0.0173728 -0.00987849 0.9998 68.2435 
0.999788 -0.0110224 -0.017388 -0.832721 0.0111873 0.999893 0.00941657 -0.988721 0.0172823 -0.0096091 0.999804 69.4366 
0.999788 -0.0112374 -0.0172451 -0.865117 0.0114006 0.999891 0.00939694 -0.992595 0.0171376 -0.00959156 0.999807 70.626 
0.999809 -0.00980226 -0.0169001 -0.897861 0.00996919 0.999902 0.00982171 -1.00281 0.0168022 -0.00998832 0.999809 71.8158 
0.999813 -0.0103763 -0.0163055 -0.934963 0.0105567 0.999884 0.0110185 -1.01623 0.0161893 -0.0111885 0.999806 73.0021 
0.999866 -0.0111346 -0.0120327 -0.97928 0.0112512 0.99989 0.00966731 -1.03813 0.0119238 -0.0098014 0.999881 75.3649 
0.999857 -0.0137491 -0.00986719 -0.978176 0.0137996 0.999892 0.00507711 -1.05386 0.00979632 -0.00521254 0.999938 76.5399 
0.999898 -0.0121995 -0.00741111 -0.989801 0.0122357 0.999913 0.00487003 -1.06776 0.00735106 -0.00496021 0.999961 77.7154 
0.999892 -0.0139485 -0.00466632 -0.996928 0.0139886 0.999865 0.00866281 -1.08818 0.00454485 -0.00872715 0.999952 78.8934 
0.999907 -0.0136165 -0.000865272 -1.02093 0.0136245 0.999858 0.00991657 -1.09763 0.000730119 -0.00992744 0.99995 80.0677 
0.99991 -0.0126042 0.004617 -1.05498 0.0125664 0.999888 0.00812243 -1.11254 -0.00471886 -0.00806368 0.999956 81.2341 
0.999878 -0.0129182 0.00876554 -1.06821 0.0128721 0.999903 0.00529638 -1.12364 -0.00883311 -0.0051829 0.999948 82.3981 
0.999829 -0.0145115 0.0114239 -1.04345 0.0144893 0.999893 0.00202549 -1.14068 -0.0114521 -0.00185962 0.999933 83.5562 
0.999751 -0.0166209 0.0148604 -1.02425 0.0166083 0.999862 0.000971825 -1.16075 -0.0148745 -0.000724777 0.999889 84.7164 
0.999713 -0.0149679 0.0186912 -1.00309 0.0149176 0.999885 0.00282687 -1.18357 -0.0187314 -0.00254723 0.999821 85.8743 
0.999646 -0.0164747 0.020877 -0.9334 0.0164142 0.999861 0.00306441 -1.19781 -0.0209245 -0.00272064 0.999777 87.0238 
0.999417 -0.0170525 0.0295802 -0.936758 0.0171002 0.999853 -0.00135786 -1.2326 -0.0295526 0.00186289 0.999561 89.3304 
0.999312 -0.0168048 0.0330709 -0.916573 0.0168736 0.999856 -0.00180298 -1.24786 -0.0330359 0.00235976 0.999451 90.4805 
0.999183 -0.0187175 0.0358106 -0.900477 0.0187433 0.999824 -0.000385925 -1.27866 -0.0357971 0.00105682 0.999359 91.6342 
0.999092 -0.0198245 0.0377202 -0.859886 0.0197836 0.999803 0.0014582 -1.30944 -0.0377417 -0.000710636 0.999287 92.7895 
0.99896 -0.020121 0.04091 -0.834264 0.0200075 0.999795 0.00318218 -1.32564 -0.0409656 -0.00236037 0.999158 93.9462 
0.998828 -0.0219261 0.0431521 -0.805779 0.0217571 0.999754 0.00438183 -1.35294 -0.0432375 -0.00343783 0.999059 95.1032 
0.998559 -0.0256404 0.0471502 -0.684239 0.0257338 0.999668 -0.00137348 -1.39108 -0.0470993 0.00258485 0.998887 97.4071 
0.998408 -0.0249517 0.0505934 -0.57525 0.0252137 0.999672 -0.00454639 -1.4491 -0.0504634 0.0058148 0.998709 99.7331 
0.998402 -0.0249433 0.0506981 -0.499705 0.0250722 0.999684 -0.00190732 -1.50132 -0.0506345 0.00317538 0.998712 102.093 
0.998512 -0.0249515 0.0484895 -0.413249 0.0249772 0.999688 7.53591e-05 -1.53058 -0.0484762 0.00113588 0.998824 104.467 
0.998784 -0.0251238 0.0424185 -0.301758 0.0251304 0.999684 0.00037785 -1.56735 -0.0424145 0.000688602 0.9991 106.863 
0.999127 -0.0237433 0.0343742 -0.217827 0.0237534 0.999718 0.000113995 -1.60315 -0.0343672 0.00070261 0.999409 109.275 
0.999364 -0.0255797 0.0248552 -0.120526 0.025536 0.999672 0.00207023 -1.65005 -0.0248999 -0.00143421 0.999689 111.686 
0.999588 -0.0236669 0.0162137 -0.0990812 0.0236304 0.999718 0.00243934 -1.67777 -0.0162669 -0.0020552 0.999866 114.124 
0.999746 -0.0214338 0.0069937 -0.109736 0.0214231 0.999769 0.00160596 -1.71403 -0.00702651 -0.00145572 0.999974 116.555 
0.999806 -0.0196123 -0.00180911 -0.1324 0.0196135 0.999807 0.000619315 -1.73602 0.00179662 -0.000654678 0.999998 119.008 
0.999813 -0.0185769 -0.00535755 -0.161678 0.0185795 0.999827 0.000444918 -1.77849 0.00534836 -0.000544375 0.999986 121.461 
0.999827 -0.0168405 -0.00789493 -0.17861 0.0168502 0.999857 0.00116021 -1.80769 0.00787427 -0.00129304 0.999968 123.943 
0.999835 -0.0149949 -0.0102827 -0.202737 0.015033 0.99988 0.00362872 -1.84398 0.0102271 -0.0037827 0.999941 126.424 
0.999822 -0.0150176 -0.0114257 -0.2575 0.0150934 0.999864 0.00657881 -1.87446 0.0113254 -0.00675009 0.999913 128.923 
0.999732 -0.0189425 -0.013299 -0.288995 0.0190212 0.999802 0.00581102 -1.88741 0.0131863 -0.00606242 0.999895 131.429 
0.999539 -0.026394 -0.0149983 -0.327038 0.0265348 0.999605 0.00927044 -1.90281 0.0147477 -0.00966414 0.999845 133.942 
0.99934 -0.0330262 -0.0150991 -0.367739 0.0331589 0.999413 0.00862529 -1.9306 0.0148054 -0.00912027 0.999849 136.465 
0.999168 -0.0378409 -0.0151938 -0.405167 0.0379519 0.999254 0.00709031 -1.94148 0.0149141 -0.00766105 0.999859 139 
0.999166 -0.038144 -0.0145732 -0.444221 0.0382828 0.999223 0.00936936 -1.96212 0.0142045 -0.00991945 0.99985 141.548 
0.999275 -0.0354097 -0.0139798 -0.47145 0.0355644 0.999307 0.0109766 -1.97914 0.0135814 -0.0114659 0.999842 142.823 
0.999316 -0.0345409 -0.0131948 -0.489962 0.0346378 0.999374 0.00718265 -1.98484 0.0129384 -0.00763477 0.999887 145.367 
0.999291 -0.0358238 -0.0116075 -0.541244 0.0358346 0.999357 0.000726587 -2.02075 0.011574 -0.00114202 0.999932 147.902 
0.999328 -0.0351232 -0.0104474 -0.571066 0.0350861 0.999377 -0.00371319 -2.07023 0.0105713 0.00334414 0.999939 150.432 
0.999362 -0.0342877 -0.0100391 -0.627327 0.0342583 0.999408 -0.00307958 -2.11844 0.0101388 0.00273369 0.999945 152.961 
0.999392 -0.0332416 -0.0105545 -0.684388 0.0332286 0.999447 -0.00140285 -2.16897 0.0105953 0.00105128 0.999943 155.49 
0.999475 -0.0308462 -0.00993543 -0.745246 0.0308251 0.999522 -0.00226702 -2.20099 0.0100006 0.00195957 0.999948 158.008 
0.999532 -0.0284618 -0.0112007 -0.736752 0.028453 0.999595 -0.000937152 -2.23906 0.0112228 0.00061802 0.999937 160.537 
0.999538 -0.0278518 -0.0121328 -0.799785 0.0278158 0.999608 -0.0031281 -2.29576 0.0122152 0.00278917 0.999922 163.057 
0.999504 -0.0285317 -0.0133274 -0.848029 0.028477 0.999585 -0.00427711 -2.34158 0.0134439 0.00389547 0.999902 165.582 
0.999513 -0.027831 -0.01412 -0.917088 0.0277582 0.9996 -0.00532412 -2.39429 0.0142626 0.00492958 0.999886 168.108 
0.99942 -0.0297127 -0.0166324 -0.947065 0.0296551 0.999553 -0.00369838 -2.45458 0.0167348 0.003203 0.999855 170.624 
0.999343 -0.0310268 -0.0187066 -0.932322 0.0309571 0.999513 -0.00400719 -2.46602 0.0188218 0.00342545 0.999817 171.887 
0.999351 -0.0309096 -0.018519 -0.979847 0.0308488 0.999518 -0.00355989 -2.4963 0.0186201 0.0029863 0.999822 173.151 
0.99933 -0.0309951 -0.0194426 -1.05907 0.0309015 0.999509 -0.00509701 -2.54505 0.0195911 0.00449279 0.999798 175.671 
0.999236 -0.032621 -0.0215359 -1.10179 0.0325032 0.999455 -0.00579969 -2.60582 0.0217133 0.00509527 0.999751 178.196 
0.999025 -0.0376236 -0.0230852 -1.12181 0.037463 0.999271 -0.00734845 -2.6625 0.0233448 0.00647644 0.999706 180.716 
0.99895 -0.0388233 -0.0243353 -1.17734 0.0388466 0.999245 0.000484854 -2.71668 0.0242981 -0.00142969 0.999704 183.236 
0.999059 -0.0356418 -0.0247263 -1.25023 0.0355654 0.999361 -0.00352247 -2.75954 0.0248361 0.00263975 0.999688 185.739 
0.999066 -0.0350339 -0.0253084 -1.2757 0.034911 0.999376 -0.00528076 -2.79015 0.0254776 0.00439229 0.999666 186.988 
0.999062 -0.0348571 -0.0257097 -1.30438 0.0347462 0.999385 -0.00474592 -2.82947 0.0258593 0.00384815 0.999658 188.234 
0.998985 -0.0365867 -0.0262629 -1.38167 0.0365625 0.99933 -0.00140155 -2.88301 0.0262966 0.000439889 0.999654 190.717 
0.999009 -0.0374456 -0.0240775 -1.46057 0.0374336 0.999299 -0.000947929 -2.94252 0.0240961 4.56816e-05 0.99971 193.186 
0.998953 -0.0392701 -0.0234608 -1.46335 0.0392208 0.999227 -0.00255532 -2.95779 0.023543 0.0016325 0.999721 194.417 
0.998983 -0.0393957 -0.0219188 -1.49244 0.0393143 0.999218 -0.00413341 -2.98092 0.0220645 0.00326749 0.999751 195.643 
0.99898 -0.040557 -0.0198726 -1.5448 0.0404941 0.999173 -0.0035553 -3.04696 0.0200004 0.00274694 0.999796 198.08 
0.999065 -0.0397349 -0.0170308 -1.60786 0.039722 0.99921 -0.00109531 -3.10361 0.0170608 0.000417787 0.999854 200.5 
0.999109 -0.0388206 -0.0165448 -1.59787 0.0388072 0.999246 -0.0011304 -3.12376 0.0165763 0.000487332 0.999862 201.7 
0.999117 -0.0398003 -0.0134459 -1.68216 0.0397962 0.999208 -0.000569221 -3.17724 0.0134579 3.3623e-05 0.999909 204.08 
0.999226 -0.0382071 -0.0093526 -1.76901 0.0382006 0.99927 -0.000868716 -3.2214 0.00937896 0.000510768 0.999956 206.426 
0.999144 -0.0400243 -0.0104957 -1.73725 0.0400229 0.999199 -0.000339807 -3.25621 0.0105009 -8.0551e-05 0.999945 208.722 
0.999183 -0.0390464 -0.0104048 -1.76852 0.0390572 0.999237 0.000839794 -3.28813 0.010364 -0.00124549 0.999946 209.851 
0.999151 -0.0394793 -0.0118161 -1.80105 0.0394751 0.99922 -0.000585132 -3.32404 0.01183 0.000118191 0.99993 212.054 
0.999163 -0.0392185 -0.0116291 -1.85614 0.0392022 0.99923 -0.00162672 -3.37496 0.0116839 0.00116947 0.999931 214.205 
0.999156 -0.0385502 -0.0142138 -1.89356 0.0385384 0.999257 -0.00110377 -3.42534 0.0142458 0.000555058 0.999898 216.306 
0.999117 -0.0390354 -0.0155087 -1.92718 0.0390405 0.999238 2.48248e-05 -3.43675 0.0154959 -0.000630272 0.99988 217.342 
0.998893 -0.0411805 -0.0227412 -1.93313 0.041228 0.999148 0.00162781 -3.47545 0.0226548 -0.00256358 0.99974 219.355 
0.998853 -0.0390926 -0.0276496 -1.98856 0.039131 0.999234 0.000850615 -3.50715 0.0275952 -0.0019316 0.999617 221.303 
0.99871 -0.0383649 -0.0332606 -2.05904 0.038413 0.999262 0.000809324 -3.55218 0.033205 -0.00208592 0.999446 223.163 
0.998384 -0.0390711 -0.0412741 -2.1147 0.0390908 0.999236 -0.00033031 -3.5974 0.0412555 -0.00128366 0.999148 224.933 
0.998219 -0.0371089 -0.0467056 -2.2091 0.0370787 0.999311 -0.00151408 -3.63632 0.0467296 -0.000220395 0.998908 226.617 
0.998165 -0.034025 -0.0500981 -2.2895 0.0340063 0.999421 -0.00122644 -3.67743 0.0501108 -0.000479456 0.998744 228.224 
0.998223 -0.0337834 -0.0490965 -2.38061 0.0338676 0.999426 0.000883899 -3.72616 0.0490385 -0.00254511 0.998794 229.76 
0.998348 -0.0325693 -0.0473335 -2.47587 0.0325285 0.999469 -0.00163299 -3.75932 0.0473616 9.06059e-05 0.998878 231.23 
0.998367 -0.0332025 -0.0464831 -2.51068 0.0330599 0.999446 -0.00383367 -3.77428 0.0465847 0.00229068 0.998912 231.957 
0.998541 -0.031624 -0.0437729 -2.58392 0.031406 0.999491 -0.00565716 -3.80781 0.0439295 0.00427417 0.999025 233.399 
0.998537 -0.033265 -0.0426199 -2.61039 0.0330429 0.999436 -0.00590544 -3.82564 0.0427924 0.00448852 0.999074 234.116 
0.998574 -0.0347956 -0.0404917 -2.64209 0.0345701 0.999383 -0.00625662 -3.85828 0.0406844 0.0048479 0.99916 235.538 
0.99875 -0.0351845 -0.0355069 -2.69573 0.0349888 0.999369 -0.00611871 -3.88902 0.0356998 0.00486872 0.999351 236.948 
0.998875 -0.0369081 -0.0297817 -2.73992 0.0367717 0.999311 -0.00511773 -3.91925 0.0299501 0.00401685 0.999543 238.342 
0.999071 -0.0365616 -0.0228185 -2.79054 0.0364514 0.999322 -0.00522469 -3.95211 0.022994 0.00438807 0.999726 239.723 
0.999168 -0.0370168 -0.0171358 -2.8185 0.0369149 0.999299 -0.00622763 -3.98354 0.0173543 0.00558988 0.999834 241.098 
0.999211 -0.0370885 -0.0142367 -2.83353 0.0369965 0.999293 -0.00666882 -4.0021 0.0144739 0.00613685 0.999876 241.791 
0.99928 -0.0369858 -0.00843565 -2.86048 0.0369424 0.999304 -0.00523576 -4.02957 0.00862342 0.00492036 0.999951 243.188 
0.99932 -0.0367424 -0.00305704 -2.88332 0.0367214 0.999303 -0.00666121 -4.06541 0.00329966 0.00654442 0.999973 244.597 
0.999294 -0.037521 -0.00208914 -2.86707 0.0375003 0.999254 -0.00921844 -4.07981 0.00243346 0.00913359 0.999955 245.304 
0.999227 -0.0392569 -0.00199322 -2.85236 0.0392333 0.999173 -0.0107252 -4.09873 0.00241261 0.0106387 0.99994 246.018 
0.999248 -0.0387471 -0.00164244 -2.85437 0.0387261 0.999186 -0.0113021 -4.11244 0.00207903 0.01123 0.999935 246.74 
0.999194 -0.0401111 -0.00150343 -2.85266 0.0400909 0.999128 -0.0116508 -4.13634 0.00196945 0.0115811 0.999931 247.468 
0.999203 -0.0398428 -0.00244808 -2.84357 0.0398111 0.999137 -0.0118392 -4.15802 0.00291767 0.0117323 0.999927 248.2 
0.999265 -0.0383147 -0.00140453 -2.86552 0.0382943 0.999189 -0.0124619 -4.17093 0.00188087 0.012399 0.999921 248.942 
0.999243 -0.0388838 -0.000763762 -2.87303 0.0388689 0.999142 -0.0143088 -4.19112 0.00131949 0.0142683 0.999897 249.687 
0.998977 -0.0452105 -0.00103787 -2.855 0.0451862 0.998833 -0.0170712 -4.19764 0.00180846 0.0170069 0.999854 250.436 
0.998858 -0.0477816 7.24396e-05 -2.85417 0.047775 0.998694 -0.0181304 -4.21223 0.000793955 0.0181132 0.999836 251.197 
0.998923 -0.0463926 0.000568188 -2.85878 0.0463959 0.998821 -0.0143022 -4.22548 9.59998e-05 0.0143132 0.999898 251.97 
0.999152 -0.0411578 0.000898129 -2.87127 0.0411639 0.999118 -0.00831671 -4.24194 -0.000555039 0.00834663 0.999965 252.753 
0.999043 -0.043739 0.000919288 -2.85412 0.0437432 0.999029 -0.00522455 -4.25317 -0.000689879 0.00525976 0.999986 253.538 
0.999024 -0.0440646 0.00300396 -2.8515 0.0440859 0.999 -0.00743594 -4.26862 -0.00267329 0.00756112 0.999968 254.333 
0.999054 -0.0427182 0.00815543 -2.86399 0.0428246 0.998993 -0.0133634 -4.28683 -0.00757636 0.0137 0.999877 255.128 
0.999137 -0.0396001 0.0125123 -2.86415 0.0398078 0.999066 -0.0168118 -4.30249 -0.0118349 0.0172954 0.99978 255.934 
0.999082 -0.0404411 0.0141183 -2.82704 0.040677 0.99903 -0.0168415 -4.31956 -0.0134235 0.0174004 0.999758 256.749 
0.998964 -0.041996 0.0175383 -2.81067 0.0422538 0.999 -0.014594 -4.33493 -0.0169079 0.0153199 0.99974 257.577 
0.998679 -0.0476482 0.0192467 -2.77012 0.0478744 0.998788 -0.0114654 -4.35395 -0.018677 0.0123717 0.999749 258.409 
0.998337 -0.0533482 0.0218228 -2.73969 0.0535676 0.998518 -0.00959716 -4.37818 -0.0212784 0.0107502 0.999716 259.242 
0.998369 -0.0506378 0.0263691 -2.75568 0.0508834 0.998666 -0.00872851 -4.40916 -0.0258919 0.010056 0.999614 260.08 
0.998401 -0.0480776 0.0297365 -2.75711 0.048405 0.998774 -0.0103897 -4.44407 -0.0292005 0.0118125 0.999504 260.914 
0.998407 -0.0462649 0.0323051 -2.74046 0.0466899 0.998831 -0.0125264 -4.46708 -0.0316878 0.0140147 0.9994 261.751 
0.998296 -0.0471537 0.0343799 -2.71198 0.0476076 0.998788 -0.0125052 -4.49425 -0.0337485 0.0141206 0.999331 262.588 
0.998207 -0.0458821 0.0384388 -2.71617 0.046309 0.998874 -0.010288 -4.5273 -0.0379235 0.0120496 0.999208 263.43 
0.998132 -0.0449557 0.0413695 -2.68925 0.0453533 0.998933 -0.00872396 -4.55167 -0.0409332 0.0105839 0.999106 264.272 
0.997975 -0.0465208 0.0433705 -2.63577 0.0469458 0.998858 -0.00883064 -4.5729 -0.0429102 0.0108488 0.99902 265.107 
0.997901 -0.0454515 0.0461312 -2.59584 0.0459257 0.998902 -0.00927357 -4.59309 -0.045659 0.0113727 0.998892 265.95 
0.997682 -0.047244 0.0489838 -2.56613 0.0477515 0.998816 -0.00924135 -4.6227 -0.0484892 0.011559 0.998757 266.794 
0.99734 -0.0524545 0.0506072 -2.52234 0.0529634 0.998558 -0.00876766 -4.64074 -0.0500743 0.0114247 0.99868 267.638 
0.997184 -0.0558603 0.050044 -2.44223 0.056414 0.99836 -0.00972083 -4.64778 -0.0494189 0.0125166 0.9987 268.479 
0.996966 -0.0595148 0.0501618 -2.38694 0.0600847 0.998144 -0.00993085 -4.66428 -0.0494776 0.0129147 0.998692 269.324 
0.996954 -0.0594045 0.0505298 -2.34758 0.0599771 0.998151 -0.0098906 -4.68241 -0.0498488 0.0128911 0.998674 270.176 
0.997035 -0.0573011 0.0513643 -2.32812 0.0578454 0.998283 -0.00917286 -4.7114 -0.0507505 0.0121168 0.998638 271.03 
0.997178 -0.0547882 0.0513333 -2.29885 0.0553101 0.99843 -0.00880084 -4.74075 -0.0507705 0.0116152 0.998643 271.885 
0.99712 -0.0582265 0.048598 -2.22741 0.0587771 0.998221 -0.00997772 -4.76248 -0.0479305 0.0128054 0.998769 272.727 
0.997208 -0.0569927 0.0482502 -2.19618 0.0575852 0.99828 -0.0109793 -4.78795 -0.0475414 0.0137271 0.998775 273.58 
0.99719 -0.0589318 0.0462503 -2.14236 0.0595526 0.998151 -0.0121587 -4.80443 -0.0454483 0.0148788 0.998856 274.427 
0.997242 -0.0597744 0.0440021 -2.10507 0.0604051 0.998087 -0.0131444 -4.82407 -0.0431322 0.0157661 0.998945 275.278 
0.997363 -0.0588177 0.0425138 -2.05789 0.0594579 0.998133 -0.0139516 -4.84063 -0.0416138 0.0164426 0.998998 276.128 
0.997478 -0.0583754 0.0403634 -2.01526 0.0589682 0.998166 -0.0136535 -4.86564 -0.0394924 0.0159992 0.999092 276.976 
0.997655 -0.0573836 0.0372927 -1.98855 0.0578769 0.998248 -0.0122864 -4.89702 -0.0365223 0.0144159 0.999229 277.824 
0.997853 -0.056354 0.033365 -1.95674 0.0567258 0.998337 -0.0103016 -4.91823 -0.032729 0.0121721 0.99939 278.668 
0.997923 -0.0579054 0.0282341 -1.93183 0.0581892 0.998262 -0.00933313 -4.93452 -0.0276446 0.0109567 0.999558 279.506 
0.998116 -0.0582707 0.019188 -1.94226 0.0584305 0.99826 -0.00787821 -4.98606 -0.0186955 0.00898454 0.999785 281.163 
0.998094 -0.0611514 0.00835709 -1.88215 0.0612159 0.998095 -0.00769396 -5.03657 -0.00787067 0.00819088 0.999935 282.772 
0.998112 -0.0612608 0.00445569 -1.89552 0.0612975 0.998082 -0.00864453 -5.05082 -0.00391758 0.00890133 0.999953 283.556 
0.998095 -0.0616849 0.000893074 -1.92047 0.0616905 0.998053 -0.00922974 -5.06933 -0.000321999 0.00926725 0.999957 284.323 
0.998065 -0.0620449 -0.00419509 -1.90243 0.0620015 0.998028 -0.00978125 -5.08064 0.00479369 0.00950222 0.999943 285.072 
0.998111 -0.0610917 -0.00649252 -1.94708 0.0610257 0.998087 -0.00991862 -5.10776 0.00708604 0.00950367 0.99993 285.797 
0.998173 -0.0589533 -0.0132514 -2.00904 0.0587787 0.998184 -0.0131986 -5.14187 0.0140054 0.0123955 0.999825 287.191 
0.998075 -0.0551965 -0.028294 -2.01383 0.054713 0.998347 -0.0175884 -5.1921 0.029218 0.0160065 0.999445 288.507 
0.997049 -0.0559381 -0.0525677 -2.08671 0.0549422 0.998285 -0.0202036 -5.25036 0.0536077 0.0172558 0.998413 289.77 
0.99479 -0.0512599 -0.0881174 -2.24559 0.049624 0.998554 -0.0206579 -5.31599 0.089049 0.0161775 0.995896 290.976 
0.989532 -0.0479033 -0.136134 -2.39635 0.045199 0.998716 -0.0228884 -5.37819 0.137055 0.0164957 0.990426 292.126 
0.979992 -0.0465327 -0.193521 -2.63504 0.0426529 0.998798 -0.0241692 -5.42282 0.194413 0.0154314 0.980798 293.21 
0.964258 -0.0490583 -0.260384 -3.0114 0.0443393 0.998729 -0.0239701 -5.47164 0.261229 0.0115681 0.965208 294.218 
0.941241 -0.0476649 -0.334354 -3.43955 0.0425557 0.998839 -0.0225938 -5.51968 0.335043 0.00703755 0.942177 295.146 
0.909073 -0.0461193 -0.414076 -3.86802 0.0402106 0.998927 -0.0229799 -5.57029 0.414692 0.00424016 0.909952 296.029 
0.865357 -0.046989 -0.498949 -4.33971 0.0397975 0.998894 -0.0250485 -5.61904 0.499574 0.00181895 0.866269 296.864 
0.810757 -0.047 -0.583493 -4.93829 0.038676 0.998894 -0.0267205 -5.66226 0.584103 -0.000903318 0.811679 297.628 
0.743027 -0.0467356 -0.667628 -5.57332 0.0364018 0.998904 -0.0294129 -5.72252 0.668271 -0.00244829 0.743914 298.297 
0.660554 -0.0484408 -0.749214 -6.30257 0.0420131 0.998738 -0.0275325 -5.77427 0.749602 -0.0132901 0.661755 298.843 
0.563211 -0.0429921 -0.825194 -7.08485 0.0379425 0.998938 -0.0261476 -5.8315 0.825442 -0.0165833 0.564244 299.261 
0.456147 -0.0317292 -0.889339 -7.91049 0.0231004 0.99945 -0.0238093 -5.89323 0.889605 -0.00968355 0.456629 299.588 
0.340703 -0.0264681 -0.939798 -8.71185 0.0181248 0.999603 -0.0215817 -5.94936 0.939996 -0.00968069 0.341048 299.831 
0.225562 -0.0216044 -0.973989 -9.53682 0.0155034 0.999707 -0.0185845 -5.94792 0.974105 -0.0109081 0.225831 299.9 
0.16663 -0.0200858 -0.985815 -9.95002 0.0125707 0.999755 -0.0182451 -5.93721 0.985939 -0.00935221 0.166842 299.874 
0.0395361 -0.011725 -0.999149 -10.8182 0.00745284 0.999907 -0.011439 -5.94363 0.99919 -0.00699424 0.0396198 299.816 
-0.0942237 0.00154917 -0.99555 -11.692 0.00957571 0.999954 0.000649731 -5.95531 0.995505 -0.00947187 -0.0942342 299.706 
-0.225171 0.0124097 -0.97424 -12.6085 0.00695997 0.999914 0.0111281 -5.95536 0.974294 -0.00427497 -0.225238 299.413 
-0.352107 0.01945 -0.935757 -13.5206 0.00868652 0.999809 0.0175128 -5.95307 0.935919 -0.0019621 -0.352209 299.029 
-0.41114 0.0193917 -0.911366 -13.9906 0.00822384 0.999812 0.0175636 -5.94098 0.911535 -0.000273808 -0.411223 298.768 
-0.467703 0.0196217 -0.883668 -14.4419 0.0081136 0.999807 0.0179062 -5.93099 0.883848 0.00120506 -0.467772 298.495 
-0.518829 0.0185256 -0.854677 -14.906 0.00573941 0.999818 0.0181875 -5.9147 0.854859 0.00453089 -0.518841 298.163 
-0.565445 0.0190225 -0.824567 -15.3538 0.0045018 0.99979 0.0199778 -5.92073 0.824774 0.00758429 -0.565412 297.816 
-0.606984 0.0199983 -0.794462 -15.8127 0.00373982 0.999744 0.0223083 -5.91291 0.794705 0.0105697 -0.606904 297.442 
-0.644796 0.0229294 -0.764011 -16.2861 0.00564803 0.999666 0.0252352 -5.89538 0.764334 0.0119564 -0.64471 297.023 
-0.681952 0.0296655 -0.730795 -16.7431 0.0125011 0.999504 0.0289077 -5.87385 0.73129 0.0105779 -0.681985 296.581 
-0.71789 0.0366628 -0.69519 -17.216 0.0186221 0.999266 0.0334689 -5.86674 0.695907 0.011081 -0.718046 296.088 
-0.782301 0.0374795 -0.621772 -18.1026 0.020869 0.999205 0.0339736 -5.84629 0.62255 0.0136019 -0.782461 294.998 
-0.809472 0.0354378 -0.586088 -18.5146 0.0212757 0.999292 0.0310373 -5.84073 0.586773 0.0126544 -0.809653 294.399 
-0.834207 0.0302626 -0.550621 -18.9105 0.0181188 0.999458 0.0274805 -5.83175 0.551154 0.0129478 -0.834303 293.761 
-0.855841 0.0251695 -0.516626 -19.2748 0.0147678 0.999597 0.0242351 -5.80885 0.517028 0.013112 -0.855868 293.057 
-0.8772 0.0264047 -0.479398 -19.6646 0.0161119 0.999543 0.0255722 -5.8066 0.479855 0.0147079 -0.877225 292.357 
-0.896176 0.0229923 -0.443102 -20.0119 0.0128094 0.999581 0.0259606 -5.80144 0.443513 0.0175894 -0.896095 291.584 
-0.91352 0.0213226 -0.406235 -20.3224 0.0117819 0.999593 0.0259726 -5.78504 0.406624 0.0189403 -0.913399 290.795 
-0.929211 0.0227674 -0.368848 -20.6226 0.0135926 0.999531 0.0274537 -5.76969 0.3693 0.0204967 -0.929084 289.953 
-0.956141 0.026402 -0.291715 -21.2018 0.0177636 0.999323 0.032222 -5.73064 0.292368 0.0256268 -0.955963 288.23 
-0.975377 0.0255635 -0.219056 -21.618 0.0182243 0.999205 0.0354594 -5.68733 0.219789 0.0305941 -0.975068 286.338 
-0.988421 0.0198112 -0.150437 -21.9526 0.0153631 0.999411 0.0306732 -5.62479 0.150956 0.0280068 -0.988144 284.345 
-0.995972 0.0183397 -0.0877677 -22.1639 0.0155071 0.99934 0.0328475 -5.56659 0.0883121 0.0313541 -0.995599 282.247 
-0.999306 0.0188369 -0.0321425 -22.2697 0.0177764 0.999298 0.0329665 -5.50445 0.032741 0.0323722 -0.998939 280.04 
-0.999797 0.0126433 0.0156883 -22.2386 0.0132119 0.999239 0.0366904 -5.44184 -0.0152125 0.0368902 -0.999204 277.743 
-0.998609 0.00497076 0.052484 -22.1427 0.0067963 0.999376 0.0346617 -5.37551 -0.0522789 0.0349702 -0.99802 275.367 
-0.997292 -0.00468771 0.0733965 -21.9594 -0.00201784 0.999335 0.036408 -5.31678 -0.0735184 0.0361613 -0.996638 272.93 
-0.996964 -0.0101437 0.0771992 -21.7401 -0.00736372 0.999317 0.0362107 -5.23464 -0.0775138 0.0355323 -0.996358 270.429 
-0.997362 -0.0133784 0.0713491 -21.483 -0.010862 0.999309 0.0355404 -5.14629 -0.0717753 0.0346716 -0.996818 267.862 
-0.997693 -0.0150671 0.0661878 -21.3247 -0.0126359 0.999235 0.0369969 -5.07862 -0.0666946 0.0360752 -0.997121 265.238 
-0.998275 -0.0151843 0.0567056 -21.2077 -0.0128984 0.999098 0.0404625 -4.9961 -0.0572689 0.0396613 -0.997571 262.582 
-0.998815 -0.016219 0.0458868 -21.0601 -0.0143028 0.999024 0.0417829 -4.93836 -0.0465197 0.0410771 -0.998072 259.922 
-0.999198 -0.0190452 0.035224 -20.9182 -0.0176352 0.999047 0.0399171 -4.87684 -0.0359506 0.0392639 -0.998582 257.253 
-0.999399 -0.0190727 0.0289598 -20.8475 -0.0179378 0.99908 0.0389549 -4.83943 -0.0296762 0.038412 -0.998821 255.914 
-0.999531 -0.0187493 0.0242311 -20.8246 -0.0177374 0.998988 0.0413212 -4.7972 -0.0249814 0.040872 -0.998852 254.568 
-0.999733 -0.0177198 0.0148145 -20.7855 -0.0170603 0.998907 0.0435155 -4.72883 -0.0155694 0.0432512 -0.998943 251.871 
-0.999831 -0.0164073 0.0082787 -20.759 -0.016044 0.998981 0.042183 -4.6666 -0.00896238 0.042043 -0.999076 249.172 
-0.999879 -0.01521 0.0032325 -20.7206 -0.0150837 0.999237 0.0360222 -4.57904 -0.00377793 0.0359691 -0.999346 246.484 
-0.99989 -0.0148268 -0.000259243 -20.7293 -0.0148255 0.99911 0.0394794 -4.50624 -0.000326342 0.0394789 -0.99922 243.748 
-0.999893 -0.0146083 -0.000251974 -20.7299 -0.0146067 0.999099 0.0398389 -4.47577 -0.000330231 0.0398383 -0.999206 242.374 
-0.99987 -0.0161026 -0.000444449 -20.7309 -0.0161075 0.999061 0.040231 -4.44517 -0.000203794 0.0402329 -0.99919 241.005 
-0.999887 -0.0150009 0.000136273 -20.7137 -0.0149833 0.999079 0.0402069 -4.41196 -0.000739285 0.0402003 -0.999191 239.621 
-0.999938 -0.0108255 0.00259218 -20.7194 -0.0107215 0.999248 0.03726 -4.36651 -0.00299359 0.0372299 -0.999302 236.86 
-0.999954 -0.00825382 0.00481839 -20.711 -0.00804891 0.999123 0.041101 -4.29621 -0.00515341 0.0410603 -0.999143 234.091 
-0.999936 -0.008729 0.00717386 -20.6815 -0.0084186 0.999073 0.0422149 -4.19948 -0.00753571 0.0421518 -0.999083 231.303 
-0.999849 -0.0153644 0.00813394 -20.6739 -0.0150179 0.999043 0.0410715 -4.11815 -0.0087572 0.0409431 -0.999123 228.518 
-0.999823 -0.0170176 0.00802619 -20.629 -0.0167047 0.999155 0.0375604 -4.05056 -0.00865859 0.0374196 -0.999262 225.728 
-0.999858 -0.0134194 0.0101531 -20.6016 -0.0130146 0.999157 0.0389368 -3.98661 -0.0106671 0.0387992 -0.99919 222.908 
-0.999831 -0.0153757 0.0100835 -20.5807 -0.0149526 0.999056 0.0407791 -3.91955 -0.010701 0.0406214 -0.999117 220.054 
-0.999849 -0.0130151 0.0114805 -20.5466 -0.0125535 0.999145 0.0394023 -3.84413 -0.0119835 0.0392523 -0.999157 217.205 
-0.999876 -0.0116804 0.0105813 -20.4901 -0.0112337 0.999082 0.0413367 -3.76461 -0.0110545 0.0412127 -0.999089 214.33 
-0.999871 -0.0122239 0.0103729 -20.4763 -0.0117987 0.999126 0.0401038 -3.73015 -0.010854 0.0399762 -0.999142 212.888 
-0.999866 -0.0127867 0.0101926 -20.4466 -0.0123935 0.99921 0.0377491 -3.70162 -0.0106672 0.0376178 -0.999235 211.447 
-0.999854 -0.013412 0.010582 -20.3993 -0.0130001 0.99919 0.0380721 -3.6462 -0.011084 0.037929 -0.999219 208.551 
-0.999842 -0.0140835 0.01088 -20.3523 -0.0136606 0.999184 0.0380118 -3.57346 -0.0114065 0.0378572 -0.999218 205.637 
-0.99985 -0.012842 0.0116521 -20.2981 -0.0123669 0.999124 0.0399668 -3.49446 -0.0121552 0.0398167 -0.999133 202.715 
-0.999871 -0.0104485 0.0122155 -20.2709 -0.00996777 0.999198 0.0387752 -3.41535 -0.0126109 0.0386484 -0.999173 199.794 
-0.999887 -0.0102763 0.0109636 -20.2339 -0.00979444 0.999021 0.0431377 -3.3513 -0.0113962 0.0430254 -0.999009 196.86 
-0.999886 -0.0117523 0.00946347 -20.1986 -0.0113327 0.999001 0.0432325 -3.31656 -0.00996209 0.0431203 -0.99902 195.399 
-0.999908 -0.0108012 0.00820101 -20.1576 -0.0104385 0.999018 0.0430526 -3.27058 -0.00865797 0.0429631 -0.999039 193.946 
-0.999932 -0.0102637 0.00557307 -20.1224 -0.0100156 0.999031 0.0428646 -3.19148 -0.00600762 0.0428059 -0.999065 191.036 
-0.999945 -0.0091466 0.00509332 -20.0923 -0.00892646 0.999091 0.0416835 -3.12344 -0.00546995 0.0416357 -0.999118 188.138 
-0.999943 -0.0101522 0.00320657 -20.0479 -0.0100108 0.999092 0.0414004 -3.05168 -0.00362397 0.0413659 -0.999137 185.251 
-0.999908 -0.0133219 0.00240896 -20.0232 -0.0132078 0.999014 0.0423925 -3.0262 -0.00297133 0.0423568 -0.999098 183.809 
-0.999934 -0.0113894 0.00138673 -20.008 -0.0113176 0.998973 0.0438662 -2.98404 -0.00188491 0.0438476 -0.999036 182.37 
-0.999942 -0.0107722 0.000800425 -20.0065 -0.0107264 0.998968 0.0441435 -2.94614 -0.00127512 0.0441323 -0.999025 180.934 
-0.999937 -0.0110679 -0.00192396 -19.9759 -0.0111398 0.999029 0.0426148 -2.90688 0.00145043 0.0426336 -0.99909 179.503 
-0.999938 -0.00970033 -0.00541694 -19.9895 -0.00992466 0.999024 0.0430487 -2.84477 0.00499406 0.0430998 -0.999058 176.657 
-0.999913 -0.00862058 -0.010026 -19.9703 -0.00905278 0.998995 0.0438925 -2.78417 0.0096376 0.0439794 -0.998986 173.844 
-0.999904 -0.00745275 -0.0117229 -19.9815 -0.00796183 0.999 0.0439961 -2.75306 0.0113832 0.0440852 -0.998963 172.453 
-0.999877 -0.00732756 -0.0138796 -19.995 -0.00794497 0.998957 0.0449637 -2.71391 0.0135356 0.0450684 -0.998892 171.073 
-0.999812 -0.00684834 -0.0181453 -20.0537 -0.00769092 0.998876 0.0467802 -2.64037 0.0178045 0.0469109 -0.99874 168.364 
-0.999769 -0.00658146 -0.0204495 -20.0712 -0.00752651 0.998891 0.0464857 -2.61796 0.0201209 0.0466289 -0.99871 167.044 
-0.999694 -0.00826354 -0.0233248 -20.1485 -0.00940031 0.998752 0.0490555 -2.55775 0.0228903 0.0492597 -0.998524 164.464 
-0.99968 -0.0091693 -0.0235562 -20.2006 -0.0102704 0.998839 0.0470551 -2.48996 0.0230974 0.047282 -0.998615 161.968 
-0.999701 -0.00900802 -0.02274 -20.2864 -0.0100623 0.998859 0.0466814 -2.43999 0.0222936 0.0468962 -0.998651 159.575 
-0.999684 -0.00963545 -0.0232288 -20.2892 -0.0107305 0.998814 0.0474864 -2.38632 0.0227437 0.0477207 -0.998602 157.288 
-0.999671 -0.0103648 -0.0234702 -20.2833 -0.0115121 0.998718 0.0492863 -2.35606 0.0229293 0.0495403 -0.998509 156.18 
-0.999623 -0.012736 -0.0243295 -20.2652 -0.0139414 0.99865 0.0500382 -2.33649 0.0236594 0.0503586 -0.998451 155.1 
-0.999651 -0.0123959 -0.0233471 -20.2972 -0.0135323 0.998699 0.0491606 -2.31759 0.0227073 0.0494593 -0.998518 154.05 
-0.999585 -0.0164056 -0.0236855 -20.2862 -0.0175236 0.998704 0.0477912 -2.2969 0.0228708 0.0481864 -0.998576 153.048 
-0.999655 -0.0144315 -0.0219684 -20.2934 -0.0154469 0.998786 0.0467774 -2.24383 0.0212667 0.0471005 -0.998664 151.08 
-0.999726 -0.0118103 -0.0202053 -20.3437 -0.0127718 0.998759 0.0481379 -2.2099 0.0196117 0.0483828 -0.998636 149.223 
-0.99977 -0.0102886 -0.0188153 -20.3541 -0.0111987 0.99874 0.0489182 -2.17283 0.0182883 0.0491176 -0.998626 147.446 
-0.999811 -0.0104328 -0.0164117 -20.4251 -0.0111844 0.998861 0.0463938 -2.15356 0.015909 0.0465686 -0.998788 145.74 
-0.99989 -0.00421226 -0.0142191 -20.493 -0.00483347 0.999022 0.0439408 -2.12822 0.0140201 0.0440047 -0.998933 144.095 
-0.999895 -0.00481925 -0.0136931 -20.5221 -0.00541013 0.999041 0.0434476 -2.10458 0.0134706 0.0435171 -0.998962 142.511 
-0.999885 -0.0015535 -0.0150932 -20.4206 -0.00217447 0.999148 0.0412132 -2.05883 0.0150163 0.0412413 -0.999036 140.992 
-0.999811 -0.00261762 -0.0192884 -20.2806 -0.00343711 0.999087 0.0425763 -2.0395 0.0191593 0.0426345 -0.998907 139.508 
-0.999836 0.00149849 -0.0180716 -20.384 0.000774485 0.999199 0.0400038 -1.98638 0.0181171 0.0399832 -0.999036 138.071 
-0.99981 0.002856 -0.0192635 -20.4031 0.00214143 0.999312 0.0370134 -1.96286 0.019356 0.0369651 -0.999129 136.65 
-0.999781 0.00398304 -0.020566 -20.4054 0.00332245 0.999481 0.0320551 -1.93236 0.020683 0.0319798 -0.999274 135.247 
-0.999834 0.000821913 -0.0181844 -20.551 0.000311416 0.999606 0.0280584 -1.90582 0.0182003 0.0280481 -0.999441 133.876 
-0.999812 0.00608815 -0.0183877 -20.5847 0.00550374 0.999483 0.0316681 -1.86986 0.018571 0.031561 -0.999329 132.487 
-0.999803 -0.0021826 -0.01972 -20.5256 -0.00275439 0.999575 0.0290152 -1.85289 0.0196483 0.0290638 -0.999384 131.124 
-0.99983 0.00207191 -0.0183215 -20.5163 0.00176073 0.999854 0.0169845 -1.8419 0.0183541 0.0169493 -0.999688 129.771 
-0.99983 -0.00554722 -0.0175634 -20.5024 -0.005839 0.999845 0.0166056 -1.83218 0.0174685 0.0167053 -0.999708 128.366 
-0.99985 -0.00867879 -0.0149631 -20.4786 -0.00901721 0.999702 0.0227002 -1.80662 0.0147616 0.0228317 -0.99963 126.922 
-0.999917 -0.0081387 -0.010005 -20.4533 -0.00836396 0.999708 0.0226827 -1.79743 0.00981751 0.0227645 -0.999693 125.435 
-0.999912 -0.0127634 -0.00369467 -20.4282 -0.0128402 0.999685 0.0215447 -1.76875 0.00341852 0.0215902 -0.999761 123.895 
-0.999891 -0.0145616 0.00234661 -20.386 -0.0144847 0.999445 0.0299885 -1.75339 -0.00278199 0.0299513 -0.999547 122.275 
-0.999878 -0.0134859 0.00783739 -20.3377 -0.0132234 0.99938 0.0326375 -1.72052 -0.00827268 0.0325299 -0.999437 120.622 
-0.999805 -0.010731 0.0165877 -20.3 -0.0102418 0.999518 0.0292951 -1.69109 -0.016894 0.0291195 -0.999433 118.869 
-0.999661 -0.00589209 0.0253423 -20.2761 -0.00515966 0.99957 0.0288704 -1.64595 -0.0255015 0.0287298 -0.999262 117.054 
-0.999408 -0.00394788 0.0341702 -20.2085 -0.00280698 0.999439 0.0333726 -1.60819 -0.0342828 0.0332569 -0.998859 115.164 
-0.999272 -0.00338493 0.0379909 -20.1753 -0.00213819 0.999459 0.0328096 -1.58555 -0.0380814 0.0327044 -0.998739 114.198 
-0.998942 -0.000524171 0.0459746 -20.0692 0.000730424 0.999628 0.0272678 -1.53702 -0.0459718 0.0272726 -0.99857 112.216 
-0.998615 -0.000371476 0.0526116 -19.9445 0.00101676 0.999652 0.0263573 -1.50758 -0.0526031 0.0263743 -0.998267 110.158 
-0.998549 -0.000922426 0.0538472 -19.8626 0.000501181 0.999651 0.0264184 -1.50761 -0.0538528 0.0264071 -0.9982 109.105 
-0.998476 -0.00250344 0.0551274 -19.7358 -0.00136117 0.999784 0.0207483 -1.47458 -0.0551674 0.0206417 -0.998264 106.945 
-0.998535 0.0012133 0.0540967 -19.5901 0.00239815 0.999759 0.0218429 -1.45282 -0.0540571 0.0219407 -0.998297 104.712 
-0.998613 0.00104337 0.0526356 -19.458 0.00260458 0.999558 0.0296009 -1.41828 -0.0525814 0.0296969 -0.998175 102.401 
-0.998711 -0.000287842 0.0507495 -19.297 0.00101698 0.99967 0.0256833 -1.36173 -0.0507401 0.0257018 -0.998381 100.045 
-0.998715 -0.000730162 0.0506703 -19.1709 0.000532899 0.99969 0.0249091 -1.32348 -0.0506728 0.0249041 -0.998405 97.6176 
-0.998783 0.00189217 0.049293 -19.034 0.00324178 0.999622 0.0273138 -1.28047 -0.0492227 0.0274404 -0.998411 95.1246 
-0.998922 -4.42798e-05 0.0464134 -18.9315 0.00129736 0.999582 0.0288757 -1.25524 -0.0463952 0.0289048 -0.998505 93.8525 
-0.999052 -0.00189455 0.0434902 -18.8424 -0.000718946 0.999634 0.0270311 -1.22303 -0.0435255 0.0269742 -0.998688 92.5699 
-0.999212 -0.00174245 0.0396501 -18.7546 -0.000638379 0.999612 0.0278411 -1.20202 -0.0396832 0.0277938 -0.998826 91.2679 
-0.999283 -0.00132582 0.0378396 -18.6917 -0.000347492 0.999666 0.0258495 -1.18103 -0.0378612 0.0258179 -0.998949 89.9562 
-0.999373 0.000569516 0.0354052 -18.6415 0.00115885 0.999861 0.0166272 -1.16157 -0.0353909 0.0166578 -0.999235 88.6348 
-0.999451 0.00150187 0.0331049 -18.6123 0.00196779 0.999899 0.0140459 -1.14631 -0.0330804 0.0141033 -0.999353 87.291 
-0.999537 0.00310899 0.0302553 -18.5709 0.0037557 0.999765 0.0213417 -1.13551 -0.0301819 0.0214455 -0.999314 85.9199 
-0.999604 0.00433917 0.0277876 -18.5195 0.00511054 0.999602 0.0277489 -1.11406 -0.0276562 0.0278799 -0.999229 84.5349 
-0.999683 0.00317628 0.0249894 -18.473 0.00387792 0.999598 0.0280796 -1.08735 -0.0248901 0.0281676 -0.999293 83.1397 
-0.985392 0.0568871 0.160518 -5170.9 0.060534 0.998005 0.0179175 313.714 -0.159179 0.0273726 -0.98687 10529.8 
-0.985849 0.0598236 0.1566 -5170.43 0.0634164 0.997824 0.0180433 313.762 -0.15518 0.027719 -0.987497 10526.9 
-0.986261 0.0610793 0.15349 -5169.97 0.0651774 0.997635 0.0218067 313.787 -0.151795 0.0315112 -0.98791 10524 
-0.986637 0.0591189 0.15183 -5169.73 0.0635964 0.997667 0.0248013 313.799 -0.15001 0.0341257 -0.988095 10522.6 
-0.987429 0.0543906 0.148413 -5169.26 0.0592975 0.997824 0.0288372 313.815 -0.146521 0.0372752 -0.988505 10519.7 
-0.987742 0.0556293 0.145848 -5168.82 0.0601964 0.997819 0.0270871 313.838 -0.144023 0.0355346 -0.988936 10516.8 
-0.988129 0.0535245 0.144002 -5168.37 0.0582004 0.997899 0.0284539 313.861 -0.142177 0.0364971 -0.989168 10513.9 
-0.98843 0.054163 0.14168 -5167.9 0.058265 0.997989 0.0249632 313.904 -0.140043 0.0329294 -0.989598 10511 
-0.988546 0.054147 0.140869 -5167.45 0.0589958 0.997793 0.0304718 313.93 -0.138908 0.0384335 -0.989559 10508.1 
-0.987997 0.0545461 0.144525 -5167.27 0.0594878 0.997775 0.0300914 315.29 -0.142562 0.0383277 -0.989043 10494.1 
