1 1.19763e-11 1.70464e-10 5.55111e-17 1.19763e-11 1 3.5625e-10 0 1.70464e-10 3.5625e-10 1 2.22045e-16 
0.999754 -0.0080102 0.0206713 0.0541807 0.00800831 0.999968 0.000174444 -0.0200812 -0.020672 -8.85798e-06 0.999786 0.879235 
0.999789 -0.0134262 -0.0155588 0.057859 0.0133453 0.999897 -0.00528982 -0.0433315 0.0156282 0.00508107 0.999865 2.16198 
0.997237 -0.00450796 -0.0741536 -0.030863 0.00401261 0.999969 -0.0068277 -0.0708538 0.0741821 0.00651129 0.997224 3.24715 
0.991085 -0.00626009 -0.133084 -0.193124 0.00565728 0.999972 -0.00490715 -0.0948039 0.133111 0.00411051 0.991093 4.41836 
0.984582 -0.00488431 -0.174855 -0.441034 0.00414308 0.999981 -0.00460392 -0.123056 0.174874 0.00380849 0.984583 5.68309 
0.97974 -0.00723613 -0.200145 -0.727014 0.00521548 0.99993 -0.0106213 -0.14955 0.200208 0.00936229 0.979709 7.05753 
0.974445 -0.0179421 -0.22391 -1.05287 0.014605 0.999756 -0.0165511 -0.187051 0.224152 0.0128579 0.974469 8.55498 
0.968217 -0.0117573 -0.249833 -1.46151 0.00541003 0.999645 -0.0260775 -0.243439 0.250051 0.0238971 0.967938 10.149 
0.96361 -0.0170169 -0.26677 -1.74603 0.00936284 0.999508 -0.0299375 -0.301708 0.267148 0.0263504 0.963295 11.2615 
0.956795 -0.0164272 -0.290299 -2.24733 0.00478174 0.999157 -0.0407793 -0.386295 0.290724 0.0376293 0.956067 13.0013 
0.952471 -0.018583 -0.304062 -2.81937 -0.00121639 0.997898 -0.0647976 -0.478137 0.304627 0.0620877 0.950446 14.8415 
0.948193 -0.0153812 -0.317321 -3.47158 -0.0130072 0.99611 -0.0871505 -0.630815 0.317428 0.086763 0.944305 16.7949 
0.943182 -0.00961 -0.332138 -4.20623 -0.0256314 0.994499 -0.101561 -0.844372 0.331287 0.104303 0.937747 18.801 
0.936868 -0.0075193 -0.349602 -5.00232 -0.0294695 0.994514 -0.100363 -1.09105 0.348439 0.10433 0.931507 20.9243 
0.927739 -0.00507723 -0.373195 -5.89573 -0.0307004 0.995481 -0.0898626 -1.35312 0.371964 0.0948263 0.923391 23.1412 
0.916801 0.00348662 -0.39933 -6.89367 -0.0379648 0.996194 -0.0784635 -1.60697 0.397536 0.0870958 0.913444 25.3849 
0.904883 0.00460814 -0.425635 -7.98219 -0.0402168 0.996394 -0.0747117 -1.83986 0.423756 0.084723 0.901805 27.6887 
0.893453 0.00628626 -0.449113 -9.16441 -0.0386365 0.997271 -0.0629036 -2.06021 0.447492 0.0735536 0.891258 30.0597 
0.885829 0.00584929 -0.463975 -10.0071 -0.0361449 0.997752 -0.0564299 -2.19645 0.462602 0.0667576 0.884049 31.675 
0.876405 0.0044446 -0.481554 -11.3541 -0.0336562 0.998078 -0.0520406 -2.38108 0.480397 0.0618159 0.87487 34.1521 
0.871601 0.00216716 -0.490212 -12.3023 -0.0319671 0.998113 -0.0524253 -2.50533 0.489173 0.0613646 0.870025 35.8444 
0.869749 0.00252515 -0.493488 -13.2883 -0.0322997 0.998134 -0.0518192 -2.63809 0.492437 0.0610092 0.868207 37.6162 
0.868773 1.96643e-05 -0.49521 -14.808 -0.0285815 0.998335 -0.0501023 -2.84176 0.494385 0.0576814 0.867327 40.3431 
0.866109 -0.00315282 -0.499846 -15.8674 -0.0247012 0.998488 -0.0490991 -2.97659 0.499245 0.0548719 0.864722 42.1904 
0.857317 -0.00232274 -0.514784 -17.4925 -0.020298 0.99906 -0.038312 -3.17307 0.514389 0.0432946 0.856464 44.9497 
0.839803 -0.0103353 -0.542793 -19.2123 -0.0160177 0.998912 -0.0438028 -3.35651 0.542655 0.04548 0.838724 47.6623 
0.824474 -0.00142081 -0.565898 -21.057 -0.021837 0.999172 -0.0343237 -3.51714 0.565478 0.0406565 0.823761 50.2968 
0.81458 -0.00693314 -0.580009 -22.9253 -0.0249219 0.998587 -0.0469375 -3.69662 0.579515 0.0526893 0.813257 52.8739 
0.804763 -0.00107241 -0.593595 -24.8457 -0.0245564 0.999082 -0.0350972 -3.8757 0.593088 0.0428215 0.803998 55.4567 
0.794043 -0.00449012 -0.607845 -26.809 -0.0246916 0.998909 -0.0396343 -4.0193 0.607359 0.04648 0.793066 58.0151 
0.785123 -0.00569829 -0.619313 -28.1597 -0.0235569 0.998959 -0.0390552 -4.12609 0.618891 0.0452522 0.784172 59.6958 
0.769223 -0.00810874 -0.63893 -30.245 -0.0229943 0.99892 -0.0403608 -4.30839 0.638567 0.0457382 0.768206 62.1921 
0.757811 -0.0105098 -0.65239 -31.6783 -0.0222484 0.998873 -0.0419351 -4.43169 0.652095 0.0462935 0.756722 63.8405 
0.74534 -0.0132177 -0.666553 -33.1606 -0.0206356 0.998867 -0.0428823 -4.55824 0.666365 0.0457166 0.744223 65.4899 
0.732543 -0.013498 -0.680587 -34.6737 -0.019273 0.998991 -0.0405571 -4.69083 0.680448 0.0428267 0.731544 67.0945 
0.713385 -0.0164426 -0.70058 -37.0546 -0.019198 0.998891 -0.0429928 -4.90623 0.700509 0.0441201 0.712278 69.473 
0.702843 -0.0150363 -0.711187 -38.6925 -0.0208797 0.99891 -0.0417542 -5.05786 0.711039 0.044196 0.701762 71.0526 
0.687532 -0.020307 -0.72587 -41.1928 -0.0211282 0.998626 -0.0479499 -5.29236 0.725846 0.0483034 0.686159 73.4057 
0.672242 -0.0200462 -0.740061 -43.7838 -0.0209892 0.998715 -0.0461182 -5.52705 0.740034 0.0465358 0.670957 75.7356 
0.662209 -0.0221648 -0.748991 -45.5383 -0.0191289 0.998737 -0.046468 -5.67712 0.749075 0.0450989 0.660949 77.2778 
0.649816 -0.0259303 -0.759649 -48.239 -0.0145525 0.99881 -0.0465424 -5.89842 0.759953 0.0412988 0.648665 79.5962 
0.633965 -0.0393573 -0.77236 -51.0016 -0.00163804 0.998634 -0.0522321 -6.1534 0.77336 0.0343785 0.633034 81.8906 
0.607344 -0.0424892 -0.793302 -53.8665 0.00668987 0.998807 -0.0483743 -6.41201 0.794411 0.0240728 0.606904 84.1349 
0.588564 -0.043998 -0.807253 -55.8416 0.005492 0.998713 -0.0504291 -6.57787 0.808432 0.0252473 0.588047 85.5773 
0.558199 -0.0482677 -0.828302 -58.8809 0.00899574 0.9986 -0.0521292 -6.83733 0.829659 0.0216472 0.557851 87.6763 
0.537129 -0.0484212 -0.842109 -60.9641 0.0107306 0.998662 -0.0505786 -7.01508 0.843432 0.0181309 0.536931 89.0272 
0.506467 -0.0511064 -0.860743 -64.1713 0.00765584 0.998469 -0.0547791 -7.28391 0.862225 0.0211541 0.506083 90.9595 
0.487756 -0.0491068 -0.871598 -66.3733 0.00582533 0.998577 -0.0530011 -7.46567 0.872961 0.0207743 0.487348 92.2009 
0.464232 -0.0505598 -0.884269 -69.7287 0.00832206 0.998574 -0.0527264 -7.73132 0.885675 0.0171184 0.463991 93.9987 
0.450858 -0.0566813 -0.890794 -71.9916 0.0120279 0.998277 -0.0574327 -7.91415 0.892515 0.0151796 0.450763 95.1581 
0.440436 -0.0611829 -0.895697 -74.2625 0.0164841 0.998058 -0.0600694 -8.11009 0.897633 0.011692 0.44059 96.2881 
0.428845 -0.0558798 -0.901648 -77.6761 0.0228107 0.998437 -0.051029 -8.39673 0.90309 0.00131627 0.429449 97.9397 
0.420922 -0.054206 -0.905476 -81.0631 0.0277344 0.998515 -0.0468831 -8.66199 0.906673 -0.00537875 0.4218 99.5329 
0.41603 -0.0555315 -0.907654 -83.2801 0.0324628 0.998404 -0.0462042 -8.828 0.908771 -0.0102426 0.417169 100.563 
0.411232 -0.0540687 -0.909926 -85.4619 0.0375087 0.998398 -0.0423741 -8.99653 0.910759 -0.0167045 0.412601 101.554 
0.40792 -0.0562215 -0.911285 -87.6204 0.0410825 0.998222 -0.0431952 -9.14951 0.912093 -0.0198177 0.409504 102.509 
0.407593 -0.0579514 -0.911323 -89.7402 0.0401783 0.998156 -0.0455033 -9.30589 0.91228 -0.0180686 0.409169 103.428 
0.419059 -0.0580605 -0.906101 -92.8503 0.0339684 0.998257 -0.0482558 -9.54042 0.907324 -0.0105568 0.4203 104.784 
0.431814 -0.0570946 -0.900154 -94.8824 0.0322541 0.998334 -0.0478493 -9.68029 0.901386 -0.00837171 0.432935 105.733 
0.458354 -0.0547039 -0.887084 -97.8684 0.0295935 0.99849 -0.0462831 -9.88676 0.888277 -0.00503785 0.459281 107.211 
0.478692 -0.0567894 -0.876144 -99.8058 0.02678 0.998386 -0.0500812 -10.0267 0.877574 0.000510293 0.47944 108.24 
0.502336 -0.05599 -0.862858 -101.7 0.0229246 0.998413 -0.0514399 -10.1557 0.864368 0.00605944 0.502823 109.333 
0.527775 -0.0508167 -0.847863 -103.56 0.0203956 0.998679 -0.0471601 -10.2764 0.849139 0.00759722 0.528114 110.48 
0.551244 -0.0509488 -0.832787 -105.378 0.0209941 0.998665 -0.0472005 -10.3773 0.83408 0.00853542 0.551577 111.659 
0.573517 -0.053129 -0.817469 -107.124 0.0231514 0.998547 -0.0486552 -10.4838 0.818866 0.00897901 0.573914 112.86 
0.595181 -0.051216 -0.801958 -108.816 0.0230414 0.998644 -0.0466768 -10.5997 0.803261 0.00930296 0.595554 114.087 
0.615348 -0.0466776 -0.786873 -110.448 0.0219338 0.998873 -0.0421009 -10.7145 0.787951 0.00864758 0.615678 115.333 
0.635275 -0.0458613 -0.770923 -112.022 0.0183267 0.998849 -0.0443183 -10.8275 0.772069 0.0140258 0.635384 116.59 
0.653929 -0.043555 -0.755301 -113.542 0.0179591 0.998954 -0.0420567 -10.9407 0.756342 0.0139376 0.654027 117.859 
0.679007 -0.0404149 -0.733019 -115.731 0.0172534 0.999086 -0.0391024 -11.1043 0.733929 0.0139037 0.679084 119.773 
0.694051 -0.0371652 -0.718966 -117.123 0.0159197 0.999215 -0.036284 -11.2038 0.71975 0.0137372 0.694098 121.057 
0.70952 -0.0319735 -0.703959 -118.446 0.0134061 0.999402 -0.0318804 -11.2851 0.704557 0.0131825 0.709525 122.324 
0.72569 -0.0289604 -0.687412 -119.702 0.0105753 0.999465 -0.0309429 -11.3678 0.687941 0.0151854 0.725608 123.578 
0.744327 -0.022132 -0.667448 -120.896 0.00771939 0.999669 -0.0245396 -11.4425 0.667771 0.0131132 0.744252 124.857 
0.774603 -0.0201804 -0.632125 -122.564 0.00457804 0.999644 -0.0263033 -11.543 0.632431 0.0174808 0.77442 126.794 
0.80509 -0.0161494 -0.592933 -124.115 0.00368872 0.999746 -0.0222209 -11.6398 0.593142 0.0157027 0.804945 128.785 
0.824062 -0.0138147 -0.566331 -125.088 0.00489359 0.999839 -0.0172688 -11.7029 0.566478 0.0114591 0.823997 130.155 
0.839677 -0.0132747 -0.542924 -126.01 0.00684725 0.99988 -0.0138576 -11.7777 0.543043 0.00791839 0.839668 131.55 
0.860018 -0.0110049 -0.510145 -127.326 0.00528633 0.999906 -0.0126582 -11.8648 0.510237 0.00818952 0.859995 133.694 
0.877562 -0.0117784 -0.479319 -128.575 0.00621132 0.999894 -0.0131987 -11.9381 0.479423 0.00860546 0.877541 135.915 
0.888738 -0.0102415 -0.458302 -129.799 0.00630721 0.999929 -0.0101141 -11.9762 0.458373 0.00609818 0.888739 138.221 
0.895269 -0.00310999 -0.445515 -130.625 0.00215284 0.999994 -0.00265445 -11.9994 0.44552 0.00141732 0.895271 139.817 
0.90183 0.00126562 -0.432089 -131.443 -0.000728227 0.999999 0.00140915 -12.0124 0.432091 -0.000956148 0.90183 141.462 
0.90857 0.00265766 -0.417724 -132.254 5.30822e-06 0.99998 0.00637366 -12.0193 0.417733 -0.00579313 0.908551 143.168 
0.915819 0.00180468 -0.401586 -133.054 0.00117063 0.999974 0.0071634 -12.0227 0.401589 -0.00703049 0.915793 144.929 
0.928291 -0.00365101 -0.371837 -134.221 0.00528238 0.99998 0.0033688 -12.0292 0.371817 -0.00509141 0.928292 147.697 
0.9395 0.00116569 -0.342548 -134.944 -1.171e-05 0.999994 0.00337087 -12.0506 0.34255 -0.00316292 0.939494 149.597 
0.952744 0.00828709 -0.303663 -135.607 -0.00612592 0.999949 0.00806893 -12.0705 0.303714 -0.0058274 0.952745 151.595 
0.965382 0.0113209 -0.260593 -136.188 -0.00891705 0.999906 0.010405 -12.0858 0.260687 -0.00772111 0.965393 153.655 
0.976227 0.0139896 -0.216299 -136.683 -0.0107177 0.99981 0.0162929 -12.0991 0.216486 -0.0135873 0.976191 155.79 
0.98514 0.0177017 -0.170839 -137.094 -0.0138115 0.999618 0.023933 -12.0954 0.171197 -0.0212178 0.985008 158 
0.991847 0.0185354 -0.126083 -137.415 -0.0159259 0.999638 0.0216739 -12.0801 0.126439 -0.0194892 0.991783 160.268 
0.996307 0.0169664 -0.0841671 -137.639 -0.015153 0.99964 0.0221385 -12.0515 0.0845125 -0.0207813 0.996206 162.601 
0.998901 0.0178565 -0.0433356 -137.77 -0.0167714 0.99954 0.0252761 -12.0173 0.0437669 -0.0245215 0.998741 165 
0.99981 0.0194102 -0.00163239 -137.812 -0.0193595 0.999452 0.0268335 -11.9852 0.00215235 -0.0267968 0.999639 167.452 
0.998961 0.022794 0.0394624 -137.76 -0.0237843 0.999409 0.0248089 -11.9608 -0.0388736 -0.0257217 0.998913 169.938 
0.996596 0.0248798 0.0785936 -137.603 -0.0265145 0.999452 0.0198251 -11.9419 -0.0780572 -0.0218415 0.99671 172.461 
0.99278 0.0251548 0.117286 -137.342 -0.0270906 0.999521 0.0149402 -11.9431 -0.116854 -0.0180096 0.992986 175.019 
0.987625 0.0277097 0.154369 -136.98 -0.0285562 0.999587 0.0032683 -11.965 -0.154215 -0.00763604 0.988008 177.606 
0.981281 0.03197 0.18991 -136.522 -0.0313867 0.999489 -0.00607944 -12.0114 -0.190008 4.98218e-06 0.981783 180.228 
0.973673 0.0339805 0.225404 -135.962 -0.0327531 0.999421 -0.00918368 -12.0826 -0.225586 0.00155921 0.974222 182.88 
0.965142 0.0326489 0.259682 -135.291 -0.0299421 0.999448 -0.0143735 -12.1685 -0.260008 0.00609709 0.965587 185.551 
0.955525 0.0357379 0.292738 -134.53 -0.0314449 0.999318 -0.0193593 -12.2671 -0.29323 0.00929313 0.955997 188.231 
0.943902 0.0416723 0.327584 -133.677 -0.0361343 0.999083 -0.0229768 -12.3638 -0.328242 0.00985078 0.944542 190.928 
0.93129 0.0436519 0.361655 -132.704 -0.0354524 0.998942 -0.0292802 -12.4735 -0.36255 0.0144468 0.931852 193.619 
0.916569 0.0466853 0.397143 -131.621 -0.03357 0.998639 -0.0399165 -12.6128 -0.398466 0.0232541 0.916888 196.301 
0.895871 0.0530942 0.441131 -130.412 -0.0370782 0.998305 -0.0448551 -12.7831 -0.442765 0.023828 0.896321 198.974 
0.869333 0.0618831 0.490337 -129.061 -0.0424778 0.997814 -0.0506192 -12.973 -0.492398 0.0231765 0.870062 201.617 
0.840394 0.0670996 0.537807 -127.547 -0.0435947 0.99746 -0.0563261 -13.1825 -0.540221 0.0238905 0.841184 204.19 
0.809425 0.0703839 0.58299 -125.88 -0.0412718 0.997155 -0.0630838 -13.4134 -0.585771 0.0270005 0.810027 206.684 
0.777712 0.074542 0.624186 -124.069 -0.0376043 0.996683 -0.0721732 -13.6703 -0.627496 0.0326578 0.777935 209.09 
0.746315 0.0763897 0.661195 -122.129 -0.0339956 0.99647 -0.076753 -13.9531 -0.664724 0.0348042 0.746278 211.424 
0.716494 0.0777793 0.693243 -120.073 -0.0296529 0.996262 -0.0811294 -14.2463 -0.696963 0.0375721 0.716123 213.663 
0.687314 0.0810311 0.721827 -117.911 -0.0243741 0.995771 -0.088575 -14.5546 -0.725951 0.0432849 0.686383 215.82 
0.657112 0.0839609 0.749102 -115.657 -0.0218451 0.995481 -0.0924131 -14.8897 -0.753476 0.0443616 0.655977 217.895 
0.623725 0.0860337 0.776895 -113.327 -0.0241943 0.995573 -0.090826 -15.2293 -0.78127 0.037854 0.623045 219.882 
0.588341 0.0884689 0.803759 -110.946 -0.0295791 0.995686 -0.0879427 -15.5659 -0.808072 0.0279659 0.58842 221.745 
0.552815 0.0950467 0.827866 -108.535 -0.0319238 0.99516 -0.0929363 -15.8986 -0.832692 0.0249479 0.553173 223.465 
0.513424 0.0942652 0.852942 -106.071 -0.0329122 0.99538 -0.0901958 -16.2328 -0.857504 0.0182365 0.514155 225.055 
0.471096 0.091264 0.877348 -103.583 -0.0333863 0.995765 -0.0856552 -16.5541 -0.88145 0.0110605 0.472149 226.502 
0.428665 0.0896088 0.899009 -101.071 -0.031666 0.995948 -0.0841723 -16.8614 -0.902909 0.00761373 0.429766 227.793 
0.387206 0.089209 0.917667 -98.5491 -0.0266526 0.995975 -0.0855756 -17.1616 -0.921608 0.00867709 0.388025 228.935 
0.345936 0.0866898 0.934245 -96.0257 -0.0203263 0.996181 -0.0849105 -17.4558 -0.938038 0.0103839 0.346377 229.936 
0.305397 0.0904669 0.947918 -93.5117 -0.0191822 0.995859 -0.0888622 -17.749 -0.952032 0.00895509 0.305868 230.819 
0.266852 0.108134 0.957652 -91.0401 -0.0216851 0.994107 -0.106208 -18.0604 -0.963494 0.00757505 0.267624 231.573 
0.2269 0.112763 0.967368 -88.5775 -0.0268599 0.993621 -0.109523 -18.3936 -0.973548 -0.00113258 0.228481 232.223 
0.187395 0.113145 0.975747 -86.1384 -0.0321106 0.993519 -0.109039 -18.7242 -0.98176 -0.0108985 0.189813 232.764 
0.149539 0.111724 0.982423 -83.7128 -0.0316205 0.993628 -0.108185 -19.0486 -0.98825 -0.0148868 0.152119 233.199 
0.111784 0.115377 0.987012 -81.3171 -0.0332629 0.993115 -0.112324 -19.3698 -0.993176 -0.0202749 0.114852 233.532 
0.0753281 0.114561 0.990556 -78.953 -0.0338641 0.993099 -0.11228 -19.687 -0.996584 -0.0250865 0.0786879 233.774 
0.045705 0.106235 0.99329 -76.5971 -0.0305118 0.994014 -0.104909 -20.0032 -0.998489 -0.0255122 0.0486728 233.929 
0.02258 0.102634 0.994463 -74.3374 -0.0276361 0.9944 -0.102 -20.295 -0.999363 -0.0251799 0.02529 234.018 
0.00711642 0.107023 0.994231 -72.1143 -0.0286288 0.99387 -0.10678 -20.5793 -0.999565 -0.0277037 0.0101367 234.07 
-0.00419388 0.118896 0.992898 -69.9512 -0.0285793 0.992487 -0.118967 -20.8751 -0.999583 -0.0288753 -0.000764409 234.094 
-0.0127112 0.114916 0.993294 -67.8108 -0.0295388 0.992897 -0.115248 -21.1677 -0.999483 -0.0308057 -0.00922648 234.097 
-0.016591 0.102264 0.994619 -64.6588 -0.0279295 0.99432 -0.102699 -21.5617 -0.999472 -0.0294831 -0.0136406 234.077 
-0.012607 0.108618 0.994004 -61.596 -0.0319057 0.993533 -0.108972 -21.9485 -0.999411 -0.0330882 -0.00905994 234.076 
-0.00112466 0.113437 0.993545 -58.5896 -0.0367538 0.992869 -0.113402 -22.3345 -0.999324 -0.036644 0.00305261 234.109 
0.01166 0.109901 0.993874 -56.593 -0.0375214 0.99329 -0.109397 -22.5944 -0.999228 -0.0360159 0.0157054 234.154 
0.0265786 0.11087 0.993479 -54.6313 -0.0344327 0.993342 -0.109934 -22.8488 -0.999054 -0.0312863 0.0302192 234.221 
0.040326 0.109381 0.993182 -52.6695 -0.036086 0.993501 -0.107951 -23.1039 -0.998535 -0.0314867 0.044011 234.321 
0.0538402 0.105298 0.992982 -50.7175 -0.0373327 0.993942 -0.103375 -23.353 -0.997852 -0.0315049 0.057445 234.447 
0.067782 0.108346 0.9918 -48.79 -0.0372216 0.993669 -0.106006 -23.5977 -0.997006 -0.0297311 0.0713856 234.601 
0.0877187 0.112992 0.989716 -45.9147 -0.0409743 0.993114 -0.109749 -23.9657 -0.995302 -0.0309259 0.0917445 234.881 
0.107395 0.108327 0.988297 -43.0566 -0.0436042 0.993603 -0.10417 -24.3358 -0.99326 -0.0319065 0.111432 235.221 
0.120995 0.108749 0.986678 -41.1668 -0.0435087 0.993607 -0.104177 -24.5705 -0.991699 -0.0303242 0.124952 235.479 
0.137188 0.111188 0.984285 -39.2912 -0.0400785 0.993489 -0.106642 -24.8056 -0.989734 -0.0248188 0.140751 235.758 
0.156337 0.114613 0.981031 -37.4365 -0.040405 0.993155 -0.109591 -25.0356 -0.986877 -0.0225054 0.159898 236.072 
0.173534 0.112132 0.978423 -34.6718 -0.0469443 0.993309 -0.105512 -25.3786 -0.983708 -0.0276215 0.177637 236.603 
0.182185 0.116047 0.976392 -31.8721 -0.0463081 0.992922 -0.109371 -25.7165 -0.982173 -0.0252891 0.18627 237.159 
0.189024 0.116124 0.975082 -29.9809 -0.0438139 0.992992 -0.109763 -25.952 -0.980995 -0.0219743 0.192787 237.542 
0.196288 0.115196 0.973756 -28.0779 -0.0434901 0.993121 -0.10872 -26.2 -0.979581 -0.0210082 0.199948 237.945 
0.204227 0.109446 0.972786 -26.1642 -0.0406432 0.993822 -0.10328 -26.4524 -0.97808 -0.0184446 0.207413 238.361 
0.216276 0.11278 0.969796 -24.2477 -0.0381699 0.993523 -0.107027 -26.6951 -0.975586 -0.0138696 0.21918 238.792 
0.229685 0.111209 0.966891 -22.3264 -0.0373416 0.993726 -0.105425 -26.9405 -0.972549 -0.0118906 0.232396 239.249 
0.247754 0.109895 0.96257 -20.4201 -0.034385 0.993917 -0.104623 -27.1824 -0.968213 -0.00717704 0.250026 239.738 
0.281088 0.107754 0.953613 -17.5859 -0.0314673 0.994177 -0.103062 -27.5442 -0.959166 -0.00103804 0.282842 240.558 
0.30268 0.108349 0.946914 -15.7165 -0.0345995 0.994112 -0.10269 -27.7835 -0.952464 -0.00168056 0.304646 241.163 
0.323637 0.111719 0.939563 -13.8654 -0.0381775 0.993738 -0.105011 -28.0228 -0.945411 -0.00188484 0.325875 241.811 
0.342456 0.110289 0.933038 -12.0278 -0.0423245 0.993889 -0.101947 -28.2667 -0.93858 -0.00457791 0.345031 242.498 
0.358309 0.107849 0.927353 -10.2022 -0.0432927 0.994156 -0.0988904 -28.5052 -0.932599 -0.00471423 0.360884 243.217 
0.381873 0.108034 0.917879 -7.50411 -0.0468517 0.994131 -0.0975161 -28.855 -0.923027 -0.00576542 0.384693 244.352 
0.406594 0.107192 0.907299 -4.8639 -0.0481803 0.994227 -0.0958707 -29.1959 -0.912338 -0.00473348 0.409411 245.543 
0.423856 0.102159 0.89995 -3.1383 -0.0483927 0.994754 -0.090129 -29.4136 -0.904436 -0.00534925 0.426576 246.366 
0.44109 0.0996404 0.891915 -1.44517 -0.0516281 0.994989 -0.0856231 -29.6185 -0.895977 -0.00828039 0.444024 247.224 
0.465803 0.0981733 0.879426 1.04535 -0.0555864 0.99511 -0.0816453 -29.9107 -0.883141 -0.0108535 0.468982 248.561 
0.491024 0.0987601 0.86553 3.47195 -0.0563297 0.995073 -0.0815851 -30.185 -0.869323 -0.00869487 0.494168 249.951 
0.506995 0.0963701 0.856545 5.06951 -0.0569139 0.995304 -0.0782943 -30.3632 -0.860068 -0.00905455 0.510099 250.915 
0.518605 0.0919252 0.850058 6.6574 -0.0575855 0.995701 -0.0725432 -30.5354 -0.853073 -0.0113297 0.521669 251.91 
0.52815 0.0849965 0.844887 9.01696 -0.0597492 0.996232 -0.0628719 -30.8014 -0.847047 -0.0172756 0.531238 253.495 
0.533178 0.0859192 0.841629 11.3695 -0.0603145 0.996158 -0.0634849 -31.0576 -0.84385 -0.0169137 0.536312 255.107 
0.538312 0.0815971 0.838786 13.7491 -0.0562279 0.996561 -0.0608598 -31.3114 -0.840868 -0.0144016 0.541049 256.711 
0.540872 0.0757949 0.837683 15.3464 -0.0546308 0.996994 -0.0549358 -31.4676 -0.839329 -0.0160501 0.543387 257.781 
0.542594 0.0715917 0.836939 16.9528 -0.0542755 0.997267 -0.050119 -31.6105 -0.83824 -0.018231 0.544997 258.864 
0.543784 0.0720797 0.836124 18.5572 -0.0558182 0.997205 -0.049664 -31.7454 -0.837367 -0.0196645 0.546287 259.943 
0.544846 0.0678314 0.835788 20.1889 -0.0551068 0.997465 -0.045029 -31.8809 -0.836723 -0.0215238 0.547203 261.03 
0.546325 0.0635116 0.835162 21.8285 -0.0545535 0.997702 -0.0401859 -32.0056 -0.835795 -0.0236064 0.548535 262.121 
0.548641 0.0606274 0.833857 23.4653 -0.0538552 0.997859 -0.0371172 -32.1241 -0.834322 -0.0245435 0.550731 263.212 
0.552168 0.056365 0.831826 25.0995 -0.053025 0.998066 -0.0324315 -32.239 -0.832045 -0.0261999 0.554089 264.306 
0.557091 0.0542615 0.828677 26.7183 -0.0529627 0.998153 -0.0297538 -32.3453 -0.828761 -0.0273134 0.558936 265.404 
0.564641 0.0472749 0.823982 28.3374 -0.0503485 0.998472 -0.0227842 -32.4411 -0.8238 -0.0286213 0.566158 266.511 
0.576728 0.0433417 0.815786 29.9363 -0.0459838 0.998731 -0.0205526 -32.5292 -0.815641 -0.0256597 0.577989 267.632 
0.588496 0.044873 0.807254 31.5154 -0.0489166 0.998606 -0.0198491 -32.6112 -0.807019 -0.027807 0.589871 268.787 
0.601943 0.0390396 0.797584 33.0674 -0.0479605 0.998769 -0.0126909 -32.681 -0.797097 -0.0306133 0.603075 269.951 
0.617583 0.0377524 0.785599 34.6062 -0.0446984 0.998918 -0.0128649 -32.7432 -0.785235 -0.0271699 0.618602 271.144 
0.635902 0.0351635 0.770968 36.1231 -0.0416152 0.99907 -0.0112425 -32.796 -0.770647 -0.0249349 0.636774 272.38 
0.654068 0.0316858 0.755772 37.619 -0.0401563 0.999168 -0.00713776 -32.8471 -0.755369 -0.0256804 0.654796 273.665 
0.672123 0.0294513 0.739854 39.0971 -0.0407179 0.999167 -0.00278336 -32.8903 -0.739319 -0.0282545 0.672762 274.998 
0.689751 0.0241462 0.723644 40.5627 -0.040219 0.999178 0.00499519 -32.9224 -0.722929 -0.0325497 0.690155 276.384 
0.707249 0.0144253 0.706818 42.011 -0.0345938 0.9993 0.0142204 -32.9405 -0.706118 -0.0345089 0.707253 277.814 
0.736318 0.00622278 0.676606 44.1389 -0.0248782 0.99953 0.017881 -32.9411 -0.676178 -0.0299989 0.736128 280.056 
0.76424 0.000115799 0.644932 46.188 -0.0220929 0.999418 0.0260005 -32.9205 -0.644553 -0.034119 0.763798 282.426 
0.782149 -0.00393819 0.62308 47.5142 -0.01879 0.999376 0.0299036 -32.8956 -0.622809 -0.0350968 0.781587 284.071 
0.802785 0.000431403 0.596268 49.4318 -0.0249484 0.999148 0.0328663 -32.8512 -0.595746 -0.0412605 0.802112 286.627 
0.819505 0.00664819 0.573033 51.2941 -0.0308874 0.998992 0.0325826 -32.8014 -0.572239 -0.0444012 0.818884 289.274 
0.83343 0.0127744 0.552477 53.1013 -0.0425174 0.998252 0.0410572 -32.7322 -0.550987 -0.0577082 0.832516 292.012 
0.839839 0.0178492 0.542542 54.2851 -0.0501769 0.997733 0.0448477 -32.6779 -0.540512 -0.0648878 0.838831 293.874 
0.842884 0.0279789 0.537368 55.4626 -0.0552605 0.997868 0.0347229 -32.6281 -0.53525 -0.0589626 0.842633 295.748 
0.844217 0.0340783 0.534918 56.6464 -0.0595557 0.997761 0.0304271 -32.5922 -0.532683 -0.0575444 0.844356 297.643 
0.845167 0.0323358 0.533523 57.844 -0.0590907 0.997702 0.0331383 -32.5585 -0.531225 -0.0595336 0.845136 299.554 
0.846214 0.0310037 0.531941 59.0466 -0.0565172 0.997897 0.0317463 -32.5256 -0.529838 -0.0569279 0.846186 301.474 
0.848075 0.0301329 0.529018 60.2525 -0.0538845 0.99811 0.0295303 -32.4999 -0.527129 -0.0535498 0.848096 303.405 
0.851957 0.0265533 0.522938 61.4546 -0.0505321 0.998221 0.0316388 -32.4766 -0.521168 -0.0533801 0.851783 305.353 
0.859993 0.025092 0.509688 62.6268 -0.0480946 0.99833 0.0320018 -32.4529 -0.508034 -0.0520346 0.859764 307.313 
0.871464 0.0233743 0.489902 63.7612 -0.0464904 0.998303 0.0350685 -32.4286 -0.488251 -0.0533367 0.871072 309.296 
0.884056 0.0247624 0.466724 64.8349 -0.0462547 0.998329 0.0346473 -32.4013 -0.465086 -0.0522183 0.883724 311.301 
0.901886 0.0232722 0.431348 66.3362 -0.0452686 0.998141 0.0407981 -32.3494 -0.429596 -0.0563217 0.901263 314.343 
0.913344 0.0239146 0.406486 67.2617 -0.0449973 0.998088 0.0423854 -32.3085 -0.404695 -0.0570032 0.912673 316.393 
0.923714 0.0306715 0.381853 68.1161 -0.0504824 0.997843 0.0419689 -32.2656 -0.379742 -0.0580441 0.92327 318.458 
0.931221 0.0401163 0.362241 68.9112 -0.0594466 0.997332 0.0423714 -32.2196 -0.359575 -0.0609911 0.931121 320.538 
0.937596 0.0414824 0.345243 70.0644 -0.059955 0.997275 0.0429964 -32.1471 -0.342519 -0.0610123 0.937528 323.661 
0.941197 0.0383977 0.335669 70.8184 -0.0558012 0.997543 0.0423529 -32.1014 -0.333218 -0.0585931 0.941027 325.743 
0.944827 0.0369859 0.325474 71.5445 -0.0526263 0.997838 0.039379 -32.0606 -0.323313 -0.0543348 0.944731 327.823 
0.948548 0.039578 0.31415 72.2398 -0.0539337 0.997854 0.0371338 -32.0242 -0.312006 -0.0521664 0.948647 329.914 
0.954874 0.0408187 0.294193 73.2254 -0.0568003 0.997326 0.0459817 -31.9682 -0.29153 -0.060617 0.954639 333.066 
0.957991 0.0396536 0.284045 73.8468 -0.0536511 0.99769 0.0416671 -31.9283 -0.281736 -0.055156 0.957905 335.152 
0.959984 0.0359468 0.277737 74.4568 -0.0492177 0.997948 0.0409566 -31.8909 -0.275695 -0.0529872 0.959784 337.228 
0.958282 0.0407414 0.282906 75.0417 -0.0547301 0.997629 0.0417169 -31.8601 -0.280536 -0.05546 0.95824 339.278 
0.951383 0.0475674 0.304315 75.6466 -0.0633685 0.997095 0.0422537 -31.8304 -0.301421 -0.0594834 0.951634 341.266 
0.942047 0.04302 0.332712 76.6143 -0.060776 0.997219 0.0431409 -31.7889 -0.32993 -0.0608616 0.942041 344.109 
0.939069 0.0409643 0.341279 77.2641 -0.0579841 0.997523 0.0398156 -31.7614 -0.338803 -0.0571784 0.939118 345.919 
0.940185 0.0379668 0.338542 77.9057 -0.0535242 0.997891 0.036734 -31.7352 -0.336433 -0.052657 0.940234 347.705 
0.945726 0.0327766 0.323308 78.5169 -0.0469942 0.998237 0.0362649 -31.7069 -0.32155 -0.0494902 0.945599 349.49 
0.959057 0.0255211 0.282061 79.3321 -0.0375533 0.998597 0.0373342 -31.6568 -0.280712 -0.0463979 0.95867 352.178 
0.975557 0.0187498 0.218947 79.9816 -0.0273287 0.99897 0.0362198 -31.6084 -0.218042 -0.0413179 0.975064 354.876 
0.985553 0.0190285 0.168297 80.2892 -0.0251812 0.999087 0.0345 -31.5773 -0.167487 -0.0382395 0.985132 356.68 
0.993433 0.022638 0.112153 80.4873 -0.0262634 0.999176 0.0309544 -31.5418 -0.11136 -0.0336967 0.993209 358.514 
0.998429 0.0224357 0.0513339 80.5779 -0.0241229 0.999181 0.0324869 -31.5089 -0.0505629 -0.0336742 0.998153 360.347 
0.999653 0.024178 -0.010437 80.554 -0.023848 0.999245 0.0306638 -31.4812 0.0111705 -0.0304043 0.999475 362.182 
0.995719 0.0303776 -0.0872941 80.3253 -0.0281073 0.999237 0.0271202 -31.4474 0.0880513 -0.0245505 0.995813 364.95 
0.991494 0.0466837 -0.121488 79.9483 -0.0424367 0.998402 0.0373153 -31.3969 0.123036 -0.0318423 0.991891 367.765 
0.990823 0.0504087 -0.125417 79.6839 -0.0476064 0.998547 0.025244 -31.3554 0.126507 -0.0190417 0.991783 369.659 
0.991654 0.052528 -0.117741 79.3057 -0.050011 0.998455 0.0242328 -31.3244 0.118832 -0.0181422 0.992749 372.585 
0.992456 0.0476929 -0.112946 79.0754 -0.046012 0.998788 0.017444 -31.3106 0.113641 -0.0121155 0.993448 374.578 
0.993052 0.0434954 -0.109339 78.8477 -0.0426985 0.999042 0.00962092 -31.3038 0.109653 -0.00488547 0.993958 376.617 
0.993185 0.0477171 -0.106332 78.4872 -0.0464277 0.998815 0.0145708 -31.3029 0.106901 -0.00953477 0.994224 379.779 
0.99292 0.0523491 -0.106627 78.2369 -0.0510949 0.998589 0.014462 -31.2977 0.107234 -0.00891147 0.994194 381.936 
0.992644 0.0539043 -0.108405 77.9805 -0.0528826 0.998525 0.0122808 -31.2953 0.108907 -0.00645769 0.994031 384.12 
0.992315 0.0499864 -0.113195 77.7243 -0.0495175 0.998749 0.00695231 -31.3122 0.113401 -0.00129375 0.993548 386.332 
0.991343 0.0409603 -0.124742 77.4537 -0.0401437 0.999153 0.00905375 -31.336 0.125007 -0.00396778 0.992148 388.562 
0.989042 0.0327088 -0.143963 77.1443 -0.0318782 0.999459 0.00807251 -31.3627 0.14415 -0.00339475 0.98955 390.785 
0.986162 0.0289146 -0.163242 76.7857 -0.0284082 0.999582 0.00543655 -31.3927 0.16333 -0.000723926 0.986571 392.998 
0.982921 0.0274968 -0.181962 76.3813 -0.0267002 0.99962 0.00682635 -31.4246 0.18208 -0.00185134 0.983282 395.209 
0.97945 0.0266276 -0.199923 75.9369 -0.0260102 0.999645 0.00571452 -31.4571 0.200004 -0.000397053 0.979795 397.401 
0.975848 0.02682 -0.216798 75.4531 -0.0268934 0.999635 0.00261256 -31.4923 0.216789 0.00328097 0.976213 399.564 
0.972544 0.02735 -0.231105 74.9473 -0.0275637 0.999617 0.00230466 -31.5408 0.231079 0.00412871 0.972926 401.713 
0.969834 0.0213734 -0.242828 74.425 -0.0222054 0.999753 -0.000689482 -31.5892 0.242753 0.00606077 0.970069 403.843 
0.967085 0.0119735 -0.254172 73.8806 -0.014917 0.999842 -0.0096563 -31.6441 0.254016 0.0131299 0.967111 405.96 
0.964225 0.00966536 -0.26491 73.3004 -0.0120392 0.999901 -0.00733877 -31.6999 0.264813 0.0102655 0.964245 408.08 
0.961945 0.00648045 -0.273167 72.6958 -0.00877244 0.999936 -0.00716983 -31.749 0.273103 0.00929332 0.96194 410.2 
0.960369 0.00814162 -0.278613 72.077 -0.0098749 0.99994 -0.0048182 -31.8039 0.278557 0.00737853 0.960391 412.325 
0.959611 0.00507931 -0.281286 71.4523 -0.00485955 0.999987 0.00147885 -31.8418 0.28129 -5.21939e-05 0.959623 414.455 
0.959022 -0.00510013 -0.283284 70.8311 0.00582576 0.999981 0.00171911 -31.8719 0.28327 -0.00329901 0.959035 416.589 
0.958384 -0.0115053 -0.285252 70.1995 0.0123743 0.999923 0.00124416 -31.9002 0.285215 -0.00472217 0.958452 418.733 
0.957619 -0.0143205 -0.287683 69.5554 0.0155612 0.999877 0.00202619 -31.9304 0.287618 -0.00641699 0.957724 420.879 
0.956934 -0.0103718 -0.290122 68.8972 0.0127763 0.999898 0.00639487 -31.9587 0.290026 -0.00982613 0.956968 423.028 
0.9566 -0.00533712 -0.291356 68.2361 0.0089361 0.999899 0.0110233 -31.9793 0.291268 -0.0131484 0.956551 425.167 
0.957076 -0.00208391 -0.28983 67.5828 0.0063983 0.999882 0.0139392 -31.9908 0.289767 -0.0151953 0.956977 427.297 
0.95809 -0.00107637 -0.286464 66.9449 0.00650288 0.999817 0.0179924 -31.9984 0.286392 -0.0191012 0.957922 429.428 
0.958979 0.00269273 -0.283463 66.3132 0.00393023 0.999733 0.0227932 -32.0034 0.283448 -0.0229723 0.958712 431.553 
0.959851 0.00551524 -0.280455 65.6926 0.00147979 0.999693 0.0247238 -32.0054 0.280506 -0.0241462 0.959549 433.668 
0.960583 0.00413218 -0.277964 65.0918 0.00301512 0.999676 0.0252806 -32.0068 0.277979 -0.0251222 0.960259 435.764 
0.961188 0.00188303 -0.275888 64.5017 0.00720436 0.999464 0.0319215 -32.0015 0.2758 -0.0326702 0.96066 437.857 
0.961811 -0.000306396 -0.273713 63.9183 0.0100382 0.999366 0.034155 -31.9844 0.273529 -0.0355983 0.961205 439.927 
0.962239 -0.00486272 -0.272163 63.3475 0.0149055 0.999282 0.0348446 -31.9629 0.271798 -0.0375855 0.96162 441.977 
0.962005 -0.0123696 -0.272751 62.7895 0.0222697 0.9992 0.0332312 -31.9421 0.272121 -0.0380426 0.961511 444.006 
0.961939 -0.0134534 -0.272931 62.235 0.0243094 0.99904 0.0364327 -31.9228 0.272179 -0.0416809 0.961343 446.017 
0.961573 -0.0133531 -0.274224 61.4055 0.0249738 0.99893 0.0389293 -31.887 0.273411 -0.0442818 0.960878 448.987 
0.961394 -0.0144671 -0.274797 60.8599 0.0261185 0.998906 0.0387881 -31.8587 0.273935 -0.0444679 0.96072 450.936 
0.960832 -0.0153068 -0.276707 60.0475 0.028049 0.998718 0.0421504 -31.8008 0.275707 -0.0482608 0.960029 453.821 
0.960778 -0.0125098 -0.277035 59.4995 0.0253895 0.998754 0.0429526 -31.745 0.276153 -0.0483017 0.959899 455.718 
0.9609 -0.00955592 -0.276731 58.9594 0.023352 0.998641 0.046601 -31.6879 0.27591 -0.0512411 0.959817 457.599 
0.960765 -0.00655818 -0.277285 58.1387 0.0226788 0.99823 0.0549701 -31.5928 0.276434 -0.0591018 0.959214 460.379 
0.95923 -0.00708379 -0.282539 57.3235 0.0264557 0.997547 0.0648078 -31.4732 0.281386 -0.0696404 0.957064 463.133 
0.957625 -0.00937175 -0.287866 56.5131 0.0303643 0.997186 0.0685466 -31.3505 0.286413 -0.0743828 0.955214 465.838 
0.957107 -0.0115958 -0.289504 55.9752 0.0331265 0.997026 0.0695817 -31.2685 0.287836 -0.0761874 0.954644 467.616 
0.957609 -0.0113001 -0.287849 55.4431 0.0328739 0.996989 0.0702253 -31.1895 0.286189 -0.0767111 0.955098 469.359 
0.957861 -0.0175447 -0.286696 54.9381 0.0396308 0.996659 0.0714159 -31.1066 0.284485 -0.0797685 0.955356 471.068 
0.958112 -0.0185882 -0.285789 54.4398 0.0405035 0.996656 0.0709644 -31.0289 0.283514 -0.0795673 0.955661 472.73 
0.958565 -0.0202761 -0.284151 53.9577 0.040953 0.996911 0.0670158 -30.9514 0.281914 -0.0758758 0.956435 474.335 
0.959316 -0.0200649 -0.281621 53.2567 0.0399396 0.997085 0.0650104 -30.8419 0.279495 -0.0736133 0.957321 476.667 
0.961049 -0.0224695 -0.275465 52.5824 0.0413894 0.997151 0.0630634 -30.7371 0.273263 -0.0720082 0.959241 478.964 
0.964293 -0.0244932 -0.263703 52.159 0.042038 0.997246 0.0610962 -30.6725 0.261481 -0.0700001 0.962667 480.495 
0.97339 -0.0155141 -0.22863 51.5794 0.0330471 0.99678 0.0730588 -30.5647 0.226761 -0.0786702 0.970768 482.808 
0.984822 -0.0120341 -0.173151 51.1298 0.0265588 0.996294 0.0818142 -30.4358 0.171524 -0.0851711 0.981491 485.131 
0.994989 -0.0116668 -0.0992985 50.8561 0.0203664 0.995995 0.0870533 -30.2904 0.0978853 -0.0886394 0.991242 487.456 
0.998858 -0.0149869 -0.0453684 50.7896 0.0187796 0.996258 0.0843608 -30.1898 0.0439343 -0.0851164 0.995402 489.04 
0.999182 -0.0207728 0.0346983 50.8376 0.0177411 0.99618 0.0855049 -30.0446 -0.036342 -0.0848194 0.995733 491.404 
0.993405 -0.0293888 0.110828 51.0769 0.0195127 0.995826 0.0891655 -29.889 -0.112986 -0.0864149 0.989832 493.768 
0.98198 -0.0359764 0.185528 51.5074 0.0197724 0.995883 0.0884622 -29.7301 -0.187947 -0.0831998 0.978649 496.154 
0.967529 -0.0423354 0.249188 52.1039 0.021622 0.996122 0.0852826 -29.566 -0.251832 -0.0771255 0.964693 498.538 
0.951977 -0.0422929 0.303234 52.8371 0.0175241 0.996316 0.0839436 -29.4036 -0.305667 -0.0745985 0.949212 500.93 
0.933372 -0.0448906 0.356091 53.7184 0.0159963 0.996364 0.0836777 -29.2429 -0.358553 -0.0724063 0.930697 503.31 
0.912111 -0.0496318 0.406927 54.7547 0.0152997 0.996074 0.0871947 -29.0832 -0.409657 -0.0733054 0.90929 505.671 
0.888878 -0.048348 0.455585 55.92 0.0125411 0.996611 0.0812947 -28.921 -0.457972 -0.0665475 0.886472 507.988 
0.858799 -0.0439808 0.510422 57.2209 0.00300788 0.996724 0.0808225 -28.7695 -0.512304 -0.067875 0.856118 510.261 
0.818779 -0.0480727 0.572093 58.7036 -0.000923859 0.996376 0.0850473 -28.6201 -0.574108 -0.0701635 0.815768 512.434 
0.768688 -0.0537149 0.637364 60.3569 -0.000936108 0.996372 0.0850999 -28.4656 -0.639623 -0.0660119 0.765849 514.474 
0.716285 -0.0623702 0.695015 62.148 0.00201241 0.996178 0.0873225 -28.3133 -0.697805 -0.0611491 0.713673 516.349 
0.670288 -0.0670743 0.739063 64.0636 0.00386688 0.996209 0.0869048 -28.1632 -0.742091 -0.0553934 0.668006 518.099 
0.641254 -0.0701501 0.764115 65.3979 0.00110322 0.995896 0.090503 -28.059 -0.767328 -0.0571924 0.638699 519.217 
0.611458 -0.0687999 0.78828 66.7815 0.000187565 0.996225 0.0868036 -27.9434 -0.791277 -0.0529289 0.609163 520.298 
0.579397 -0.0770061 0.811399 68.2267 -0.00326804 0.995299 0.0967928 -27.8248 -0.815039 -0.0587331 0.576422 521.333 
0.522391 -0.0802358 0.848923 70.4901 -0.00688308 0.995134 0.0982905 -27.6319 -0.852678 -0.0571893 0.519297 522.775 
0.457994 -0.085595 0.884825 72.882 -0.00277062 0.995211 0.0977076 -27.4317 -0.888951 -0.047201 0.455564 524.054 
0.38832 -0.0909325 0.917027 75.4026 -0.000981455 0.995078 0.0990876 -27.2269 -0.921524 -0.0393777 0.386319 525.153 
0.314972 -0.0870086 0.945104 78.0489 -0.00831795 0.995498 0.0944201 -27.0258 -0.949064 -0.037601 0.31283 526.099 
0.237766 -0.0880954 0.967319 80.8123 -0.0146621 0.99544 0.0942603 -26.8293 -0.971212 -0.0365948 0.23539 526.846 
0.157945 -0.0904258 0.983299 83.6838 -0.0123316 0.99554 0.0935323 -26.6249 -0.987371 -0.0268986 0.156125 527.366 
0.0815332 -0.0899164 0.992606 86.6344 -0.0115447 0.99577 0.0911513 -26.4093 -0.996604 -0.0188912 0.0801502 527.669 
0.0313321 -0.0926842 0.995202 88.6443 -0.0134752 0.995562 0.0931419 -26.2693 -0.999418 -0.0163288 0.0299441 527.749 
-0.0172363 -0.0971677 0.995119 90.686 -0.0157703 0.995169 0.0968995 -26.1243 -0.999727 -0.0140231 -0.0186854 527.745 
-0.0921046 -0.0942208 0.991282 93.7722 -0.0226212 0.995454 0.0925155 -25.9066 -0.995492 -0.0139028 -0.0938173 527.529 
-0.141196 -0.0934057 0.985565 95.8478 -0.0224151 0.995585 0.0911441 -25.7641 -0.989728 -0.00922235 -0.142667 527.266 
-0.187049 -0.093867 0.977856 97.9353 -0.0198822 0.995582 0.0917655 -25.6197 -0.982149 -0.00227729 -0.188089 526.886 
-0.228068 -0.0890353 0.969566 100.017 -0.0208326 0.996028 0.086565 -25.4793 -0.973422 -0.000455858 -0.229017 526.42 
-0.268568 -0.0885894 0.959178 102.111 -0.0248474 0.996068 0.0850393 -25.349 -0.96294 -0.000994301 -0.269713 525.862 
-0.329189 -0.0839508 0.940525 105.232 -0.0326118 0.996457 0.0775289 -25.1648 -0.943701 -0.00515052 -0.330761 524.86 
-0.384643 -0.087165 0.918941 108.336 -0.0379361 0.996183 0.0786127 -24.9833 -0.922285 -0.00462317 -0.386482 523.649 
-0.419308 -0.0832006 0.904024 111.409 -0.0312212 0.996524 0.0772327 -24.7906 -0.907307 0.00415954 -0.420448 522.268 
-0.430787 -0.0798693 0.898912 113.46 -0.0211811 0.996696 0.0784069 -24.6615 -0.902205 0.0147367 -0.431056 521.282 
-0.436292 -0.0795843 0.896279 115.524 -0.0137269 0.996554 0.0818061 -24.5253 -0.899701 0.0233882 -0.435881 520.275 
-0.439543 -0.0868519 0.894012 118.673 -0.0161058 0.995916 0.0888332 -24.3055 -0.898077 0.0246472 -0.439147 518.753 
-0.442027 -0.0906281 0.892412 120.793 -0.0164175 0.995534 0.0929687 -24.1463 -0.896852 0.0264435 -0.441541 517.72 
-0.44386 -0.0856858 0.89199 122.982 -0.0139579 0.995958 0.0887276 -23.9808 -0.895988 0.0269323 -0.443262 516.641 
-0.445947 -0.0836997 0.891137 125.078 -0.0118467 0.996083 0.0876283 -23.8307 -0.894981 0.0285205 -0.445192 515.601 
-0.448051 -0.0879835 0.889668 127.26 -0.012906 0.995678 0.0919676 -23.6728 -0.893915 0.0297241 -0.44725 514.516 
-0.450409 -0.0917926 0.888091 129.459 -0.0140146 0.995305 0.0957664 -23.5003 -0.892712 0.0306879 -0.449581 513.419 
-0.452194 -0.092258 0.887135 131.674 -0.0137644 0.995239 0.0964843 -23.321 -0.891814 0.0314187 -0.451311 512.304 
-0.453639 -0.0859985 0.887027 133.9 -0.00835828 0.9957 0.09226 -23.1418 -0.891146 0.0344387 -0.452407 511.172 
-0.452968 -0.0901139 0.886961 136.165 -0.00957589 0.995313 0.0962319 -22.9628 -0.891476 0.0350965 -0.451707 510.03 
-0.452964 -0.0878117 0.887194 138.449 -0.0124565 0.995664 0.092188 -22.7822 -0.891442 0.0307066 -0.452094 508.889 
-0.452354 -0.0806272 0.888186 140.757 -0.0108998 0.99633 0.084893 -22.6106 -0.891772 0.0287207 -0.451573 507.73 
-0.452994 -0.0859236 0.887363 143.11 -0.0101675 0.995778 0.091231 -22.4397 -0.891455 0.0323049 -0.451955 506.549 
-0.453415 -0.0856968 0.88717 145.478 -0.0111271 0.995834 0.0905063 -22.2564 -0.89123 0.0311652 -0.452479 505.36 
-0.453899 -0.0875823 0.886738 147.873 -0.0133624 0.995715 0.091506 -22.0751 -0.890953 0.0296856 -0.453125 504.158 
-0.454531 -0.0865386 0.886517 150.295 -0.0118366 0.995768 0.0911345 -21.8897 -0.890652 0.0309301 -0.453632 502.938 
-0.455406 -0.0850305 0.886214 152.738 -0.0112176 0.995897 0.08979 -21.7056 -0.890213 0.0309497 -0.454491 501.704 
-0.455962 -0.0878414 0.885654 155.205 -0.0115797 0.995619 0.0927864 -21.5136 -0.889924 0.0320515 -0.454982 500.459 
-0.456369 -0.0882759 0.885401 157.696 -0.0187912 0.995801 0.0895973 -21.3178 -0.889592 0.0242516 -0.456111 499.214 
-0.456845 -0.0930563 0.884666 160.202 -0.0275439 0.995516 0.0904927 -21.125 -0.88912 0.016974 -0.45736 497.968 
-0.456856 -0.090562 0.884919 162.709 -0.0244307 0.995706 0.0892871 -20.9296 -0.889205 0.0191721 -0.457107 496.697 
-0.456445 -0.0873296 0.885455 165.217 -0.0159453 0.995815 0.0899943 -20.7409 -0.889609 0.0269586 -0.455927 495.417 
-0.456289 -0.0899243 0.885276 167.729 -0.0149824 0.995516 0.0933999 -20.5489 -0.889706 0.0293538 -0.45559 494.14 
-0.45577 -0.0913949 0.885393 170.241 -0.0172243 0.995434 0.0938874 -20.3576 -0.889931 0.0275407 -0.455263 492.866 
