1 1.19763e-11 1.70464e-10 5.55111e-17 1.19763e-11 1 3.5625e-10 0 1.70464e-10 3.5625e-10 1 2.22045e-16 
0.999814 -0.00516771 0.018566 0.0387903 0.00514125 0.999986 0.00147307 -0.0151378 -0.0185733 -0.00137735 0.999827 0.580734 
0.999775 -0.00946307 0.0189937 0.0651508 0.00949635 0.999954 -0.00166256 -0.0247415 -0.018977 0.00184255 0.999818 1.18521 
0.999901 -0.0140506 0.000504162 0.0697684 0.014053 0.999888 -0.00509479 -0.0344022 -0.00043252 0.00510137 0.999987 1.82433 
0.99936 -0.00884888 -0.0346539 0.0349382 0.00867917 0.99995 -0.00504468 -0.05404 0.0346968 0.00474069 0.999387 2.51677 
0.997237 -0.00450796 -0.0741536 -0.030863 0.00401261 0.999969 -0.0068277 -0.0708538 0.0741821 0.00651129 0.997224 3.24715 
0.993338 -0.00732914 -0.115005 -0.12313 0.00675202 0.999963 -0.00540698 -0.085179 0.115041 0.00459444 0.99335 4.0219 
0.988853 -0.00473132 -0.148821 -0.271424 0.00421114 0.999984 -0.00381028 -0.104355 0.148837 0.0031411 0.988857 4.82831 
0.984582 -0.00488431 -0.174855 -0.441034 0.00414308 0.999981 -0.00460392 -0.123056 0.174874 0.00380849 0.984583 5.68309 
0.981204 -0.00817602 -0.192802 -0.622388 0.00656866 0.999938 -0.00897463 -0.139892 0.192863 0.00753949 0.981197 6.58694 
0.978032 -0.00786601 -0.208306 -0.834805 0.00520747 0.999898 -0.013308 -0.160426 0.20839 0.0119309 0.977973 7.54838 
0.974445 -0.0179421 -0.22391 -1.05287 0.014605 0.999756 -0.0165511 -0.187051 0.224152 0.0128579 0.974469 8.55498 
0.970381 -0.0147765 -0.241127 -1.31795 0.00962766 0.9997 -0.0225173 -0.21944 0.241388 0.0195289 0.970232 9.60761 
0.965998 -0.013826 -0.258178 -1.60092 0.00693571 0.999595 -0.0275799 -0.273656 0.258454 0.0248515 0.965704 10.6997 
0.961395 -0.0166012 -0.274673 -1.9029 0.00799167 0.999442 -0.0324343 -0.327927 0.275058 0.028987 0.960991 11.8293 
0.956795 -0.0164272 -0.290299 -2.24733 0.00478174 0.999157 -0.0407793 -0.386295 0.290724 0.0376293 0.956067 13.0013 
0.95371 -0.0184829 -0.300158 -2.62093 0.00161928 0.998411 -0.0563342 -0.442032 0.300723 0.0532405 0.952225 14.2169 
0.951174 -0.0179842 -0.308132 -3.02473 -0.00504506 0.997262 -0.0737789 -0.519018 0.308615 0.071731 0.948478 15.4771 
0.948193 -0.0153812 -0.317321 -3.47158 -0.0130072 0.99611 -0.0871505 -0.630815 0.317428 0.086763 0.944305 16.7949 
0.944906 -0.012224 -0.327113 -3.95102 -0.0211499 0.994935 -0.098274 -0.769005 0.326657 0.0997781 0.939861 18.1139 
0.941412 -0.0080758 -0.33716 -4.46663 -0.0282631 0.994308 -0.102732 -0.923399 0.336071 0.106242 0.935825 19.4975 
0.936868 -0.0075193 -0.349602 -5.00232 -0.0294695 0.994514 -0.100363 -1.09105 0.348439 0.10433 0.931507 20.9243 
0.931099 -0.00694884 -0.364699 -5.57559 -0.0300374 0.994962 -0.0956449 -1.26005 0.363527 0.10001 0.9262 22.3896 
0.924286 -0.00152434 -0.381697 -6.21501 -0.0331749 0.995887 -0.0843108 -1.43896 0.380255 0.0905901 0.920434 23.8785 
0.916801 0.00348662 -0.39933 -6.89367 -0.0379648 0.996194 -0.0784635 -1.60697 0.397536 0.0870958 0.913444 25.3849 
0.908864 0.00326854 -0.417081 -7.60633 -0.0387532 0.996305 -0.0766397 -1.76197 0.415289 0.0858182 0.905632 26.9144 
0.901122 0.00356121 -0.433551 -8.36227 -0.0388233 0.996612 -0.0725067 -1.91576 0.431824 0.0821693 0.898207 28.4691 
0.893453 0.00628626 -0.449113 -9.16441 -0.0386365 0.997271 -0.0629036 -2.06021 0.447492 0.0735536 0.891258 30.0597 
0.885829 0.00584929 -0.463975 -10.0071 -0.0361449 0.997752 -0.0564299 -2.19645 0.462602 0.0667576 0.884049 31.675 
0.879358 0.00539833 -0.476131 -10.895 -0.0352284 0.997933 -0.0537483 -2.31948 0.474857 0.0640373 0.87773 33.317 
0.873738 0.00315567 -0.486387 -11.8249 -0.0324657 0.998127 -0.051845 -2.44386 0.485313 0.0610898 0.872204 34.997 
0.870192 0.00231948 -0.492707 -12.7925 -0.0326558 0.998062 -0.0529764 -2.57088 0.491629 0.0621894 0.868581 36.722 
0.869635 0.00297516 -0.493686 -13.7845 -0.0319506 0.998225 -0.0502656 -2.70734 0.492661 0.0594863 0.868186 38.5166 
0.868773 1.96643e-05 -0.49521 -14.808 -0.0285815 0.998335 -0.0501023 -2.84176 0.494385 0.0576814 0.867327 40.3431 
0.866109 -0.00315282 -0.499846 -15.8674 -0.0247012 0.998488 -0.0490991 -2.97659 0.499245 0.0548719 0.864722 42.1904 
0.861212 -0.00251556 -0.508239 -16.9452 -0.0211271 0.998946 -0.0407442 -3.1089 0.507806 0.045827 0.860251 44.0351 
0.852081 -0.00580495 -0.523377 -18.0467 -0.0181624 0.999008 -0.0406495 -3.23564 0.523094 0.0441424 0.851131 45.8569 
0.839803 -0.0103353 -0.542793 -19.2123 -0.0160177 0.998912 -0.0438028 -3.35651 0.542655 0.04548 0.838724 47.6623 
0.828712 -0.00160584 -0.559674 -20.4338 -0.0205063 0.999237 -0.0332308 -3.46527 0.5593 0.0390155 0.828047 49.4334 
0.824474 -0.00142081 -0.565898 -21.057 -0.021837 0.999172 -0.0343237 -3.51714 0.565478 0.0406565 0.823761 50.2968 
0.817964 -0.00641238 -0.575233 -22.2986 -0.0249715 0.998599 -0.0466406 -3.63503 0.574727 0.0525148 0.816659 52.0118 
0.811107 -0.00617406 -0.584865 -23.5601 -0.0243609 0.99872 -0.0443273 -3.76156 0.58439 0.050202 0.809919 53.7342 
0.804763 -0.00107241 -0.593595 -24.8457 -0.0245564 0.999082 -0.0350972 -3.8757 0.593088 0.0428215 0.803998 55.4567 
0.798095 -0.00190662 -0.602529 -26.1483 -0.0256941 0.998978 -0.0371949 -3.97158 0.601984 0.0451665 0.79723 57.1703 
0.789638 -0.00588399 -0.613545 -27.4825 -0.0238154 0.998907 -0.0402303 -4.07062 0.613111 0.0463792 0.788634 58.8646 
0.780153 -0.00523078 -0.625567 -28.845 -0.0239325 0.998984 -0.0381997 -4.18729 0.625131 0.0447729 0.779235 60.5311 
0.769223 -0.00810874 -0.63893 -30.245 -0.0229943 0.99892 -0.0403608 -4.30839 0.638567 0.0457382 0.768206 62.1921 
0.757811 -0.0105098 -0.65239 -31.6783 -0.0222484 0.998873 -0.0419351 -4.43169 0.652095 0.0462935 0.756722 63.8405 
0.74534 -0.0132177 -0.666553 -33.1606 -0.0206356 0.998867 -0.0428823 -4.55824 0.666365 0.0457166 0.744223 65.4899 
0.739035 -0.0135369 -0.673531 -33.9024 -0.0196637 0.998939 -0.0416532 -4.62179 0.67338 0.0440272 0.737985 66.2939 
0.732543 -0.013498 -0.680587 -34.6737 -0.019273 0.998991 -0.0405571 -4.69083 0.680448 0.0428267 0.731544 67.0945 
0.726076 -0.015436 -0.687442 -35.4526 -0.017872 0.998987 -0.0413079 -4.75947 0.687383 0.0422787 0.725064 67.891 
0.713385 -0.0164426 -0.70058 -37.0546 -0.019198 0.998891 -0.0429928 -4.90623 0.700509 0.0441201 0.712278 69.473 
0.702843 -0.0150363 -0.711187 -38.6925 -0.0208797 0.99891 -0.0417542 -5.05786 0.711039 0.044196 0.701762 71.0526 
0.692649 -0.0178025 -0.721055 -40.3516 -0.0214703 0.998743 -0.045283 -5.21417 0.720955 0.0468465 0.691396 72.6231 
0.682418 -0.0211437 -0.730657 -42.0471 -0.021541 0.998566 -0.0490152 -5.3695 0.730645 0.0491879 0.680983 74.1846 
0.672242 -0.0200462 -0.740061 -43.7838 -0.0209892 0.998715 -0.0461182 -5.52705 0.740034 0.0465358 0.670957 75.7356 
0.662209 -0.0221648 -0.748991 -45.5383 -0.0191289 0.998737 -0.046468 -5.67712 0.749075 0.0450989 0.660949 77.2778 
0.653799 -0.0238256 -0.756293 -47.334 -0.0171033 0.998783 -0.0462502 -5.82484 0.756475 0.0431734 0.652596 78.8248 
0.645509 -0.0306692 -0.763137 -49.1522 -0.0111693 0.998707 -0.0495841 -5.97852 0.763671 0.0405306 0.644332 80.3613 
0.633965 -0.0393573 -0.77236 -51.0016 -0.00163804 0.998634 -0.0522321 -6.1534 0.77336 0.0343785 0.633034 81.8906 
0.616297 -0.0442673 -0.786269 -52.8957 0.00631046 0.998664 -0.051279 -6.32682 0.787489 0.0266414 0.615753 83.3966 
0.598199 -0.0420398 -0.800244 -54.8487 0.00632043 0.998839 -0.0477481 -6.49594 0.801323 0.023505 0.59777 84.8619 
0.578477 -0.0457728 -0.814413 -56.8446 0.0061903 0.998642 -0.0517301 -6.66071 0.815675 0.0248832 0.577975 86.2849 
0.558199 -0.0482677 -0.828302 -58.8809 0.00899574 0.9986 -0.0521292 -6.83733 0.829659 0.0216472 0.557851 87.6763 
0.547628 -0.0482313 -0.835331 -59.9165 0.010468 0.998654 -0.0507988 -6.92835 0.836657 0.0190746 0.547395 88.3591 
0.526713 -0.0496383 -0.848592 -62.0219 0.0103153 0.998593 -0.0520099 -7.10298 0.849981 0.0186408 0.526484 89.6838 
0.506467 -0.0511064 -0.860743 -64.1713 0.00765584 0.998469 -0.0547791 -7.28391 0.862225 0.0211541 0.506083 90.9595 
0.487756 -0.0491068 -0.871598 -66.3733 0.00582533 0.998577 -0.0530011 -7.46567 0.872961 0.0207743 0.487348 92.2009 
0.471932 -0.0473256 -0.880364 -68.6065 0.00642676 0.998716 -0.0502427 -7.64359 0.881612 0.0180533 0.47163 93.4083 
0.457092 -0.0538699 -0.887787 -70.8583 0.0109974 0.99843 -0.0549214 -7.82005 0.889352 0.0153408 0.456967 94.5834 
0.445296 -0.06019 -0.893358 -73.1306 0.0138246 0.998081 -0.0603549 -8.01191 0.895277 0.0145255 0.445274 95.7283 
0.436156 -0.0585899 -0.897962 -75.4027 0.0178072 0.998245 -0.0564839 -8.20952 0.899695 0.00864566 0.436434 96.8445 
0.428845 -0.0558798 -0.901648 -77.6761 0.0228107 0.998437 -0.051029 -8.39673 0.90309 0.00131627 0.429449 97.9397 
0.423285 -0.0552364 -0.904311 -79.9353 0.0262915 0.998468 -0.0486813 -8.57492 0.905615 -0.00316968 0.424089 99.0067 
0.420922 -0.054206 -0.905476 -81.0631 0.0277344 0.998515 -0.0468831 -8.66199 0.906673 -0.00537875 0.4218 99.5329 
0.418667 -0.0552625 -0.906457 -82.1801 0.030379 0.99844 -0.0468392 -8.74144 0.907632 -0.00792726 0.419693 100.057 
0.41603 -0.0555315 -0.907654 -83.2801 0.0324628 0.998404 -0.0462042 -8.828 0.908771 -0.0102426 0.417169 100.563 
0.413407 -0.0547541 -0.908899 -84.3708 0.0357078 0.998397 -0.0439042 -8.91461 0.909846 -0.0143045 0.414699 101.063 
0.411232 -0.0540687 -0.909926 -85.4619 0.0375087 0.998398 -0.0423741 -8.99653 0.910759 -0.0167045 0.412601 101.554 
0.409303 -0.0547943 -0.910752 -86.5468 0.0397918 0.998317 -0.0421796 -9.07269 0.911531 -0.0189762 0.410794 102.033 
0.407274 -0.0574136 -0.9115 -88.6828 0.0412123 0.998161 -0.0444579 -9.2276 0.912376 -0.0194585 0.408891 102.977 
0.413915 -0.057771 -0.90848 -91.8228 0.0356433 0.998247 -0.0472399 -9.46262 0.909617 -0.0128279 0.415249 104.327 
0.42486 -0.0582126 -0.903386 -93.8705 0.033289 0.99826 -0.0486704 -9.60931 0.904647 -0.00939476 0.426058 105.256 
0.431814 -0.0570946 -0.900154 -94.8824 0.0322541 0.998334 -0.0478493 -9.68029 0.901386 -0.00837171 0.432935 105.733 
0.448845 -0.0551755 -0.891904 -96.8816 0.0302683 0.998458 -0.0465349 -9.81891 0.893097 -0.0061094 0.449823 106.71 
0.458354 -0.0547039 -0.887084 -97.8684 0.0295935 0.99849 -0.0462831 -9.88676 0.888277 -0.00503785 0.459281 107.211 
0.468177 -0.0551241 -0.881914 -98.8429 0.0285159 0.998475 -0.0472717 -9.95809 0.883174 -0.00301704 0.469035 107.719 
0.478692 -0.0567894 -0.876144 -99.8058 0.02678 0.998386 -0.0500812 -10.0267 0.877574 0.000510293 0.47944 108.24 
0.490094 -0.0574627 -0.869774 -100.755 0.0249701 0.998341 -0.0518867 -10.0936 0.871312 0.00371105 0.490715 108.779 
0.502336 -0.05599 -0.862858 -101.7 0.0229246 0.998413 -0.0514399 -10.1557 0.864368 0.00605944 0.502823 109.333 
0.51521 -0.0531555 -0.855414 -102.636 0.0212831 0.998561 -0.049232 -10.2166 0.8568 0.007159 0.515599 109.9 
0.527775 -0.0508167 -0.847863 -103.56 0.0203956 0.998679 -0.0471601 -10.2764 0.849139 0.00759722 0.528114 110.48 
0.551244 -0.0509488 -0.832787 -105.378 0.0209941 0.998665 -0.0472005 -10.3773 0.83408 0.00853542 0.551577 111.659 
0.573517 -0.053129 -0.817469 -107.124 0.0231514 0.998547 -0.0486552 -10.4838 0.818866 0.00897901 0.573914 112.86 
0.584307 -0.0536682 -0.809756 -107.976 0.0241716 0.998519 -0.048737 -10.5389 0.811172 0.00890429 0.584739 113.472 
0.595181 -0.051216 -0.801958 -108.816 0.0230414 0.998644 -0.0466768 -10.5997 0.803261 0.00930296 0.595554 114.087 
0.615348 -0.0466776 -0.786873 -110.448 0.0219338 0.998873 -0.0421009 -10.7145 0.787951 0.00864758 0.615678 115.333 
0.635275 -0.0458613 -0.770923 -112.022 0.0183267 0.998849 -0.0443183 -10.8275 0.772069 0.0140258 0.635384 116.59 
0.653929 -0.043555 -0.755301 -113.542 0.0179591 0.998954 -0.0420567 -10.9407 0.756342 0.0139376 0.654027 117.859 
0.671133 -0.0409619 -0.740205 -115.015 0.0183221 0.999084 -0.0386755 -11.0507 0.741111 0.0123943 0.671269 119.133 
0.68663 -0.0393402 -0.725942 -116.434 0.016544 0.999122 -0.0384962 -11.1556 0.726819 0.0144227 0.686678 120.414 
0.701959 -0.0341544 -0.711398 -117.79 0.014903 0.999335 -0.0332731 -11.2426 0.712061 0.0127543 0.702001 121.689 
0.717465 -0.0317896 -0.695869 -119.079 0.0132068 0.999399 -0.0320393 -11.3261 0.69647 0.0137969 0.717454 122.948 
0.734817 -0.0258078 -0.677774 -120.305 0.0094602 0.999569 -0.0278045 -11.4058 0.678199 0.0140194 0.734744 124.211 
0.754753 -0.0203938 -0.655691 -121.473 0.00611715 0.999692 -0.0240518 -11.4777 0.65598 0.0141423 0.754646 125.506 
0.774603 -0.0201804 -0.632125 -122.564 0.00457804 0.999644 -0.0263033 -11.543 0.632431 0.0174808 0.77442 126.794 
0.794839 -0.0183472 -0.606542 -123.611 0.00402513 0.99968 -0.0249645 -11.6082 0.606807 0.0174014 0.794659 128.115 
0.814858 -0.0149236 -0.579468 -124.609 0.00409895 0.999792 -0.0199845 -11.6702 0.579646 0.0139093 0.81475 129.464 
0.83237 -0.0129699 -0.554069 -125.557 0.00531622 0.999867 -0.0154189 -11.7356 0.554195 0.00988868 0.832328 130.849 
0.846459 -0.0135157 -0.532282 -126.456 0.00745974 0.999881 -0.0135261 -11.8081 0.532402 0.00747857 0.846459 132.259 
0.86639 -0.009696 -0.499274 -127.751 0.00422119 0.999918 -0.0120936 -11.8933 0.49935 0.00837023 0.86636 134.424 
0.877562 -0.0117784 -0.479319 -128.575 0.00621132 0.999894 -0.0131987 -11.9381 0.479423 0.00860546 0.877541 135.915 
0.885507 -0.0118537 -0.464475 -129.39 0.00635088 0.99989 -0.01341 -11.9648 0.464583 0.00892481 0.885485 137.439 
0.891936 -0.00621223 -0.452119 -130.215 0.00412061 0.999976 -0.00561084 -11.9897 0.452143 0.00314151 0.89194 139.017 
0.898531 -0.000852153 -0.438909 -131.035 0.000510779 0.999999 -0.000895861 -12.0077 0.43891 0.000580775 0.898531 140.63 
0.90857 0.00265766 -0.417724 -132.254 5.30822e-06 0.99998 0.00637366 -12.0193 0.417733 -0.00579313 0.908551 143.168 
0.915819 0.00180468 -0.401586 -133.054 0.00117063 0.999974 0.0071634 -12.0227 0.401589 -0.00703049 0.915793 144.929 
0.923746 -0.00241959 -0.382998 -133.832 0.00489341 0.999973 0.005485 -12.025 0.382974 -0.00694091 0.923733 146.748 
0.933369 -0.00259191 -0.358908 -134.589 0.00355721 0.999992 0.00202922 -12.0371 0.358899 -0.00317072 0.933371 148.626 
0.946079 0.00530193 -0.323893 -135.286 -0.00334096 0.999973 0.00661012 -12.061 0.323919 -0.00517158 0.946071 150.585 
0.959268 0.0100817 -0.282318 -135.912 -0.00781379 0.999927 0.00915806 -12.0754 0.28239 -0.00657905 0.959277 152.613 
0.971037 0.0117623 -0.23864 -136.447 -0.00900955 0.99988 0.0126226 -12.0932 0.23876 -0.0101069 0.971026 154.717 
0.980922 0.0157022 -0.193769 -136.902 -0.0119964 0.999722 0.0202836 -12.098 0.194033 -0.0175721 0.980838 156.886 
0.988745 0.0194142 -0.148348 -137.267 -0.0160264 0.999583 0.0239985 -12.0886 0.148752 -0.0213509 0.988644 159.125 
0.99432 0.0183433 -0.104843 -137.536 -0.016294 0.99966 0.0203701 -12.0652 0.105181 -0.0185461 0.99428 161.425 
0.997808 0.0175376 -0.0638029 -137.716 -0.0160158 0.999577 0.0242858 -12.0363 0.0642018 -0.0232107 0.997667 163.797 
0.999566 0.0189688 -0.022535 -137.802 -0.0183825 0.999494 0.0259496 -11.9995 0.0230159 -0.0255241 0.999409 166.228 
0.999587 0.021493 0.0190853 -137.798 -0.0219817 0.999426 0.02578 -11.9724 -0.0185203 -0.0261889 0.999485 168.692 
0.997983 0.0227321 0.0592705 -137.693 -0.0240857 0.999463 0.0222244 -11.9517 -0.0587335 -0.0236072 0.997995 171.19 
0.994869 0.0249369 0.0980525 -137.488 -0.0268326 0.999477 0.0180628 -11.9371 -0.0975508 -0.0206011 0.995017 173.74 
0.990339 0.0262899 0.136155 -137.176 -0.0278592 0.999565 0.00963305 -11.9503 -0.135842 -0.0133332 0.990641 176.307 
0.984619 0.0298031 0.172153 -136.765 -0.0298578 0.999552 -0.00227227 -11.9838 -0.172143 -0.00290278 0.985068 178.911 
0.977574 0.034351 0.207773 -136.257 -0.033116 0.999407 -0.00942041 -12.0426 -0.207973 0.00232853 0.978132 181.545 
0.96951 0.0331708 0.242798 -135.639 -0.0318933 0.999449 -0.00919136 -12.1233 -0.242969 0.00116747 0.970033 184.219 
0.960556 0.0333809 0.276075 -134.921 -0.0291931 0.999388 -0.019266 -12.2152 -0.276549 0.0104466 0.960943 186.888 
0.949969 0.0378993 0.310036 -134.118 -0.0334572 0.999247 -0.0196349 -12.3157 -0.310547 0.00827957 0.950522 189.577 
0.93773 0.0425724 0.344746 -133.204 -0.0355967 0.999014 -0.0265423 -12.4157 -0.345535 0.0126177 0.938321 192.272 
0.924396 0.0441532 0.37887 -132.176 -0.0340295 0.998863 -0.0333789 -12.5392 -0.379913 0.0179626 0.924848 194.968 
0.907064 0.0499974 0.418013 -131.035 -0.0348534 0.998433 -0.04379 -12.6947 -0.419547 0.0251511 0.907385 197.647 
0.883007 0.0579988 0.465763 -129.756 -0.0404824 0.998049 -0.0475337 -12.8757 -0.467611 0.0231173 0.883632 200.306 
0.855062 0.0657078 0.514345 -128.325 -0.0440673 0.997558 -0.0541796 -13.0777 -0.516649 0.0236611 0.85587 202.908 
0.825168 0.0684833 0.56072 -126.731 -0.0432265 0.997369 -0.0582001 -13.2946 -0.56323 0.0237869 0.825957 205.446 
0.793555 0.0726658 0.604145 -124.994 -0.0391401 0.996884 -0.0684927 -13.5373 -0.607239 0.0307063 0.793925 207.898 
0.761812 0.0760651 0.643317 -123.116 -0.0361587 0.996527 -0.0750094 -13.8093 -0.646788 0.0338816 0.761916 210.266 
0.731189 0.0770162 0.677814 -121.112 -0.0322545 0.996398 -0.0784209 -14.0987 -0.681412 0.0354779 0.731039 212.554 
0.701866 0.0791592 0.707897 -119.004 -0.0271963 0.996059 -0.0844178 -14.3972 -0.711789 0.0399979 0.701253 214.748 
0.672341 0.0832307 0.735548 -116.798 -0.0230406 0.99553 -0.0915883 -14.7179 -0.739883 0.0446311 0.671253 216.868 
0.640903 0.0850592 0.762895 -114.501 -0.0221509 0.995477 -0.0923822 -15.06 -0.767302 0.0423092 0.639888 218.899 
0.60602 0.0870936 0.790667 -112.14 -0.0267884 0.995659 -0.0891414 -15.3987 -0.794998 0.0328408 0.605722 220.829 
0.57079 0.0913652 0.815997 -109.742 -0.0300313 0.995448 -0.0904511 -15.7325 -0.820547 0.0271231 0.570935 222.622 
0.533866 0.0952362 0.840189 -107.307 -0.0325133 0.995214 -0.0921492 -16.0668 -0.844944 0.021878 0.534407 224.281 
0.492281 0.0924665 0.865511 -104.83 -0.0332856 0.995614 -0.087434 -16.3948 -0.8698 0.014233 0.493199 225.798 
0.449783 0.0899501 0.888597 -102.33 -0.0326211 0.995906 -0.0843009 -16.7091 -0.892542 0.00893008 0.450876 227.163 
0.408017 0.0887384 0.908651 -99.8146 -0.0291652 0.996024 -0.084175 -17.0112 -0.912508 0.00784385 0.408983 228.383 
0.366657 0.0886747 0.926121 -97.2875 -0.0226999 0.996004 -0.086379 -17.3106 -0.930079 0.0106486 0.367205 229.454 
0.325303 0.0858668 0.941703 -94.7653 -0.0195202 0.996266 -0.084099 -17.6019 -0.945408 0.00897541 0.325765 230.394 
0.286058 0.0997708 0.953004 -92.2741 -0.0200026 0.99497 -0.0981602 -17.9027 -0.958004 0.0090169 0.286614 231.208 
0.247031 0.111626 0.962557 -89.8071 -0.0242719 0.993744 -0.109014 -18.2251 -0.968704 0.00356662 0.248195 231.913 
0.206877 0.113146 0.971802 -87.3564 -0.030272 0.993555 -0.109234 -18.559 -0.977899 -0.00682025 0.208969 232.508 
0.168344 0.112246 0.979317 -84.9236 -0.0318471 0.993596 -0.108408 -18.8878 -0.985214 -0.0129386 0.17084 232.993 
0.131171 0.112424 0.984964 -82.5097 -0.0301304 0.993542 -0.109391 -19.209 -0.990902 -0.0153285 0.133712 233.373 
0.0925454 0.117116 0.988797 -80.1318 -0.0337347 0.992857 -0.11444 -19.5276 -0.995137 -0.0227658 0.0958353 233.665 
0.0600304 0.110194 0.992096 -77.7781 -0.0313674 0.993605 -0.108464 -19.8473 -0.997704 -0.0246083 0.063103 233.86 
0.045705 0.106235 0.99329 -76.5971 -0.0305118 0.994014 -0.104909 -20.0032 -0.998489 -0.0255122 0.0486728 233.929 
0.0332341 0.102881 0.994138 -75.4682 -0.0284556 0.994382 -0.101955 -20.1504 -0.999043 -0.0249004 0.035975 233.979 
0.013908 0.105562 0.994315 -73.2217 -0.0275438 0.994075 -0.105152 -20.4384 -0.999524 -0.0259247 0.0167332 234.047 
0.0011021 0.110341 0.993893 -71.0234 -0.0293055 0.99347 -0.110262 -20.7249 -0.99957 -0.029005 0.0043285 234.086 
-0.008972 0.123338 0.992324 -68.8815 -0.0296135 0.991896 -0.123552 -21.0208 -0.999521 -0.0304947 -0.00524684 234.099 
-0.0152254 0.103993 0.994461 -66.7444 -0.028456 0.994129 -0.104394 -21.3062 -0.999479 -0.0298878 -0.0121768 234.09 
-0.016591 0.102264 0.994619 -64.6588 -0.0279295 0.99432 -0.102699 -21.5617 -0.999472 -0.0294831 -0.0136406 234.077 
-0.014548 0.108023 0.994042 -62.6125 -0.0294356 0.99367 -0.108413 -21.818 -0.999461 -0.0308374 -0.0112762 234.073 
-0.00936038 0.110221 0.993863 -60.5882 -0.0327238 0.99334 -0.110471 -22.0761 -0.999421 -0.033557 -0.0056912 234.081 
-0.00112466 0.113437 0.993545 -58.5896 -0.0367538 0.992869 -0.113402 -22.3345 -0.999324 -0.036644 0.00305261 234.109 
0.00492835 0.112802 0.993605 -57.59 -0.0383704 0.992907 -0.112532 -22.4645 -0.999251 -0.0375704 0.00922164 234.13 
0.0191743 0.109927 0.993755 -55.6126 -0.0354265 0.993388 -0.109203 -22.723 -0.999188 -0.0331114 0.0229419 234.183 
0.0336 0.110685 0.993287 -53.6495 -0.034713 0.993378 -0.109521 -22.976 -0.998832 -0.0308001 0.0372197 234.267 
0.040326 0.109381 0.993182 -52.6695 -0.036086 0.993501 -0.107951 -23.1039 -0.998535 -0.0314867 0.044011 234.321 
0.0538402 0.105298 0.992982 -50.7175 -0.0373327 0.993942 -0.103375 -23.353 -0.997852 -0.0315049 0.057445 234.447 
0.067782 0.108346 0.9918 -48.79 -0.0372216 0.993669 -0.106006 -23.5977 -0.997006 -0.0297311 0.0713856 234.601 
0.0812207 0.111497 0.99044 -46.8694 -0.0391074 0.993314 -0.108613 -23.8418 -0.995929 -0.0299119 0.085038 234.779 
0.0946535 0.112434 0.989141 -44.9604 -0.0418703 0.993172 -0.108886 -24.0894 -0.994629 -0.0311092 0.0987149 234.987 
0.107395 0.108327 0.988297 -43.0566 -0.0436042 0.993603 -0.10417 -24.3358 -0.99326 -0.0319065 0.111432 235.221 
0.120995 0.108749 0.986678 -41.1668 -0.0435087 0.993607 -0.104177 -24.5705 -0.991699 -0.0303242 0.124952 235.479 
0.137188 0.111188 0.984285 -39.2912 -0.0400785 0.993489 -0.106642 -24.8056 -0.989734 -0.0248188 0.140751 235.758 
0.156337 0.114613 0.981031 -37.4365 -0.040405 0.993155 -0.109591 -25.0356 -0.986877 -0.0225054 0.159898 236.072 
0.169695 0.112362 0.97907 -35.5959 -0.0442997 0.993344 -0.106322 -25.2648 -0.9845 -0.0253301 0.173544 236.421 
0.176242 0.114705 0.977641 -33.7445 -0.0474819 0.993022 -0.10795 -25.49 -0.983201 -0.0273949 0.180459 236.786 
0.182185 0.116047 0.976392 -31.8721 -0.0463081 0.992922 -0.109371 -25.7165 -0.982173 -0.0252891 0.18627 237.159 
0.189024 0.116124 0.975082 -29.9809 -0.0438139 0.992992 -0.109763 -25.952 -0.980995 -0.0219743 0.192787 237.542 
0.196288 0.115196 0.973756 -28.0779 -0.0434901 0.993121 -0.10872 -26.2 -0.979581 -0.0210082 0.199948 237.945 
0.204227 0.109446 0.972786 -26.1642 -0.0406432 0.993822 -0.10328 -26.4524 -0.97808 -0.0184446 0.207413 238.361 
0.216276 0.11278 0.969796 -24.2477 -0.0381699 0.993523 -0.107027 -26.6951 -0.975586 -0.0138696 0.21918 238.792 
0.229685 0.111209 0.966891 -22.3264 -0.0373416 0.993726 -0.105425 -26.9405 -0.972549 -0.0118906 0.232396 239.249 
0.247754 0.109895 0.96257 -20.4201 -0.034385 0.993917 -0.104623 -27.1824 -0.968213 -0.00717704 0.250026 239.738 
0.270045 0.110181 0.956523 -18.5276 -0.0303682 0.993911 -0.105914 -27.4226 -0.962369 -0.000446302 0.271747 240.269 
0.29184 0.106502 0.950519 -16.651 -0.0317561 0.994312 -0.101659 -27.6642 -0.95594 -0.000516554 0.293562 240.855 
0.313104 0.110478 0.943271 -14.7877 -0.0359189 0.993878 -0.104483 -27.9021 -0.94904 -0.00116728 0.315155 241.484 
0.333613 0.111125 0.936138 -12.9442 -0.0406579 0.9938 -0.103481 -28.1455 -0.941833 -0.00353884 0.336063 242.152 
0.350434 0.10877 0.93025 -11.1123 -0.0428724 0.994055 -0.10008 -28.3862 -0.935606 -0.00481083 0.353014 242.853 
0.366174 0.106519 0.92443 -9.29703 -0.0446264 0.994294 -0.0968921 -28.6227 -0.929476 -0.00577464 0.368838 243.59 
0.381873 0.108034 0.917879 -7.50411 -0.0468517 0.994131 -0.0975161 -28.855 -0.923027 -0.00576542 0.384693 244.352 
0.397962 0.109107 0.910891 -5.73669 -0.0487867 0.994015 -0.0977489 -29.0834 -0.916104 -0.00553904 0.400903 245.139 
0.415369 0.10618 0.903435 -4.00089 -0.0489163 0.994334 -0.0943729 -29.3058 -0.908337 -0.00499311 0.41821 245.95 
0.432472 0.0993495 0.896157 -2.27928 -0.0491877 0.99503 -0.0865736 -29.5182 -0.900305 -0.00663932 0.435209 246.794 
0.44943 0.100763 0.887615 -0.608991 -0.052652 0.994879 -0.0862799 -29.7175 -0.891763 -0.0079579 0.452433 247.661 
0.465803 0.0981733 0.879426 1.04535 -0.0555864 0.99511 -0.0816453 -29.9107 -0.883141 -0.0108535 0.468982 248.561 
0.48258 0.0984124 0.870305 2.67098 -0.0562045 0.995099 -0.0813587 -30.095 -0.874047 -0.00965297 0.485746 249.481 
0.499148 0.0981703 0.860938 4.27192 -0.0569693 0.99513 -0.0804426 -30.2745 -0.864642 -0.00889432 0.502309 250.429 
0.513375 0.0940467 0.852996 5.86499 -0.0575275 0.995512 -0.0751369 -30.4506 -0.856234 -0.0104973 0.516481 251.41 
0.52242 0.090227 0.847901 7.45074 -0.0591806 0.995825 -0.0695048 -30.6179 -0.850632 -0.0138685 0.525579 252.416 
0.52815 0.0849965 0.844887 9.01696 -0.0597492 0.996232 -0.0628719 -30.8014 -0.847047 -0.0172756 0.531238 253.495 
0.531608 0.0840087 0.842814 10.5837 -0.0603619 0.996297 -0.0612338 -30.9749 -0.844837 -0.0183214 0.53471 254.573 
0.533178 0.0859192 0.841629 11.3695 -0.0603145 0.996158 -0.0634849 -31.0576 -0.84385 -0.0169137 0.536312 255.107 
0.536706 0.085185 0.839458 12.9533 -0.059276 0.996239 -0.0631965 -31.2265 -0.841684 -0.0158418 0.539737 256.177 
0.5398 0.0789024 0.838087 14.5484 -0.054663 0.996782 -0.0586352 -31.3919 -0.840017 -0.0141611 0.542376 257.244 
0.540872 0.0757949 0.837683 15.3464 -0.0546308 0.996994 -0.0549358 -31.4676 -0.839329 -0.0160501 0.543387 257.781 
0.542098 0.0727815 0.837158 16.1492 -0.0547312 0.997185 -0.0512532 -31.5397 -0.838531 -0.0180344 0.544555 258.322 
0.543359 0.0722412 0.836386 17.751 -0.0544838 0.997225 -0.0507378 -31.6777 -0.83773 -0.0180006 0.545787 259.4 
0.543784 0.0720797 0.836124 18.5572 -0.0558182 0.997205 -0.049664 -31.7454 -0.837367 -0.0196645 0.546287 259.943 
0.544199 0.0701377 0.83602 19.3692 -0.0558322 0.997318 -0.0473264 -31.815 -0.837097 -0.0209218 0.546655 260.486 
0.544846 0.0678314 0.835788 20.1889 -0.0551068 0.997465 -0.045029 -31.8809 -0.836723 -0.0215238 0.547203 261.03 
0.545397 0.0652764 0.835632 21.0087 -0.0552106 0.997595 -0.0418937 -31.9445 -0.836357 -0.023287 0.54769 261.577 
0.546325 0.0635116 0.835162 21.8285 -0.0545535 0.997702 -0.0401859 -32.0056 -0.835795 -0.0236064 0.548535 262.121 
0.547454 0.0626292 0.834488 22.6477 -0.0545284 0.997746 -0.0391093 -32.0667 -0.835057 -0.0240928 0.549636 262.667 
0.550167 0.0581159 0.83303 24.2841 -0.0537142 0.997972 -0.034148 -32.1828 -0.833325 -0.0259584 0.552173 263.758 
0.554615 0.0558631 0.830229 25.9096 -0.0532038 0.998083 -0.0316158 -32.2934 -0.830404 -0.0266368 0.556524 264.854 
0.56021 0.0515094 0.826748 27.5258 -0.0522613 0.998274 -0.0267835 -32.3937 -0.8267 -0.0282025 0.561935 265.954 
0.564641 0.0472749 0.823982 28.3374 -0.0503485 0.998472 -0.0227842 -32.4411 -0.8238 -0.0286213 0.566158 266.511 
0.570692 0.0452448 0.819917 29.1395 -0.0495642 0.998558 -0.0206042 -32.4877 -0.819667 -0.0288799 0.572111 267.067 
0.576728 0.0433417 0.815786 29.9363 -0.0459838 0.998731 -0.0205526 -32.5292 -0.815641 -0.0256597 0.577989 267.632 
0.582785 0.0452008 0.811368 30.7219 -0.0481606 0.998618 -0.0210399 -32.5716 -0.811198 -0.0268142 0.584157 268.202 
0.588496 0.044873 0.807254 31.5154 -0.0489166 0.998606 -0.0198491 -32.6112 -0.807019 -0.027807 0.589871 268.787 
0.595203 0.0430943 0.802419 32.2861 -0.0489316 0.998652 -0.0173375 -32.6457 -0.802085 -0.0289443 0.596509 269.361 
0.601943 0.0390396 0.797584 33.0674 -0.0479605 0.998769 -0.0126909 -32.681 -0.797097 -0.0306133 0.603075 269.951 
0.617583 0.0377524 0.785599 34.6062 -0.0446984 0.998918 -0.0128649 -32.7432 -0.785235 -0.0271699 0.618602 271.144 
0.635902 0.0351635 0.770968 36.1231 -0.0416152 0.99907 -0.0112425 -32.796 -0.770647 -0.0249349 0.636774 272.38 
0.654068 0.0316858 0.755772 37.619 -0.0401563 0.999168 -0.00713776 -32.8471 -0.755369 -0.0256804 0.654796 273.665 
0.672123 0.0294513 0.739854 39.0971 -0.0407179 0.999167 -0.00278336 -32.8903 -0.739319 -0.0282545 0.672762 274.998 
0.689751 0.0241462 0.723644 40.5627 -0.040219 0.999178 0.00499519 -32.9224 -0.722929 -0.0325497 0.690155 276.384 
0.707249 0.0144253 0.706818 42.011 -0.0345938 0.9993 0.0142204 -32.9405 -0.706118 -0.0345089 0.707253 277.814 
0.726589 0.0090017 0.687013 43.4393 -0.0265977 0.999533 0.0150334 -32.9423 -0.686557 -0.0291961 0.726489 279.297 
0.745738 0.00318813 0.666231 44.8305 -0.0236353 0.999486 0.021673 -32.9389 -0.66582 -0.0319089 0.74543 280.834 
0.754921 0.000640367 0.655815 45.5132 -0.0217149 0.999476 0.0240205 -32.9316 -0.655456 -0.0323746 0.754539 281.622 
0.773232 -0.00415567 0.634109 46.857 -0.0178972 0.999437 0.0283737 -32.9081 -0.63387 -0.0332882 0.772723 283.24 
0.789966 -0.00327042 0.613142 48.1619 -0.0193935 0.999352 0.0303168 -32.8838 -0.612844 -0.0358402 0.789391 284.909 
0.796905 -0.00181212 0.604102 48.8009 -0.021343 0.999287 0.0311522 -32.867 -0.603727 -0.0377187 0.796298 285.763 
0.808479 0.00259819 0.588519 50.0565 -0.0266213 0.999128 0.0321601 -32.8339 -0.587923 -0.041668 0.807843 287.501 
0.819505 0.00664819 0.573033 51.2941 -0.0308874 0.998992 0.0325826 -32.8014 -0.572239 -0.0444012 0.818884 289.274 
0.8246 0.00708737 0.565671 51.9033 -0.0347232 0.99867 0.0381048 -32.7814 -0.564649 -0.0510631 0.82375 290.18 
0.829154 0.00997911 0.558932 52.5038 -0.0388397 0.998453 0.039791 -32.7584 -0.55767 -0.0547016 0.828259 291.092 
0.83343 0.0127744 0.552477 53.1013 -0.0425174 0.998252 0.0410572 -32.7322 -0.550987 -0.0577082 0.832516 292.012 
0.83698 0.0155114 0.547013 53.6939 -0.0468585 0.997958 0.0433992 -32.7041 -0.545223 -0.0619565 0.835998 292.94 
0.839839 0.0178492 0.542542 54.2851 -0.0501769 0.997733 0.0448477 -32.6779 -0.540512 -0.0648878 0.838831 293.874 
0.841744 0.022007 0.539429 54.8752 -0.0521235 0.997814 0.0406277 -32.6516 -0.537355 -0.0623151 0.841051 294.81 
0.843591 0.0323464 0.536011 56.0538 -0.0576123 0.997874 0.0304538 -32.6091 -0.533887 -0.0565714 0.843661 296.691 
0.844217 0.0340783 0.534918 56.6464 -0.0595557 0.997761 0.0304271 -32.5922 -0.532683 -0.0575444 0.844356 297.643 
0.844685 0.0328333 0.534256 57.2467 -0.0587194 0.997777 0.0315188 -32.5763 -0.532034 -0.0579947 0.844735 298.599 
0.845655 0.0314004 0.532805 58.4455 -0.0576465 0.997802 0.0326907 -32.5429 -0.530607 -0.0583594 0.845607 300.513 
0.846979 0.0311971 0.530711 59.6482 -0.0558093 0.997978 0.0304032 -32.5121 -0.528689 -0.0553694 0.847008 302.439 
0.849588 0.0283791 0.526683 60.8558 -0.052109 0.998182 0.0302718 -32.4882 -0.524867 -0.0531635 0.849523 304.377 
0.855331 0.0260421 0.517427 62.0439 -0.0499537 0.998228 0.0323348 -32.4637 -0.515668 -0.0535043 0.855116 306.331 
0.865464 0.0231134 0.500438 63.2007 -0.0458112 0.998401 0.0331141 -32.441 -0.498872 -0.0515847 0.865139 308.299 
0.877811 0.0239362 0.478409 64.3056 -0.0460108 0.998346 0.034473 -32.416 -0.476792 -0.0522727 0.87746 310.296 
0.890032 0.0250621 0.455209 65.3499 -0.0473087 0.998174 0.0375429 -32.3861 -0.453437 -0.0549497 0.889593 312.312 
0.901886 0.0232722 0.431348 66.3362 -0.0452686 0.998141 0.0407981 -32.3494 -0.429596 -0.0563217 0.901263 314.343 
0.913344 0.0239146 0.406486 67.2617 -0.0449973 0.998088 0.0423854 -32.3085 -0.404695 -0.0570032 0.912673 316.393 
0.923714 0.0306715 0.381853 68.1161 -0.0504824 0.997843 0.0419689 -32.2656 -0.379742 -0.0580441 0.92327 318.458 
0.931221 0.0401163 0.362241 68.9112 -0.0594466 0.997332 0.0423714 -32.2196 -0.359575 -0.0609911 0.931121 320.538 
0.935952 0.042535 0.349549 69.6814 -0.0612842 0.997204 0.0427493 -32.1709 -0.346753 -0.0614331 0.935942 322.62 
0.93936 0.0398119 0.340613 70.4443 -0.0576238 0.99744 0.0423342 -32.1238 -0.338055 -0.0593945 0.93925 324.702 
0.943082 0.0372062 0.330473 71.1851 -0.0537316 0.997713 0.0410083 -32.0804 -0.328192 -0.056431 0.942924 326.783 
0.944827 0.0369859 0.325474 71.5445 -0.0526263 0.997838 0.039379 -32.0606 -0.323313 -0.0543348 0.944731 327.823 
0.946629 0.0381883 0.320056 71.8974 -0.053136 0.99786 0.0380982 -32.0425 -0.317916 -0.0530713 0.946632 328.869 
0.950832 0.0395839 0.307168 72.5791 -0.0539597 0.997803 0.0384468 -32.0082 -0.304971 -0.0531311 0.950878 330.963 
0.954874 0.0408187 0.294193 73.2254 -0.0568003 0.997326 0.0459817 -31.9682 -0.29153 -0.060617 0.954639 333.066 
0.957991 0.0396536 0.284045 73.8468 -0.0536511 0.99769 0.0416671 -31.9283 -0.281736 -0.055156 0.957905 335.152 
0.959984 0.0359468 0.277737 74.4568 -0.0492177 0.997948 0.0409566 -31.8909 -0.275695 -0.0529872 0.959784 337.228 
0.958282 0.0407414 0.282906 75.0417 -0.0547301 0.997629 0.0417169 -31.8601 -0.280536 -0.05546 0.95824 339.278 
0.951383 0.0475674 0.304315 75.6466 -0.0633685 0.997095 0.0422537 -31.8304 -0.301421 -0.0594834 0.951634 341.266 
0.944591 0.0458603 0.325031 76.2867 -0.0631094 0.997092 0.0427209 -31.8026 -0.322126 -0.0608662 0.944738 343.179 
0.940157 0.0420844 0.338131 76.9406 -0.0597743 0.997325 0.0420708 -31.7755 -0.335456 -0.0597647 0.940158 345.02 
0.93907 0.0400968 0.341379 77.588 -0.056207 0.997717 0.0374276 -31.7489 -0.339099 -0.054335 0.93918 346.811 
0.942534 0.0358614 0.33218 78.2171 -0.0508838 0.998032 0.0366333 -31.7223 -0.330213 -0.0514307 0.942504 348.599 
0.949604 0.0301111 0.312003 78.8046 -0.0434534 0.99841 0.0358978 -31.6894 -0.310426 -0.0476463 0.949403 350.386 
0.959057 0.0255211 0.282061 79.3321 -0.0375533 0.998597 0.0373342 -31.6568 -0.280712 -0.0463979 0.95867 352.178 
0.970172 0.0186512 0.2417 79.7884 -0.0283887 0.998917 0.0368679 -31.6251 -0.24075 -0.0426297 0.96965 353.971 
0.980713 0.0193476 0.194494 80.1468 -0.0267539 0.999011 0.0355254 -31.5914 -0.193614 -0.0400437 0.98026 355.783 
0.989794 0.0200942 0.141083 80.4021 -0.0248282 0.999183 0.031875 -31.5598 -0.140327 -0.0350525 0.989484 357.594 
0.993433 0.022638 0.112153 80.4873 -0.0262634 0.999176 0.0309544 -31.5418 -0.11136 -0.0336967 0.993209 358.514 
0.998429 0.0224357 0.0513339 80.5779 -0.0241229 0.999181 0.0324869 -31.5089 -0.0505629 -0.0336742 0.998153 360.347 
0.999653 0.024178 -0.010437 80.554 -0.023848 0.999245 0.0306638 -31.4812 0.0111705 -0.0304043 0.999475 362.182 
0.997447 0.0278688 -0.0657493 80.4224 -0.0261127 0.999283 0.0274182 -31.4585 0.0664663 -0.0256313 0.997459 364.022 
0.993888 0.0356711 -0.104475 80.2083 -0.0326203 0.998994 0.0307662 -31.43 0.105468 -0.0271701 0.994051 365.886 
0.991494 0.0466837 -0.121488 79.9483 -0.0424367 0.998402 0.0373153 -31.3969 0.123036 -0.0318423 0.991891 367.765 
0.990823 0.0504087 -0.125417 79.6839 -0.0476064 0.998547 0.025244 -31.3554 0.126507 -0.0190417 0.991783 369.659 
0.991264 0.0533337 -0.120624 79.426 -0.0508242 0.998424 0.0237882 -31.3332 0.121703 -0.0174497 0.992413 371.601 
0.992085 0.0500654 -0.115154 79.1899 -0.0477996 0.998607 0.0223567 -31.3167 0.116113 -0.0166755 0.993096 373.576 
0.992793 0.0450163 -0.111064 78.9618 -0.0439078 0.998958 0.0124078 -31.3058 0.111507 -0.00744183 0.993736 375.591 
0.993209 0.0435249 -0.107893 78.7307 -0.0425924 0.999033 0.0109329 -31.3034 0.108265 -0.0062632 0.994102 377.661 
0.993185 0.0477171 -0.106332 78.4872 -0.0464277 0.998815 0.0145708 -31.3029 0.106901 -0.00953477 0.994224 379.779 
0.9931 0.0497306 -0.106204 78.3639 -0.0484299 0.998717 0.0147934 -31.3001 0.106803 -0.00954788 0.994234 380.853 
0.99292 0.0523491 -0.106627 78.2369 -0.0510949 0.998589 0.014462 -31.2977 0.107234 -0.00891147 0.994194 381.936 
0.992644 0.0539043 -0.108405 77.9805 -0.0528826 0.998525 0.0122808 -31.2953 0.108907 -0.00645769 0.994031 384.12 
0.992315 0.0499864 -0.113195 77.7243 -0.0495175 0.998749 0.00695231 -31.3122 0.113401 -0.00129375 0.993548 386.332 
0.991343 0.0409603 -0.124742 77.4537 -0.0401437 0.999153 0.00905375 -31.336 0.125007 -0.00396778 0.992148 388.562 
0.990302 0.0368595 -0.133956 77.3037 -0.0359418 0.999311 0.00926316 -31.3483 0.134205 -0.00435869 0.990944 389.673 
0.987636 0.030648 -0.153738 76.971 -0.0300032 0.999529 0.00651363 -31.3771 0.153865 -0.00182047 0.98809 391.893 
0.984602 0.0280526 -0.172547 76.5888 -0.027478 0.999606 0.00571808 -31.4087 0.17264 -0.000888764 0.984985 394.104 
0.981216 0.0265329 -0.191077 76.1643 -0.0256588 0.999646 0.00704765 -31.4401 0.191196 -0.00201246 0.98155 396.308 
0.977632 0.0275159 -0.208515 75.6981 -0.0273237 0.999619 0.00380297 -31.4738 0.20854 0.00197949 0.978012 398.486 
0.974138 0.0271448 -0.224319 75.2019 -0.0272609 0.999625 0.0025798 -31.515 0.224305 0.00360208 0.974512 400.641 
0.97113 0.0256412 -0.23717 74.6878 -0.0261003 0.999659 0.00120443 -31.5655 0.23712 0.00502053 0.971468 402.778 
0.96847 0.018869 -0.248416 74.1568 -0.0205275 0.999781 -0.00408743 -31.6178 0.248285 0.0090579 0.968645 404.901 
0.967085 0.0119735 -0.254172 73.8806 -0.014917 0.999842 -0.0096563 -31.6441 0.254016 0.0131299 0.967111 405.96 
0.964225 0.00966536 -0.26491 73.3004 -0.0120392 0.999901 -0.00733877 -31.6999 0.264813 0.0102655 0.964245 408.08 
0.961945 0.00648045 -0.273167 72.6958 -0.00877244 0.999936 -0.00716983 -31.749 0.273103 0.00929332 0.96194 410.2 
0.960369 0.00814162 -0.278613 72.077 -0.0098749 0.99994 -0.0048182 -31.8039 0.278557 0.00737853 0.960391 412.325 
0.959845 0.00767223 -0.280425 71.7633 -0.0077607 0.999969 0.000794953 -31.8244 0.280423 0.00141326 0.959876 413.391 
0.959611 0.00507931 -0.281286 71.4523 -0.00485955 0.999987 0.00147885 -31.8418 0.28129 -5.21939e-05 0.959623 414.455 
0.959292 -0.00024261 -0.282417 71.1423 0.000674304 0.999999 0.00143137 -31.8576 0.282417 -0.00156354 0.959291 415.518 
0.959022 -0.00510013 -0.283284 70.8311 0.00582576 0.999981 0.00171911 -31.8719 0.28327 -0.00329901 0.959035 416.589 
0.958675 -0.00861984 -0.284373 70.5169 0.00948288 0.999954 0.00165825 -31.8861 0.284345 -0.00428639 0.958712 417.66 
0.958014 -0.0131785 -0.286418 69.8792 0.0141103 0.9999 0.00118949 -31.9156 0.286374 -0.00518099 0.958104 419.804 
0.957247 -0.0130374 -0.288978 69.2265 0.0148003 0.999883 0.00391618 -31.9457 0.288893 -0.00802571 0.957328 421.955 
0.956719 -0.00878739 -0.290882 68.5675 0.0118059 0.999893 0.00862382 -31.9701 0.290775 -0.0116847 0.95672 424.099 
0.9566 -0.00533712 -0.291356 68.2361 0.0089361 0.999899 0.0110233 -31.9793 0.291268 -0.0131484 0.956551 425.167 
0.957076 -0.00208391 -0.28983 67.5828 0.0063983 0.999882 0.0139392 -31.9908 0.289767 -0.0151953 0.956977 427.297 
0.95809 -0.00107637 -0.286464 66.9449 0.00650288 0.999817 0.0179924 -31.9984 0.286392 -0.0191012 0.957922 429.428 
0.958979 0.00269273 -0.283463 66.3132 0.00393023 0.999733 0.0227932 -32.0034 0.283448 -0.0229723 0.958712 431.553 
0.959851 0.00551524 -0.280455 65.6926 0.00147979 0.999693 0.0247238 -32.0054 0.280506 -0.0241462 0.959549 433.668 
0.960583 0.00413218 -0.277964 65.0918 0.00301512 0.999676 0.0252806 -32.0068 0.277979 -0.0251222 0.960259 435.764 
0.961188 0.00188303 -0.275888 64.5017 0.00720436 0.999464 0.0319215 -32.0015 0.2758 -0.0326702 0.96066 437.857 
0.961811 -0.000306396 -0.273713 63.9183 0.0100382 0.999366 0.034155 -31.9844 0.273529 -0.0355983 0.961205 439.927 
0.962239 -0.00486272 -0.272163 63.3475 0.0149055 0.999282 0.0348446 -31.9629 0.271798 -0.0375855 0.96162 441.977 
0.962005 -0.0123696 -0.272751 62.7895 0.0222697 0.9992 0.0332312 -31.9421 0.272121 -0.0380426 0.961511 444.006 
0.961939 -0.0134534 -0.272931 62.235 0.0243094 0.99904 0.0364327 -31.9228 0.272179 -0.0416809 0.961343 446.017 
0.961689 -0.0130747 -0.27383 61.681 0.0248253 0.998911 0.0394906 -31.9003 0.273016 -0.0447756 0.960967 448.005 
0.961474 -0.0140957 -0.274535 61.1335 0.0255275 0.998947 0.0381121 -31.8744 0.273709 -0.043652 0.960821 449.961 
0.961222 -0.0143817 -0.275401 60.5885 0.0266867 0.998803 0.0409851 -31.8394 0.274482 -0.0467453 0.960455 451.906 
0.960832 -0.0153068 -0.276707 60.0475 0.028049 0.998718 0.0421504 -31.8008 0.275707 -0.0482608 0.960029 453.821 
0.960778 -0.0125098 -0.277035 59.4995 0.0253895 0.998754 0.0429526 -31.745 0.276153 -0.0483017 0.959899 455.718 
0.9609 -0.00955592 -0.276731 58.9594 0.023352 0.998641 0.046601 -31.6879 0.27591 -0.0512411 0.959817 457.599 
0.960917 -0.00714914 -0.276745 58.4112 0.0221548 0.998446 0.0511333 -31.6268 0.275949 -0.0552661 0.959582 459.454 
0.960346 -0.00664925 -0.27873 57.8672 0.0240346 0.997968 0.0590025 -31.5549 0.277772 -0.063362 0.958555 461.299 
0.95923 -0.00708379 -0.282539 57.3235 0.0264557 0.997547 0.0648078 -31.4732 0.281386 -0.0696404 0.957064 463.133 
