1 1.19763e-11 1.70464e-10 -5.55111e-17 1.19763e-11 1 3.5625e-10 0 1.70464e-10 3.5625e-10 1 2.22045e-16 
0.999988 -0.00459078 -0.00152411 -0.0511959 0.00459325 0.999988 0.00162253 -0.0411654 0.00151664 -0.00162951 0.999998 2.62259 
0.999979 -0.00626524 -0.00136868 -0.0654632 0.00626612 0.99998 0.000637488 -0.0847668 0.00136466 -0.000646051 0.999999 5.25736 
0.999958 -0.00899609 -0.00197998 -0.0742559 0.00900157 0.999956 0.00277745 -0.130727 0.00195491 -0.00279515 0.999994 7.89601 
0.999964 -0.00795475 -0.00279279 -0.0845379 0.00795959 0.999967 0.00172691 -0.178489 0.00277896 -0.00174908 0.999995 10.5581 
0.999995 -0.00188827 -0.00263135 -0.129406 0.00188424 0.999997 -0.00153518 -0.218988 0.00263425 0.00153021 0.999995 13.2297 
0.999996 0.000243198 -0.00296465 -0.167027 -0.000245765 1 -0.000865541 -0.262569 0.00296444 0.000866266 0.999995 15.9096 
0.999981 -0.00595179 -0.00187768 -0.187845 0.00595887 0.999975 0.00379029 -0.308406 0.00185507 -0.00380141 0.999991 18.6164 
0.999949 -0.00970258 -0.00265668 -0.201048 0.009706 0.999952 0.00127783 -0.324197 0.00264415 -0.00130355 0.999996 19.9676 
0.999923 -0.0120904 -0.00282884 -0.220634 0.0120884 0.999927 -0.000719808 -0.342555 0.00283734 0.000685556 0.999996 21.322 
0.999954 -0.00941543 -0.00174326 -0.298764 0.00941525 0.999956 -0.000113885 -0.383933 0.00174425 9.74662e-05 0.999998 24.0525 
0.999949 -0.0100792 -0.000637537 -0.302605 0.0100824 0.999936 0.00516753 -0.41342 0.000585412 -0.00517369 0.999986 26.8061 
0.999894 -0.0145162 -0.00121618 -0.311317 0.01452 0.99989 0.00316252 -0.424974 0.00117014 -0.00317985 0.999994 28.1813 
0.999893 -0.0145996 -0.00093851 -0.334656 0.0146005 0.999893 0.000987812 -0.440018 0.000923987 -0.00100141 0.999999 29.5581 
0.999905 -0.0137627 1.76826e-05 -0.350643 0.0137627 0.999904 -0.00142542 -0.459479 1.93666e-06 0.00142553 0.999999 30.9392 
0.999954 -0.00953593 0.000648033 -0.349616 0.00953724 0.999952 -0.00204584 -0.48958 -0.000628493 0.00205193 0.999998 32.3247 
0.999962 -0.0086687 0.000871882 -0.371639 0.0086722 0.999954 -0.00409802 -0.53594 -0.000836318 0.00410543 0.999991 35.0901 
0.999965 -0.00829591 0.000993471 -0.423195 0.00829716 0.999965 -0.00126438 -0.583387 -0.000982947 0.00127258 0.999999 37.8883 
0.999994 -0.00200966 0.00270597 -0.475596 0.00201384 0.999997 -0.00154216 -0.627883 -0.00270286 0.0015476 0.999995 40.6841 
0.999989 0.00189316 0.00428432 -0.520465 -0.00188992 0.999998 -0.000759199 -0.685457 -0.00428574 0.000751094 0.999991 43.4957 
0.999996 -0.00105494 0.00268984 -0.536823 0.00105913 0.999998 -0.00155542 -0.728222 -0.00268819 0.00155827 0.999995 46.3071 
0.999999 -0.000187877 0.0015831 -0.538234 0.000188302 1 -0.000267879 -0.781971 -0.00158305 0.000268177 0.999999 49.1479 
0.999999 0.000964448 -0.000285015 -0.56025 -0.000964565 0.999999 -0.00041159 -0.829307 0.000284618 0.000411865 1 51.9981 
0.999995 -0.00206891 -0.00229256 -0.581129 0.00207198 0.999997 0.00133671 -0.873541 0.00228979 -0.00134146 0.999996 54.8536 
0.999983 -0.00517911 -0.00268974 -0.627879 0.00518177 0.999986 0.000982608 -0.920572 0.00268461 -0.000996529 0.999996 57.7161 
0.999978 -0.00628545 -0.00228633 -0.641328 0.00628881 0.999979 0.0014657 -0.946213 0.00227707 -0.00148004 0.999996 59.1445 
0.999952 -0.00964456 -0.00177632 -0.679405 0.00964816 0.999951 0.00202652 -0.930987 0.00175669 -0.00204356 0.999996 60.5763 
0.999962 -0.00858829 -0.00167026 -0.638109 0.00859234 0.99996 0.00243566 -0.959405 0.00164928 -0.00244992 0.999996 62.0048 
0.999912 -0.0132553 -0.0003035 -0.703301 0.0132557 0.999911 0.00138675 -0.997967 0.000285091 -0.00139065 0.999999 64.8518 
0.999906 -0.0136475 0.000909597 -0.773941 0.0136466 0.999906 0.00100913 -1.02378 -0.000923284 -0.00099662 0.999999 67.6831 
0.999968 -0.00775362 0.00175259 -0.784286 0.00774758 0.999964 0.00342444 -1.06626 -0.00177908 -0.00341075 0.999993 70.4986 
0.999998 0.000622813 0.00200841 -0.743829 -0.000629622 0.999994 0.00339143 -1.12053 -0.00200629 -0.00339269 0.999992 73.2934 
0.99998 0.0051823 0.00364657 -0.782285 -0.00519239 0.999983 0.00276269 -1.16126 -0.00363219 -0.00278157 0.99999 76.1036 
0.999992 0.00286976 0.00294776 -0.765505 -0.00287795 0.999992 0.00277865 -1.19315 -0.00293977 -0.00278711 0.999992 78.8541 
0.999997 0.000715987 0.00221497 -0.757872 -0.000720169 0.999998 0.00188788 -1.24048 -0.00221362 -0.00188947 0.999996 81.6328 
0.999998 -0.000200004 0.00173849 -0.789476 0.000197807 0.999999 0.00126401 -1.28719 -0.00173874 -0.00126366 0.999998 84.3964 
1 0.000407793 0.000339782 -0.797625 -0.00040862 0.999997 0.00243651 -1.33829 -0.000338788 -0.00243665 0.999997 87.1651 
0.999976 -0.00656248 -0.00225519 -0.858943 0.00657134 0.999971 0.0039448 -1.3594 0.00222924 -0.00395953 0.99999 89.9084 
0.999952 -0.00937168 -0.00299948 -0.883891 0.00938212 0.99995 0.00348694 -1.40258 0.00296666 -0.00351491 0.999989 92.6474 
0.999952 -0.00951491 -0.00234408 -0.942715 0.00952014 0.999952 0.00222995 -1.44515 0.00232275 -0.00225216 0.999995 95.3734 
0.999956 -0.00901719 -0.00244637 -0.955661 0.00901892 0.999959 0.000697846 -1.48983 0.00243998 -0.000719879 0.999997 98.0759 
0.999959 -0.00862314 -0.00293771 -0.964623 0.00862948 0.99996 0.00215311 -1.5257 0.00291903 -0.00217837 0.999993 100.766 
0.99998 -0.00589385 -0.0022722 -0.980688 0.00589836 0.999981 0.00198429 -1.56648 0.00226046 -0.00199765 0.999995 103.455 
0.999978 -0.006422 -0.00155905 -1.04792 0.00641961 0.999978 -0.00153099 -1.61278 0.00156885 0.00152095 0.999998 106.128 
0.999921 -0.0125404 -0.00106659 -1.11376 0.0125422 0.99992 0.00167698 -1.65883 0.00104547 -0.00169023 0.999998 108.811 
0.999876 -0.0157154 0.000657485 -1.13933 0.0157149 0.999876 0.000849962 -1.70502 -0.000670761 -0.000839524 0.999999 111.486 
0.999938 -0.0107332 0.00301836 -1.17353 0.0107439 0.999936 -0.00354185 -1.75233 -0.00298015 0.00357406 0.999989 114.144 
0.999968 -0.00511163 0.00621042 -1.16186 0.00512226 0.999985 -0.00169699 -1.8111 -0.00620165 0.00172875 0.999979 116.809 
0.999956 -0.00253663 0.00908003 -1.14922 0.00252917 0.999996 0.000832723 -1.87978 -0.00908211 -0.000809721 0.999958 119.482 
0.999943 -0.00214962 0.0104255 -1.14239 0.00215508 0.999998 -0.000512385 -1.90008 -0.0104243 0.000534824 0.999946 122.177 
0.999917 0.000443845 0.012844 -1.15111 -0.000420508 0.999998 -0.00181967 -1.94915 -0.0128448 0.00181412 0.999916 124.894 
0.999842 0.00425357 0.0172713 -1.17951 -0.0042058 0.999987 -0.00280129 -2.00554 -0.017283 0.00272821 0.999847 127.606 
0.999803 0.00247288 0.0196804 -1.15013 -0.00246053 0.999997 -0.000651452 -2.07232 -0.0196819 0.0006029 0.999806 130.326 
0.999829 -0.0055642 0.0176176 -1.10321 0.00556651 0.999985 -8.25428e-05 -2.0827 -0.0176168 0.000180597 0.999845 132.997 
0.999822 -0.00823858 0.016984 -1.07073 0.00823744 0.999966 0.000137209 -2.13137 -0.0169846 2.72027e-06 0.999856 135.7 
0.999838 -0.0104345 0.0146417 -1.00752 0.0104217 0.999945 0.000950252 -2.17637 -0.0146509 -0.000797507 0.999892 138.394 
0.999847 -0.0122502 0.0124877 -0.978273 0.0122368 0.999924 0.00114251 -2.22068 -0.0125008 -0.000989528 0.999921 141.096 
0.999855 -0.0139081 0.00978663 -0.979192 0.0139079 0.999903 9.2173e-05 -2.26039 -0.00978697 4.39515e-05 0.999952 143.781 
0.999713 -0.02304 0.00659584 -0.955027 0.0230604 0.999729 -0.00303315 -2.30243 -0.00652417 0.00318438 0.999974 146.465 
0.999303 -0.037117 0.00390676 -0.917165 0.0371145 0.999311 0.000698892 -2.35646 -0.00393001 -0.000553407 0.999992 149.165 
0.999286 -0.0373007 0.00605304 -0.97382 0.0373339 0.999288 -0.00546892 -2.42978 -0.00584474 0.00569099 0.999967 151.861 
0.999445 -0.0325255 0.00722187 -0.924889 0.032579 0.999442 -0.00742587 -2.51966 -0.0069763 0.00765703 0.999946 154.549 
0.999154 -0.0404137 0.00765674 -0.864527 0.0404223 0.999182 -0.000979965 -2.59919 -0.00761088 0.00128864 0.99997 157.245 
0.998838 -0.04769 0.00689611 -0.817013 0.0476936 0.998862 -0.000369189 -2.6222 -0.00687066 0.00069766 0.999976 159.935 
0.999016 -0.0435085 0.00862075 -0.751364 0.0435117 0.999053 -0.000180193 -2.692 -0.00860475 0.000555119 0.999963 162.586 
0.999168 -0.039662 0.00953029 -0.745562 0.039686 0.999209 -0.00233936 -2.7103 -0.00942997 0.00271563 0.999952 163.938 
0.999297 -0.0353448 0.0124927 -0.791854 0.0353594 0.999374 -0.000955745 -2.74761 -0.0124511 0.00139681 0.999922 166.653 
0.999337 -0.0347117 0.010952 -0.852276 0.0347648 0.999385 -0.00468828 -2.75542 -0.0107825 0.00506591 0.999929 169.366 
0.999596 -0.0266862 0.00981833 -0.876182 0.0267779 0.999598 -0.00932769 -2.8013 -0.00956546 0.00958683 0.999908 172.03 
0.999746 -0.018854 0.012385 -1.0132 0.0189287 0.999803 -0.00594075 -2.89071 -0.0122706 0.00617367 0.999906 174.77 
0.999695 -0.0216543 0.0118965 -1.03274 0.0216893 0.999761 -0.00282583 -2.9435 -0.0118325 0.00308299 0.999925 177.527 
0.999676 -0.0238065 0.00903252 -1.05459 0.0238695 0.999691 -0.00693445 -3.00366 -0.00886464 0.00714781 0.999935 180.281 
0.999787 -0.0196732 0.00629612 -1.03737 0.0197484 0.999732 -0.0121101 -3.04674 -0.00605619 0.0122318 0.999907 183.042 
0.99987 -0.0150125 0.00587677 -1.03003 0.0150589 0.999855 -0.00792486 -3.11278 -0.00575695 0.00801233 0.999951 185.832 
0.999863 -0.0157798 0.00508742 -0.971731 0.0158069 0.999861 -0.00533779 -3.16675 -0.00500249 0.00541747 0.999973 188.628 
0.999756 -0.0215404 0.00488533 -0.999612 0.0215622 0.999758 -0.00445322 -3.2031 -0.00478822 0.00455747 0.999978 191.422 
0.999613 -0.0272935 0.00544982 -0.993658 0.0273118 0.999621 -0.0033244 -3.26898 -0.00535703 0.00347196 0.99998 194.241 
0.999359 -0.0352092 0.00642706 -1.03415 0.0352221 0.999378 -0.00190196 -3.31423 -0.00635609 0.00212711 0.999978 197.071 
0.999647 -0.025597 0.00717974 -1.01636 0.0256758 0.999609 -0.011109 -3.38693 -0.00689257 0.0112894 0.999913 199.908 
0.999833 -0.0163125 0.00821735 -1.02093 0.0164057 0.9998 -0.0114163 -3.40926 -0.00802948 0.0115492 0.999901 201.341 
0.999927 -0.00801941 0.00905713 -1.00396 0.00808864 0.999938 -0.00763364 -3.4566 -0.00899536 0.00770634 0.99993 202.779 
0.999904 -0.0100147 0.00962545 -1.03712 0.0100627 0.999937 -0.00495463 -3.50808 -0.00957522 0.00505101 0.999941 205.654 
0.999873 -0.0142637 0.00715751 -0.982239 0.0143061 0.99988 -0.00591193 -3.56878 -0.00707232 0.00601358 0.999957 208.551 
0.999886 -0.0138967 0.00597823 -0.974434 0.0139365 0.999881 -0.00666557 -3.60968 -0.00588488 0.00674812 0.99996 211.463 
0.999888 -0.0135581 0.00636792 -1.01433 0.013597 0.999889 -0.00611537 -3.68444 -0.0062843 0.00620127 0.999961 214.392 
0.999909 -0.0125638 0.00484595 -0.905794 0.0125986 0.999894 -0.00723131 -3.77242 -0.00475458 0.00729171 0.999962 217.35 
0.999922 -0.0116545 0.00442756 -0.946863 0.0116872 0.999904 -0.00743746 -3.89123 -0.00434045 0.00748862 0.999963 221.795 
0.999948 -0.00935309 0.00416096 -0.968505 0.00938823 0.99992 -0.00850513 -3.983 -0.00408108 0.00854375 0.999955 226.291 
0.999919 -0.0120361 0.00414241 -0.966709 0.0120736 0.999885 -0.00915533 -4.08088 -0.00403174 0.0092046 0.99995 230.798 
0.99993 -0.0106305 0.00524185 -0.96907 0.0106724 0.999911 -0.00803502 -4.21634 -0.00515596 0.0080904 0.999954 235.286 
0.999932 -0.0100478 0.00586679 -0.983334 0.010086 0.999928 -0.00652083 -4.29626 -0.00580085 0.00657956 0.999962 239.794 
0.999935 -0.00918213 0.0067971 -0.965389 0.00923681 0.999925 -0.00805781 -4.36069 -0.0067226 0.00812007 0.999944 242.818 
0.999928 -0.0093536 0.00752389 -0.985529 0.00942174 0.999914 -0.00907255 -4.42448 -0.00743839 0.00914278 0.999931 245.849 
0.999936 -0.00893196 0.00689118 -0.969315 0.00898423 0.999931 -0.00759217 -4.50577 -0.00682289 0.0076536 0.999947 248.896 
0.99996 -0.00588253 0.00671801 -0.945736 0.00593089 0.999956 -0.00720178 -4.58452 -0.00667535 0.00724134 0.999952 251.944 
0.999962 -0.00517723 0.00702126 -0.992984 0.00522722 0.999961 -0.00711959 -4.64415 -0.00698413 0.00715602 0.99995 255.012 
0.999944 -0.00843455 0.00635392 -0.979449 0.0084762 0.999943 -0.00655629 -4.70639 -0.00629826 0.00660978 0.999958 258.083 
0.999922 -0.0109658 0.00604262 -0.935527 0.0110077 0.999915 -0.00693817 -4.77336 -0.00596603 0.00700414 0.999958 261.162 
0.999903 -0.0128149 0.00549017 -0.908442 0.0128586 0.999885 -0.00800722 -4.80655 -0.00538693 0.00807704 0.999953 262.702 
0.999866 -0.015353 0.00567783 -0.905143 0.0153897 0.99986 -0.00649131 -4.83651 -0.00557737 0.00657782 0.999963 264.239 
0.999858 -0.0154583 0.00673356 -0.938859 0.0154902 0.999869 -0.00471232 -4.8858 -0.00665983 0.00481595 0.999966 265.779 
0.999848 -0.0157017 0.0075452 -0.939103 0.0157509 0.999855 -0.00650486 -4.95422 -0.00744196 0.00662272 0.99995 268.858 
0.999869 -0.01296 0.00970204 -0.979405 0.0130238 0.999894 -0.00654224 -5.03471 -0.00961622 0.00666774 0.999932 271.939 
0.999878 -0.00983365 0.0121082 -0.973877 0.00991979 0.999926 -0.00707514 -5.10379 -0.0120377 0.00719439 0.999902 275.048 
0.999866 -0.00903715 0.0136216 -0.957996 0.00914614 0.999926 -0.00796061 -5.1723 -0.0135486 0.00808413 0.999876 278.131 
0.999826 -0.0103618 0.0154976 -0.931996 0.0104858 0.999913 -0.00794083 -5.2484 -0.015414 0.00810195 0.999848 281.233 
0.999773 -0.0136273 0.016371 -0.902925 0.0137365 0.999884 -0.00657687 -5.31192 -0.0162795 0.00680026 0.999844 284.342 
0.999734 -0.0159596 0.0166569 -0.91697 0.0161414 0.999811 -0.0108326 -5.4013 -0.0164809 0.0110986 0.999803 287.429 
0.999738 -0.0171984 0.0150815 -0.889147 0.0173635 0.99979 -0.0108842 -5.48335 -0.0148912 0.0111432 0.999827 290.54 
0.999768 -0.0164496 0.0138723 -0.891568 0.0166132 0.999793 -0.0117654 -5.57575 -0.0136758 0.0119931 0.999835 293.656 
0.99975 -0.0189707 0.0118061 -0.89256 0.0191061 0.999752 -0.0114574 -5.65208 -0.0115859 0.0116802 0.999865 296.781 
0.999795 -0.0174165 0.0103624 -0.871957 0.0175067 0.999809 -0.00867852 -5.74871 -0.0102093 0.00885815 0.999909 299.938 
0.999796 -0.0165362 0.0115897 -0.819054 0.016637 0.999824 -0.00865655 -5.84175 -0.0114445 0.0088476 0.999895 303.105 
0.999742 -0.019344 0.0119356 -0.812465 0.0194635 0.999761 -0.00997911 -5.91538 -0.0117397 0.0102088 0.999879 306.297 
0.999698 -0.0205996 0.0133633 -0.812455 0.0207677 0.999705 -0.0125689 -6.01434 -0.0131004 0.0128427 0.999832 309.517 
0.999771 -0.0196385 0.00855241 -0.782082 0.0197465 0.999724 -0.0127311 -6.11387 -0.00830003 0.0128971 0.999882 312.752 
0.999764 -0.0200818 0.0083242 -0.766671 0.0201368 0.999776 -0.00657656 -6.18835 -0.00819026 0.00674263 0.999944 316.007 
0.999726 -0.0214872 0.00933394 -0.770005 0.021554 0.999742 -0.00710949 -6.26377 -0.00917877 0.00730872 0.999931 319.269 
0.999699 -0.0224418 0.00989355 -0.737987 0.0225113 0.999722 -0.00697219 -6.33594 -0.00973434 0.00719281 0.999927 322.533 
0.999717 -0.0204586 0.012111 -0.768884 0.0205491 0.999762 -0.00739395 -6.45395 -0.0119569 0.00764074 0.999899 325.797 
0.999679 -0.0210827 0.0140464 -0.787901 0.0211611 0.999761 -0.00545738 -6.564 -0.013928 0.00575286 0.999886 329.049 
0.99963 -0.0229674 0.0145731 -0.820482 0.0230631 0.999713 -0.00643438 -6.62325 -0.0144212 0.0067681 0.999873 332.278 
0.999699 -0.0205002 0.0134436 -0.755576 0.0206182 0.99975 -0.00869789 -6.69093 -0.0132619 0.00897246 0.999872 335.498 
0.999753 -0.0187318 0.0119405 -0.767043 0.0188671 0.999758 -0.0113191 -6.78137 -0.0117256 0.0115416 0.999865 338.697 
0.999787 -0.0176104 0.0108065 -0.752432 0.0176964 0.999812 -0.00791043 -6.82005 -0.0106651 0.00809998 0.99991 340.304 
0.999816 -0.0164572 0.00987669 -0.750964 0.0165087 0.99985 -0.00514963 -6.85774 -0.00979047 0.00531173 0.999938 341.92 
0.999816 -0.0171403 0.00861502 -0.76832 0.0171926 0.999834 -0.0060299 -6.9147 -0.00851023 0.0061769 0.999945 343.523 
0.99984 -0.0161122 0.00775975 -0.773247 0.0161702 0.999841 -0.00746956 -6.96496 -0.00763817 0.00759385 0.999942 345.124 
0.999826 -0.0178258 0.00547832 -0.759387 0.0178595 0.999821 -0.00616758 -7.00406 -0.0053674 0.00626435 0.999966 346.726 
0.999771 -0.0209297 0.00444628 -0.790272 0.0209557 0.999763 -0.00586639 -7.03161 -0.00432245 0.00595823 0.999973 348.322 
0.99977 -0.0211004 0.00378521 -0.767049 0.0211279 0.99975 -0.00737568 -7.11451 -0.00362863 0.00745396 0.999966 351.52 
0.99977 -0.0212073 0.00317788 -0.736065 0.0212308 0.999746 -0.00756122 -7.15369 -0.00301672 0.00762695 0.999966 353.119 
0.999732 -0.0228939 0.00338448 -0.746766 0.0229203 0.999705 -0.00798134 -7.25023 -0.00320076 0.00805678 0.999962 356.302 
0.99972 -0.0234338 0.00329733 -0.763212 0.0234621 0.999686 -0.00880244 -7.28659 -0.00309002 0.00887733 0.999956 357.893 
0.999681 -0.0250539 0.00314168 -0.780458 0.0250811 0.999645 -0.00894305 -7.30824 -0.0029165 0.00901899 0.999955 359.482 
0.999651 -0.026255 0.00301298 -0.778159 0.0262875 0.999591 -0.0112844 -7.39627 -0.00271547 0.0113597 0.999932 362.65 
0.999614 -0.027658 0.00276855 -0.696485 0.0276829 0.999573 -0.00937057 -7.42835 -0.0025082 0.00944359 0.999952 364.248 
0.999532 -0.0305557 0.00146586 -0.679585 0.0305678 0.999491 -0.0090861 -7.46458 -0.00118748 0.00912665 0.999958 365.843 
0.999515 -0.0310689 0.00192414 -0.698017 0.0310869 0.999465 -0.0101635 -7.50626 -0.00160734 0.0102184 0.999946 367.44 
0.999478 -0.0322967 0.000338834 -0.679574 0.0322984 0.999412 -0.0115447 -7.5397 3.42201e-05 0.0115496 0.999933 369.042 
0.999506 -0.0314363 0.000225998 -0.693767 0.0314369 0.999447 -0.010874 -7.58139 0.000115965 0.0108757 0.999941 370.629 
0.999515 -0.0311419 -0.000185236 -0.681101 0.0311385 0.999465 -0.00998398 -7.62871 0.000496057 0.00997337 0.99995 372.269 
0.999525 -0.0308167 -3.69534e-05 -0.685265 0.0308148 0.999474 -0.0101348 -7.67492 0.000349256 0.0101289 0.999949 373.879 
0.999501 -0.0315918 -0.000239291 -0.678173 0.0315873 0.999442 -0.010872 -7.72346 0.000582623 0.010859 0.999941 375.433 
0.999468 -0.0326087 -0.00070756 -0.690264 0.0325989 0.999408 -0.0110046 -7.76721 0.00106599 0.0109757 0.999939 377.039 
0.999565 -0.0294901 0.000707156 -0.73813 0.029496 0.999505 -0.010968 -7.8354 -0.000383358 0.0109841 0.99994 378.642 
0.999644 -0.0265937 0.00204493 -0.783249 0.0266147 0.999585 -0.0110354 -7.88379 -0.00175061 0.0110859 0.999937 380.256 
0.999665 -0.0257306 0.00270226 -0.779341 0.0257575 0.999614 -0.0104465 -7.92552 -0.00243242 0.0105126 0.999942 381.871 
0.999605 -0.0280107 0.00249643 -0.808559 0.0280375 0.999542 -0.0114231 -7.94203 -0.00217531 0.0114886 0.999932 383.489 
0.999611 -0.0277237 0.00312382 -0.834529 0.0277595 0.999542 -0.0120773 -7.97124 -0.00278757 0.0121593 0.999922 385.099 
0.999669 -0.0255404 0.00318053 -0.816347 0.0255773 0.999599 -0.0121665 -8.03165 -0.00286852 0.0122438 0.999921 386.718 
0.999698 -0.0243104 0.00372564 -0.828318 0.0243504 0.999642 -0.0110995 -8.09356 -0.00345447 0.0111868 0.999931 388.338 
0.999761 -0.0214055 0.00443581 -0.833267 0.0214549 0.999705 -0.0114046 -8.19867 -0.00419037 0.011497 0.999925 391.588 
