1 1.19763e-11 1.70464e-10 0 1.19763e-11 1 3.5625e-10 -1.11022e-16 1.70464e-10 3.5625e-10 1 2.22045e-16 
0.999998 -0.000407849 0.001835 0.0178502 0.00040811 1 -0.000141947 -0.0451786 -0.00183494 0.000142696 0.999998 2.39085 
0.999993 -0.00211367 0.0031148 0.0198103 0.00211168 0.999998 0.000643432 -0.0967925 -0.00311615 -0.00063685 0.999995 4.77393 
0.999984 -0.00205475 0.00532992 0.00798521 0.00205547 0.999998 -0.00012909 -0.142907 -0.00532965 0.000140043 0.999986 7.16446 
0.999974 -0.0025891 0.00680039 0.00445826 0.00258339 0.999996 0.000849013 -0.181128 -0.00680256 -0.000831422 0.999977 9.54876 
0.999987 -0.00404458 0.00317561 0.0101173 0.00404044 0.999991 0.00130976 -0.225286 -0.00318088 -0.00129691 0.999994 11.9354 
0.999991 -0.00414452 0.000312887 -0.0162439 0.0041444 0.999991 0.000388558 -0.261818 -0.000314495 -0.000387257 1 14.3188 
0.999996 -0.00279211 -0.000437415 -0.0445835 0.00279224 0.999996 0.000299684 -0.303184 0.000436577 -0.000300904 1 16.7044 
0.999993 -0.00352638 -0.00130475 -0.0540743 0.00352749 0.999993 0.000849642 -0.343256 0.00130175 -0.000854239 0.999999 19.093 
0.999991 -0.00336608 -0.00240762 -0.0671022 0.00336382 0.999994 -0.000942794 -0.382369 0.00241078 0.000934687 0.999997 21.4801 
0.999987 -0.00316067 -0.00397129 -0.0930872 0.00315864 0.999995 -0.000516125 -0.426303 0.0039729 0.000503574 0.999992 23.8705 
0.999977 -0.00322327 -0.00592878 -0.115079 0.00322105 0.999995 -0.000384115 -0.474772 0.00592999 0.00036501 0.999982 26.2609 
0.999959 -0.00474152 -0.0076738 -0.133312 0.00475278 0.999988 0.00144916 -0.514988 0.00766684 -0.00148557 0.99997 28.6551 
0.999925 -0.00725751 -0.00984606 -0.162866 0.00725425 0.999974 -0.000366169 -0.557614 0.00984846 0.000294716 0.999951 31.0406 
0.999909 -0.00761896 -0.0111476 -0.199868 0.00762297 0.999971 0.000317057 -0.603485 0.0111448 -0.000402006 0.999938 33.4459 
0.999878 -0.0091392 -0.0126908 -0.239902 0.00914963 0.999958 0.000764276 -0.651747 0.0126833 -0.000880298 0.999919 35.8382 
0.999846 -0.0112088 -0.0134825 -0.282716 0.0112275 0.999936 0.00131191 -0.688742 0.0134669 -0.00146308 0.999908 38.2286 
0.999858 -0.0107693 -0.0129598 -0.331423 0.0108155 0.999935 0.00349915 -0.728411 0.0129213 -0.00363882 0.99991 40.6263 
0.999863 -0.0102485 -0.0130025 -0.380147 0.0102911 0.999942 0.00321683 -0.766678 0.0129688 -0.0033502 0.99991 43.0183 
0.999908 -0.00804039 -0.0109348 -0.429326 0.00812853 0.999935 0.00803972 -0.797339 0.0108694 -0.00812787 0.999908 45.419 
0.999938 -0.00800332 -0.00773682 -0.470468 0.00811335 0.999865 0.0142964 -0.812937 0.00762136 -0.0143583 0.999868 47.821 
0.999927 -0.0109497 -0.00520083 -0.501951 0.0110233 0.999837 0.0143313 -0.823785 0.00504306 -0.0143875 0.999884 50.2234 
0.999944 -0.00995696 -0.00352017 -0.523992 0.00999999 0.999873 0.0124261 -0.835037 0.00339599 -0.0124606 0.999917 52.6264 
0.999932 -0.0108838 -0.00429382 -0.548569 0.0109311 0.999878 0.0111553 -0.860158 0.00417188 -0.0112015 0.999929 55.0386 
0.999932 -0.00995165 -0.00600899 -0.595513 0.0100293 0.999865 0.0130347 -0.882169 0.00587846 -0.0130941 0.999897 57.4519 
0.999933 -0.00974666 -0.00630598 -0.620185 0.0098297 0.999864 0.013275 -0.889057 0.00617573 -0.0133361 0.999892 58.6568 
0.999929 -0.00906906 -0.00767007 -0.648937 0.00916677 0.999876 0.0128016 -0.89988 0.00755302 -0.012871 0.999889 61.0677 
0.999905 -0.0111654 -0.00802135 -0.683879 0.0112557 0.999873 0.0112963 -0.914956 0.0078942 -0.0113855 0.999904 63.4742 
0.999912 -0.0107759 -0.00778612 -0.713916 0.0108704 0.999867 0.012196 -0.916273 0.00765365 -0.0122796 0.999895 64.6741 
0.999901 -0.0113477 -0.00828437 -0.725245 0.011461 0.99984 0.0137571 -0.926785 0.00812693 -0.0138507 0.999871 65.8769 
0.999925 -0.00925816 -0.00796447 -0.770552 0.00934578 0.999895 0.0110363 -0.941936 0.00786147 -0.0111099 0.999907 68.2698 
0.99994 -0.00724283 -0.00822894 -0.786871 0.00733784 0.999906 0.0115746 -0.954476 0.00814434 -0.0116343 0.999899 69.4644 
0.999963 -0.00373832 -0.00773273 -0.819121 0.00383012 0.999922 0.0118916 -0.966907 0.00768767 -0.0119207 0.999899 71.8436 
0.999991 -5.02945e-05 -0.00421227 -0.83107 0.000106172 0.999912 0.0132663 -0.972374 0.00421123 -0.0132666 0.999903 74.2148 
0.99999 -0.00434609 0.000569886 -0.833022 0.00434256 0.999972 0.00606072 -0.99106 -0.00059621 -0.00605818 0.999981 76.5689 
0.999972 -0.00451059 0.00602887 -0.84419 0.00445541 0.999948 0.00913585 -1.01807 -0.00606977 -0.00910873 0.99994 78.9216 
0.999948 -0.0037373 0.0095246 -0.841206 0.00363795 0.999939 0.0104272 -1.03295 -0.00956298 -0.010392 0.9999 80.0963 
0.999903 -0.0029163 0.0135903 -0.835362 0.00279802 0.999958 0.00871444 -1.04666 -0.0136152 -0.00867558 0.99987 81.2633 
0.999854 -0.00417929 0.0165866 -0.809522 0.00408508 0.999975 0.00570986 -1.06306 -0.0166101 -0.00564126 0.999846 82.4297 
0.99978 -0.00368455 0.0206436 -0.802793 0.00363979 0.999991 0.00220568 -1.07602 -0.0206515 -0.00213006 0.999784 83.5886 
0.999707 -0.00553473 0.0235494 -0.771107 0.00550352 0.999984 0.00138955 -1.09779 -0.0235568 -0.00125954 0.999722 84.7486 
0.999507 -0.00542171 0.0309383 -0.7222 0.00531104 0.999979 0.00365809 -1.13469 -0.0309575 -0.00349198 0.999515 87.0634 
0.999263 -0.00592996 0.0379137 -0.647129 0.00596948 0.999982 -0.000929245 -1.16682 -0.0379075 0.00115489 0.999281 89.3644 
0.998993 -0.00689571 0.0443371 -0.56647 0.00690602 0.999976 -7.93338e-05 -1.20874 -0.0443355 0.000385447 0.999017 91.6672 
0.998864 -0.00815319 0.0469512 -0.51482 0.00809304 0.999966 0.00147103 -1.23136 -0.0469616 -0.00108938 0.998896 92.8219 
0.998745 -0.00980546 0.0491132 -0.456968 0.00965583 0.999948 0.00328289 -1.25093 -0.0491429 -0.00280454 0.998788 93.9773 
0.998461 -0.0124225 0.0540503 -0.34994 0.0123245 0.999922 0.00214696 -1.29123 -0.0540728 -0.00147752 0.998536 96.2871 
0.998299 -0.0140615 0.0565761 -0.297178 0.0141637 0.999899 -0.00140663 -1.30989 -0.0565506 0.00220556 0.998397 97.4452 
0.998044 -0.012381 0.0612772 -0.194521 0.0127196 0.999906 -0.00513935 -1.3519 -0.0612078 0.00590872 0.998108 99.7639 
0.998066 -0.012212 0.0609505 -0.0671078 0.0124031 0.999919 -0.00275802 -1.39649 -0.0609119 0.00350866 0.998137 102.118 
0.998266 -0.0128044 0.0574481 0.0746738 0.0128555 0.999917 -0.00052073 -1.43634 -0.0574367 0.00125835 0.998348 104.492 
0.998587 -0.0122058 0.0517293 0.198409 0.0122256 0.999925 -6.64971e-05 -1.47714 -0.0517246 0.000698826 0.998661 106.891 
0.998946 -0.00996502 0.0447976 0.269552 0.00999276 0.99995 -0.000395404 -1.51073 -0.0447914 0.000842639 0.998996 109.302 
0.999285 -0.00912917 0.0366814 0.34126 0.00908374 0.999958 0.00140514 -1.55196 -0.0366927 -0.00107093 0.999326 111.728 
0.999586 -0.00846007 0.0274882 0.394174 0.00840735 0.999963 0.00203293 -1.59047 -0.0275044 -0.00180098 0.99962 114.165 
0.999818 -0.00612926 0.0180451 0.421263 0.00610617 0.99998 0.00133409 -1.62097 -0.018053 -0.00122366 0.999836 116.604 
0.99995 -0.0037129 0.00926213 0.459727 0.00370794 0.999993 0.000552584 -1.65888 -0.00926411 -0.000518213 0.999957 119.056 
0.999981 -0.000306846 0.00611554 0.457552 0.000305406 1 0.00023629 -1.69619 -0.00611562 -0.000234418 0.999981 121.521 
0.999986 0.00299574 0.00428031 0.443937 -0.00300134 0.999995 0.00130329 -1.73833 -0.00427639 -0.00131612 0.99999 124.007 
0.999971 0.0069618 0.00302861 0.436473 -0.00697312 0.999969 0.00374371 -1.77356 -0.00300245 -0.00376472 0.999988 126.494 
0.999973 0.00692537 0.00235902 0.419798 -0.00694038 0.999955 0.00641434 -1.79864 -0.00231449 -0.00643054 0.999977 128.996 
0.99999 0.00412231 0.00183616 0.401174 -0.00413247 0.999976 0.00556675 -1.81774 -0.00181316 -0.00557429 0.999983 131.499 
0.999998 -0.00164332 0.000688967 0.392178 0.001637 0.999958 0.00906848 -1.83445 -0.00070384 -0.00906733 0.999959 134.02 
0.999972 -0.00745544 0.000346625 0.403356 0.00745231 0.999938 0.00828937 -1.85424 -0.000408404 -0.00828655 0.999966 136.548 
0.999936 -0.0113341 0.000518997 0.398649 0.0113302 0.999911 0.00709597 -1.87878 -0.000599377 -0.00708963 0.999975 139.085 
0.999932 -0.0115943 0.00111572 0.396907 0.0115831 0.999887 0.00957245 -1.90318 -0.00122658 -0.00955887 0.999954 141.634 
0.99996 -0.00878722 0.00192933 0.386082 0.00876512 0.999899 0.0111796 -1.91634 -0.00202737 -0.0111623 0.999936 142.908 
0.99996 -0.00852421 0.00285617 0.393226 0.00850276 0.999936 0.00743923 -1.9389 -0.0029194 -0.00741465 0.999968 145.454 
0.999953 -0.00883836 0.00409186 0.381903 0.00883468 0.999961 0.0009187 -1.97708 -0.00409981 -0.000882506 0.999991 147.994 
0.999945 -0.00942668 0.0046194 0.386706 0.00944293 0.999949 -0.00350833 -2.0267 -0.0045861 0.00355176 0.999983 150.527 
0.999953 -0.00834047 0.00493356 0.378611 0.00835432 0.999961 -0.00279346 -2.0817 -0.00491007 0.00283455 0.999984 153.056 
0.999968 -0.00639588 0.00475138 0.360943 0.00640155 0.999979 -0.00117974 -2.13303 -0.00474373 0.00121012 0.999988 155.583 
0.999976 -0.00581842 0.00362705 0.359362 0.00582334 0.999982 -0.00134652 -2.17871 -0.00361915 0.00136761 0.999993 158.109 
0.999984 -0.00491749 0.00273167 0.344578 0.00491708 0.999988 0.000159645 -2.22234 -0.00273243 -0.00014621 0.999996 160.636 
0.999992 -0.00381884 0.00143638 0.32901 0.00382173 0.999991 -0.00201292 -2.26932 -0.00142868 0.0020184 0.999997 163.162 
0.999994 -0.0034315 0.000133338 0.324931 0.00343187 0.99999 -0.00288216 -2.3208 -0.000123447 0.0028826 0.999996 165.685 
0.999996 -0.00272122 -0.0011798 0.304995 0.00271709 0.99999 -0.00348588 -2.37874 0.00118927 0.00348266 0.999993 168.212 
0.99999 -0.00320359 -0.00307807 0.29229 0.00319796 0.999993 -0.00183367 -2.43046 0.00308392 0.00182381 0.999994 170.741 
0.999986 -0.00327315 -0.00415111 0.286935 0.00326649 0.999993 -0.00161009 -2.45228 0.00415635 0.00159651 0.99999 172.007 
0.999982 -0.00296984 -0.00526634 0.283183 0.00296378 0.999995 -0.00115724 -2.48091 0.00526975 0.00114161 0.999985 173.271 
0.999974 -0.0020351 -0.00698172 0.255856 0.00201889 0.999995 -0.0023273 -2.54036 0.00698642 0.00231314 0.999973 175.795 
0.999961 -0.00299804 -0.0083256 0.230514 0.00297164 0.999991 -0.00318209 -2.58759 0.00833506 0.00315723 0.99996 178.324 
0.999925 -0.0080435 -0.00919211 0.213324 0.0080006 0.999957 -0.00469421 -2.64187 0.00922947 0.00462032 0.999947 180.844 
0.999915 -0.00858374 -0.00984452 0.179282 0.0086178 0.999957 0.00342274 -2.69969 0.00981471 -0.00350729 0.999946 183.368 
0.999935 -0.00618328 -0.00958039 0.135501 0.00618077 0.999981 -0.000290885 -2.74598 0.00958201 0.000231652 0.999954 185.876 
0.999933 -0.00597097 -0.00987347 0.0975787 0.00595175 0.99998 -0.00197531 -2.79476 0.00988507 0.00191642 0.999949 188.375 
0.999934 -0.00585297 -0.00984611 0.0690573 0.0058665 0.999982 0.00134617 -2.84572 0.00983805 -0.00140385 0.999951 190.872 
0.999948 -0.00613371 -0.0081723 0.0529384 0.00614582 0.99998 0.00145823 -2.8901 0.0081632 -0.00150838 0.999966 193.34 
0.999962 -0.00664527 -0.00562862 0.0519017 0.00663576 0.999977 -0.00170693 -2.92354 0.00563983 0.00166952 0.999983 195.799 
0.999967 -0.00756506 -0.00286121 0.0243829 0.00756061 0.99997 -0.00156289 -2.97811 0.00287295 0.00154121 0.999995 198.235 
0.999971 -0.00754468 -0.000910227 0.0161598 0.00754541 0.999971 0.000802889 -3.02782 0.000904143 -0.000809734 0.999999 200.657 
0.999974 -0.00721298 0.000639946 0.00152676 0.00721236 0.999974 0.000958653 -3.05523 -0.000646843 -0.000954013 0.999999 201.86 
0.999973 -0.0071349 0.00186744 0.023289 0.00713283 0.999974 0.00110965 -3.09326 -0.00187531 -0.0010963 0.999998 204.24 
0.999974 -0.00639735 0.00323135 0.036218 0.0063942 0.999979 0.000985271 -3.13568 -0.00323759 -0.000964584 0.999994 206.588 
0.999966 -0.00715678 0.00411686 0.0340755 0.00714948 0.999973 0.00178684 -3.18202 -0.00412954 -0.00175734 0.99999 208.889 
0.99997 -0.00677889 0.00374908 0.0241611 0.00676913 0.999974 0.00261072 -3.22602 -0.00376667 -0.00258526 0.99999 211.133 
0.999976 -0.00628273 0.00293372 0.0104233 0.00628037 0.99998 0.000813323 -3.2703 -0.00293878 -0.000794878 0.999995 213.312 
0.999973 -0.00732791 0.000747659 0.010904 0.00732762 0.999973 0.000378872 -3.30774 -0.000750415 -0.000373383 1 215.444 
0.999964 -0.00813814 -0.00240117 -0.0106058 0.00814449 0.999963 0.00264701 -3.34874 0.00237954 -0.00266647 0.999994 217.525 
0.999955 -0.00696495 -0.00648899 -0.043592 0.00699413 0.999965 0.00448509 -3.39387 0.00645752 -0.00453027 0.999969 219.552 
0.999893 -0.00685544 -0.0129482 -0.0674217 0.00691166 0.999967 0.00430241 -3.43102 0.0129182 -0.00439144 0.999907 221.5 
0.999789 -0.00671399 -0.0193957 -0.102846 0.00680749 0.999966 0.0047584 -3.4746 0.0193631 -0.00488944 0.999801 223.358 
0.99964 -0.00700784 -0.0258967 -0.153784 0.0071047 0.999968 0.00365009 -3.51096 0.0258703 -0.00383276 0.999658 225.128 
0.999471 -0.00533964 -0.0320804 -0.220225 0.00543076 0.999981 0.00275393 -3.54477 0.0320651 -0.00292669 0.999481 226.812 
0.999396 -0.00214259 -0.034672 -0.296067 0.00225815 0.999992 0.00329431 -3.58078 0.0346647 -0.00337061 0.999393 228.419 
0.999447 -0.00135339 -0.0332274 -0.371169 0.00151719 0.999987 0.00490501 -3.6094 0.0332203 -0.00495271 0.999436 229.954 
0.999467 -0.000851576 -0.032627 -0.42832 0.000935325 0.999996 0.0025517 -3.63787 0.0326247 -0.00258085 0.999464 231.427 
0.999541 -0.00058509 -0.0302761 -0.486925 0.000554434 0.999999 -0.00102093 -3.66429 0.0302767 0.00100368 0.999541 232.88 
0.999634 -0.000503711 -0.0270626 -0.534376 0.000458029 0.999998 -0.00169421 -3.69281 0.0270634 0.00168119 0.999632 234.32 
0.999723 -0.000941469 -0.0235261 -0.571357 0.000898008 0.999998 -0.00185782 -3.72333 0.0235278 0.00183617 0.999721 235.744 
0.999828 -0.00102569 -0.0185289 -0.604962 0.00099622 0.999998 -0.00159975 -3.75442 0.0185305 0.00158102 0.999827 237.154 
0.99992 -0.00285539 -0.0122896 -0.630115 0.00284918 0.999996 -0.000522755 -3.78333 0.0122911 0.000487698 0.999924 238.551 
0.999975 -0.00346164 -0.0062156 -0.647528 0.00345781 0.999994 -0.000627913 -3.81391 0.00621774 0.000606404 0.99998 239.931 
0.999997 -0.00237398 3.67862e-05 -0.660839 0.00237404 0.999995 -0.00188942 -3.83915 -3.23006e-05 0.00188951 0.999998 241.308 
0.99998 -0.00243544 0.00587946 -0.663543 0.00244407 0.999996 -0.00146082 -3.86703 -0.00587588 0.00147516 0.999982 242.698 
0.99994 -0.00290589 0.0105344 -0.657416 0.00291729 0.999995 -0.00106728 -3.89234 -0.0105313 0.00109795 0.999944 244.104 
0.999887 -0.00221759 0.0148504 -0.652768 0.00229251 0.999985 -0.00502968 -3.918 -0.014839 0.00506316 0.999877 245.516 
0.999873 -0.00385324 0.0154537 -0.64185 0.00395597 0.99997 -0.0066228 -3.93038 -0.0154278 0.0066831 0.999859 246.231 
0.999871 -0.0041343 0.0155308 -0.632178 0.00424417 0.999966 -0.00704759 -3.94417 -0.0155011 0.00711259 0.999855 246.953 
0.999868 -0.00282734 0.0159785 -0.644467 0.00294341 0.999969 -0.00724516 -3.99929 -0.0159575 0.00729124 0.999846 248.414 
0.999859 -0.00289288 0.0165457 -0.633063 0.0030506 0.99995 -0.00951529 -4.03636 -0.0165173 0.00956442 0.999818 249.901 
0.9998 -0.0102019 0.0172193 -0.596915 0.0104177 0.999868 -0.0124917 -4.07286 -0.0170896 0.0126686 0.999774 251.417 
0.999805 -0.00721516 0.0183842 -0.599537 0.00737611 0.999935 -0.00870219 -4.08424 -0.0183203 0.0088361 0.999793 252.191 
0.999813 -0.0026666 0.0191448 -0.594356 0.00271716 0.999993 -0.00261571 -4.10317 -0.0191377 0.00266724 0.999813 252.976 
0.99974 -0.00410863 0.0224369 -0.568201 0.00413817 0.999991 -0.00127054 -4.12925 -0.0224315 0.00136306 0.999747 254.554 
0.999544 -0.00122495 0.0301766 -0.535089 0.00156636 0.999935 -0.0112928 -4.14884 -0.0301608 0.0113349 0.999481 256.159 
0.999334 -0.0013502 0.0364538 -0.485285 0.00167055 0.99996 -0.00875899 -4.19012 -0.0364405 0.00881406 0.999297 257.805 
0.999102 -0.00705393 0.0417878 -0.40765 0.00722551 0.999966 -0.00395629 -4.22654 -0.0417585 0.00425468 0.999119 259.477 
0.99887 -0.00481884 0.0472854 -0.347323 0.00508107 0.999972 -0.00542714 -4.26507 -0.0472579 0.00566127 0.998867 261.15 
0.998629 -0.00470754 0.0521378 -0.273717 0.00511694 0.999957 -0.00772168 -4.29985 -0.0520993 0.00797788 0.99861 262.827 
0.998323 -0.0023764 0.0578394 -0.18545 0.0026032 0.999989 -0.00384605 -4.34594 -0.0578297 0.00399016 0.998318 264.508 
0.997973 -0.000899129 0.0636247 -0.0992824 0.00117857 0.99999 -0.00435467 -4.38054 -0.0636201 0.00442083 0.997964 266.186 
0.997667 -0.00581296 0.068017 0.0125927 0.00610461 0.999973 -0.0040809 -4.41479 -0.0679914 0.00448659 0.997676 267.877 
0.997589 -0.00814777 0.0689238 0.130381 0.00844629 0.999956 -0.00404087 -4.45229 -0.0688878 0.00461327 0.997614 269.571 
0.997552 -0.00878107 0.0693725 0.237754 0.0090277 0.999954 -0.00324245 -4.48793 -0.0693408 0.00386079 0.997586 271.277 
0.997654 -0.00888063 0.0678852 0.347043 0.00915005 0.999951 -0.00365883 -4.52682 -0.0678494 0.0042714 0.997686 272.987 
0.997873 -0.00732575 0.0647725 0.436457 0.00768181 0.999957 -0.00524974 -4.56501 -0.0647313 0.00573615 0.997886 274.696 
0.997985 -0.00652216 0.063116 0.485582 0.00688077 0.999961 -0.005466 -4.58924 -0.0630779 0.00588927 0.997991 275.549 
0.998245 -0.00526547 0.0589922 0.576881 0.00556657 0.999972 -0.00494095 -4.63826 -0.0589645 0.00526066 0.998246 277.245 
0.998608 -0.00673751 0.0523106 0.650963 0.006817 0.999976 -0.00134121 -4.67056 -0.0523003 0.00169594 0.99863 278.937 
0.999028 -0.00787222 0.0433773 0.711692 0.00780244 0.999968 0.00177778 -4.7079 -0.0433899 -0.0014376 0.999057 280.608 
0.999394 -0.00915411 0.0335874 0.752318 0.00906181 0.999955 0.00289938 -4.74168 -0.0336124 -0.00259326 0.999432 282.22 
0.99965 -0.010254 0.0243961 0.790302 0.0101931 0.999945 0.00261821 -4.77262 -0.0244216 -0.00236862 0.999699 283.803 
0.999824 -0.00916091 0.0163683 0.822666 0.00912664 0.999956 0.00216721 -4.79679 -0.0163874 -0.00201744 0.999864 285.323 
0.999911 -0.0102731 0.00850945 0.825785 0.0102607 0.999946 0.00149932 -4.83109 -0.0085244 -0.00141187 0.999963 286.771 
0.999969 -0.00739559 -0.00275017 0.811103 0.00738957 0.99997 -0.00219047 -4.85822 0.00276629 0.00217007 0.999994 288.126 
0.999735 -0.00708286 -0.0218837 0.778276 0.00697015 0.999962 -0.00522252 -4.88994 0.0219199 0.0050686 0.999747 289.415 
0.998612 -0.00637909 -0.0522802 0.707764 0.00613386 0.999969 -0.00484976 -4.92791 0.0523095 0.00452235 0.998621 290.653 
0.995519 -0.00246888 -0.0945335 0.570702 0.00207243 0.999989 -0.00429173 -4.96166 0.094543 0.00407659 0.995512 291.837 
0.989118 0.000292243 -0.147127 0.369847 -0.000946372 0.99999 -0.00437605 -4.98596 0.147124 0.00446766 0.989108 292.967 
0.977539 0.00185277 -0.210745 0.108305 -0.00225193 0.999996 -0.00165407 -5.0176 0.210741 0.0020915 0.97754 294.029 
0.958696 0.0032331 -0.284415 -0.202887 -0.00263893 0.999993 0.00247226 -5.04365 0.284422 -0.0016196 0.958698 295.027 
0.932135 0.00568637 -0.362066 -0.600943 -0.00357161 0.999972 0.00650986 -5.06045 0.362093 -0.00477491 0.93213 295.943 
0.896036 0.00441636 -0.443959 -1.08115 -0.000391053 0.999958 0.00915801 -5.06996 0.443981 -0.0080323 0.896 296.822 
0.846986 -0.00087527 -0.531615 -1.55343 0.0074344 0.99992 0.0101984 -5.06633 0.531564 -0.0125901 0.846925 297.62 
0.787082 0.000481938 -0.616849 -2.15979 0.00830654 0.999901 0.0113801 -5.06646 0.616793 -0.014081 0.786999 298.33 
0.713234 -0.00239374 -0.700922 -2.81019 0.0151697 0.999813 0.0120217 -5.05812 0.700762 -0.0192071 0.713136 298.975 
0.624932 -0.00185849 -0.780677 -3.6085 0.0230689 0.999604 0.016087 -5.05508 0.780338 -0.0280627 0.624728 299.46 
0.5212 0.00812449 -0.853396 -4.37815 0.0164056 0.999675 0.0195366 -5.05045 0.853277 -0.0241829 0.520897 299.879 
0.410133 0.0150402 -0.911902 -5.18849 0.0116621 0.999696 0.0217333 -5.05789 0.911951 -0.0195482 0.409833 300.151 
0.235543 0.0242292 -0.971562 -6.42092 0.0156467 0.999465 0.0287184 -5.04792 0.971738 -0.0219661 0.235038 300.376 
0.108305 0.0316414 -0.993614 -7.27132 0.0174669 0.999278 0.0337257 -5.04249 0.993964 -0.021008 0.107674 300.425 
-0.0210362 0.0441345 -0.998804 -8.15199 0.019368 0.998856 0.0437288 -5.0258 0.999591 -0.0184249 -0.0218669 300.302 
-0.154903 0.0578608 -0.986234 -9.07948 0.0230369 0.998224 0.054946 -5.00536 0.987661 -0.0142084 -0.155961 300.096 
-0.28453 0.0684018 -0.956224 -10.0189 0.0301089 0.997597 0.0624023 -4.97296 0.958194 -0.0110356 -0.285905 299.746 
-0.404457 0.0725677 -0.911673 -10.9309 0.0364657 0.997334 0.0632084 -4.94575 0.91383 -0.00767976 -0.406025 299.269 
-0.510507 0.0737076 -0.856709 -11.8276 0.0405564 0.997274 0.061634 -4.90026 0.858917 -0.00328051 -0.512105 298.651 
-0.599579 0.0768517 -0.796617 -12.643 0.0453823 0.997042 0.0620299 -4.87175 0.799028 0.0010395 -0.601293 298.046 
-0.673817 0.0882135 -0.733614 -13.5767 0.0588763 0.996101 0.065699 -4.81063 0.736549 0.00107663 -0.676383 297.169 
-0.740646 0.0956504 -0.665052 -14.4582 0.0680591 0.995404 0.0673678 -4.74786 0.66844 0.00463279 -0.743752 296.105 
-0.798083 0.091415 -0.595573 -15.2963 0.0702548 0.9958 0.0587029 -4.69753 0.598438 0.00500795 -0.801154 294.909 
-0.846811 0.084907 -0.525073 -16.0956 0.070396 0.996383 0.0475891 -4.62491 0.527215 0.00333589 -0.849726 293.604 
-0.888903 0.0803669 -0.450991 -16.8692 0.0682084 0.996736 0.0431803 -4.55512 0.452989 0.00762172 -0.891483 292.151 
-0.923313 0.0826718 -0.375045 -17.5295 0.0730181 0.996532 0.039906 -4.49762 0.377043 0.00946069 -0.926147 290.549 
-0.93782 0.0873177 -0.33596 -17.833 0.0788643 0.996132 0.0387528 -4.46989 0.338044 0.0098479 -0.941079 289.706 
-0.961075 0.0908237 -0.260933 -18.3437 0.0833719 0.995735 0.0395107 -4.41165 0.263409 0.0162182 -0.964548 287.9 
-0.970234 0.0904304 -0.224651 -18.5481 0.083987 0.995738 0.0380947 -4.38899 0.227139 0.018093 -0.973694 286.954 
-0.983875 0.085242 -0.157236 -18.9013 0.0817049 0.996239 0.0288357 -4.32982 0.159103 0.0155238 -0.98714 284.957 
-0.991992 0.0830045 -0.0951974 -19.1168 0.0807629 0.996363 0.02717 -4.29441 0.0971064 0.019264 -0.995088 282.861 
-0.99586 0.0817749 -0.0396871 -19.2305 0.0808706 0.996438 0.0238824 -4.2611 0.0414987 0.020574 -0.998927 280.654 
-0.997005 0.0768577 0.00864699 -19.2384 0.0770489 0.996725 0.0245324 -4.22391 -0.00673318 0.0251251 -0.999662 278.352 
-0.996599 0.0693141 0.0445552 -19.1264 0.0702596 0.997328 0.0200164 -4.18923 -0.0430487 0.0230787 -0.998806 275.982 
-0.996252 0.0586026 0.0636258 -18.9474 0.0600119 0.997988 0.020468 -4.15901 -0.0622983 0.0242096 -0.997764 273.55 
-0.996229 0.0537599 0.0680953 -18.7778 0.0552587 0.998265 0.0203201 -4.13201 -0.0668847 0.0240063 -0.997472 271.045 
-0.996644 0.0513933 0.0637184 -18.5868 0.0527712 0.998404 0.020133 -4.09905 -0.062582 0.0234279 -0.997765 268.472 
-0.997209 0.0481466 0.0570541 -18.4058 0.0494549 0.99854 0.0217448 -4.06794 -0.0559238 0.0245057 -0.998134 265.841 
-0.997868 0.0464312 0.0458579 -18.2545 0.0476552 0.998526 0.0259672 -4.04242 -0.0445847 0.0280972 -0.99861 263.181 
-0.998358 0.0449842 0.0354684 -18.1328 0.0459841 0.998553 0.0278957 -4.01742 -0.0341622 0.0294809 -0.998981 260.514 
-0.998573 0.04391 0.0303959 -18.088 0.0447407 0.998628 0.0272106 -3.99779 -0.0291594 0.0285317 -0.999167 259.173 
-0.998769 0.0428254 0.025033 -18.0458 0.0434867 0.998702 0.0264998 -3.97996 -0.0238656 0.0275557 -0.999335 257.833 
-0.999045 0.0412718 0.0143757 -17.9772 0.0416748 0.998711 0.0289606 -3.96134 -0.0131619 0.029532 -0.999477 255.148 
-0.999115 0.0417369 0.00520018 -17.9401 0.0418824 0.99861 0.0320131 -3.93494 -0.00385682 0.0322025 -0.999474 252.448 
-0.999046 0.0436598 -0.00114759 -17.9296 0.0436036 0.998571 0.0308879 -3.89506 0.00249451 0.0308084 -0.999522 249.744 
-0.998999 0.0443659 -0.00564707 -17.9399 0.0442095 0.998701 0.0253257 -3.85852 0.00676333 0.0250507 -0.999663 247.046 
-0.998925 0.0453713 -0.00948646 -17.9386 0.0450779 0.998558 0.0291421 -3.82481 0.010795 0.0286831 -0.99953 244.308 
-0.998783 0.0482813 -0.0100939 -17.9892 0.0479632 0.998408 0.0296776 -3.78419 0.0115107 0.0291573 -0.999509 241.568 
-0.998754 0.0489654 -0.00961872 -17.9928 0.048664 0.998382 0.0294112 -3.76319 0.0110433 0.0289065 -0.999521 240.184 
-0.998581 0.0525718 -0.0085534 -17.9833 0.0523344 0.998292 0.025949 -3.72986 0.00990298 0.0254645 -0.999627 237.422 
-0.998525 0.0538053 -0.00722968 -17.9759 0.0535683 0.998121 0.0297374 -3.69874 0.00881612 0.0293063 -0.999532 234.643 
-0.998655 0.0515798 -0.00518876 -17.9802 0.0513958 0.998201 0.0308845 -3.64267 0.00677244 0.0305763 -0.999509 231.843 
-0.998886 0.0469959 -0.00424735 -17.9721 0.0468487 0.998456 0.0298521 -3.60385 0.00564372 0.0296199 -0.999545 229.042 
-0.998889 0.0469273 -0.00425452 -17.9636 0.0467989 0.998554 0.0264424 -3.56817 0.00548924 0.0262139 -0.999641 226.223 
-0.998913 0.0464747 -0.00345758 -17.9928 0.0463623 0.998545 0.0275257 -3.525 0.0047318 0.0273355 -0.999615 223.389 
-0.998935 0.0460612 -0.00283197 -18.0082 0.045959 0.998515 0.0292381 -3.48671 0.00417451 0.0290768 -0.999568 220.544 
-0.998887 0.0471027 -0.00253956 -18.0026 0.0470148 0.998512 0.0276333 -3.45267 0.00383738 0.0274832 -0.999615 217.69 
-0.998802 0.0488906 -0.00216177 -17.9945 0.0488047 0.998364 0.0297881 -3.41702 0.00361459 0.0296469 -0.999554 214.815 
-0.998803 0.0488827 -0.00196564 -18.0066 0.0488153 0.998469 0.0259957 -3.38088 0.00323337 0.0258686 -0.99966 211.92 
-0.998698 0.0509793 -0.00172544 -18.0103 0.0509162 0.998355 0.0263668 -3.36032 0.00306677 0.0262446 -0.999651 209.035 
-0.998842 0.0480775 -0.00198108 -18.0131 0.048009 0.998501 0.026277 -3.32309 0.00324145 0.0261515 -0.999653 206.118 
-0.998936 0.0460533 -0.00239746 -17.997 0.045967 0.99854 0.0283679 -3.29252 0.0037004 0.0282275 -0.999595 203.189 
-0.998871 0.0474471 -0.00224084 -17.9906 0.0473677 0.998499 0.0275067 -3.2643 0.00354259 0.0273695 -0.999619 200.269 
-0.998884 0.0470883 -0.00353562 -17.9843 0.046952 0.998388 0.0318925 -3.23238 0.00503168 0.0316909 -0.999485 197.328 
-0.998912 0.0464422 -0.00413072 -17.9872 0.0462856 0.998409 0.032207 -3.21537 0.00561991 0.0319808 -0.999473 195.867 
-0.998975 0.0449774 -0.00517285 -17.9871 0.0447891 0.998481 0.0320754 -3.19636 0.00660767 0.0318109 -0.999472 194.407 
-0.999013 0.0440074 -0.00604272 -17.9903 0.0437884 0.99851 0.0325502 -3.17881 0.00746617 0.0322535 -0.999452 192.951 
-0.998996 0.0442639 -0.00695589 -17.9997 0.04402 0.998518 0.0319985 -3.1591 0.00836196 0.0316602 -0.999464 191.495 
-0.998903 0.0461619 -0.00785663 -18.0314 0.0458994 0.99847 0.0308302 -3.11917 0.00926779 0.0304358 -0.999494 188.597 
-0.998926 0.0454148 -0.00923729 -18.0432 0.0451129 0.998513 0.0306198 -3.08444 0.0106141 0.0301701 -0.999488 185.7 
-0.998896 0.0457998 -0.0104585 -18.0622 0.0454285 0.998411 0.0333354 -3.05619 0.0119686 0.0328235 -0.999389 182.814 
-0.998886 0.0457309 -0.0116524 -18.0778 0.0453183 0.998411 0.0335037 -3.03665 0.013166 0.0329383 -0.999371 181.376 
-0.998858 0.0457244 -0.0138567 -18.0888 0.0452582 0.998454 0.0322668 -3.02153 0.0153107 0.0316029 -0.999383 179.944 
-0.998799 0.0456149 -0.0178748 -18.1246 0.0450064 0.998439 0.0330827 -2.99463 0.0193559 0.0322385 -0.999293 177.094 
-0.998626 0.0475627 -0.0220142 -18.1724 0.0467944 0.998319 0.0341901 -2.95934 0.0236034 0.033113 -0.999173 174.279 
-0.998563 0.0479135 -0.0239903 -18.1977 0.0470784 0.998304 0.0342451 -2.93991 0.0255904 0.0330665 -0.999125 172.888 
-0.998499 0.0481324 -0.0261504 -18.2266 0.0471887 0.998252 0.0355821 -2.92457 0.0278173 0.0342947 -0.999025 171.506 
-0.998314 0.049665 -0.0300528 -18.2909 0.0485093 0.998098 0.0380361 -2.88614 0.0318847 0.0365141 -0.998824 168.798 
-0.998186 0.0500531 -0.0334495 -18.3686 0.0487845 0.998097 0.0377214 -2.839 0.0352739 0.0360212 -0.998728 166.18 
-0.998153 0.0497372 -0.0348802 -18.4418 0.0483234 0.99802 0.0402696 -2.8048 0.036814 0.0385097 -0.99858 163.638 
-0.998219 0.0481702 -0.0351813 -18.5056 0.0468285 0.998179 0.0380141 -2.77223 0.0369484 0.0362989 -0.998658 161.196 
-0.998217 0.0486549 -0.0345751 -18.5673 0.0473413 0.998162 0.0378471 -2.74527 0.036353 0.0361428 -0.998685 158.853 
-0.99827 0.0483949 -0.0333824 -18.631 0.0470197 0.99806 0.0408187 -2.7153 0.0352931 0.0391785 -0.998609 156.613 
-0.998392 0.0467296 -0.0320876 -18.6957 0.045408 0.998137 0.0407506 -2.68694 0.033932 0.039228 -0.998654 154.48 
-0.99837 0.0475251 -0.0315934 -18.7268 0.0462559 0.998138 0.0397561 -2.67259 0.033424 0.03823 -0.99871 153.451 
-0.998417 0.04667 -0.0313774 -18.7424 0.0454507 0.998224 0.0385079 -2.65888 0.0331189 0.0370208 -0.998766 152.45 
-0.998455 0.0463987 -0.0305824 -18.7837 0.0451675 0.998187 0.0397913 -2.63995 0.0323732 0.0383485 -0.99874 150.524 
-0.9985 0.0459892 -0.0297012 -18.8242 0.0447554 0.998158 0.0409481 -2.61329 0.0315296 0.0395574 -0.99872 148.703 
-0.998477 0.0473612 -0.0282962 -18.8593 0.0461771 0.998086 0.0411283 -2.60082 0.03019 0.039759 -0.998753 147.828 
-0.998548 0.0458703 -0.0282345 -18.8707 0.0447867 0.998278 0.037882 -2.57161 0.0299235 0.0365625 -0.998883 146.121 
-0.998356 0.0503691 -0.0273675 -18.9196 0.0494016 0.998167 0.0349458 -2.54085 0.0290775 0.0335363 -0.999014 144.475 
-0.998356 0.050839 -0.0264733 -18.965 0.0499205 0.998165 0.0342733 -2.52421 0.0281672 0.0328954 -0.999062 142.894 
-0.998227 0.0532763 -0.0265251 -19.004 0.0524058 0.998097 0.0324977 -2.51564 0.0282059 0.03105 -0.99912 141.366 
-0.998172 0.0540476 -0.0270415 -19.0512 0.053116 0.998007 0.0340578 -2.50593 0.0288284 0.0325592 -0.999054 139.875 
-0.997983 0.0567313 -0.0284694 -19.105 0.0558325 0.997945 0.0314319 -2.47811 0.0301941 0.029779 -0.9991 137.711 
-0.997834 0.0589484 -0.0292001 -19.1452 0.0581625 0.99794 0.0270705 -2.46798 0.0307357 0.0253135 -0.999207 136.299 
-0.997846 0.0581526 -0.0303565 -19.1833 0.0574722 0.998086 0.0228252 -2.46038 0.0316257 0.0210313 -0.999278 134.899 
-0.997805 0.0584076 -0.0312035 -19.2176 0.0577091 0.998072 0.0228361 -2.45018 0.0324772 0.0209852 -0.999252 133.509 
-0.997859 0.0569166 -0.0322171 -19.2476 0.0561255 0.998112 0.0249495 -2.45072 0.0335763 0.0230879 -0.999169 132.125 
-0.998258 0.0490714 -0.0327579 -19.2687 0.0485023 0.998662 0.0179488 -2.4509 0.0335948 0.0163287 -0.999302 130.768 
-0.998346 0.0471139 -0.0329539 -19.2975 0.046833 0.99886 0.00924312 -2.44154 0.0333518 0.0076845 -0.999414 129.384 
-0.99872 0.0396136 -0.0314582 -19.3273 0.0391752 0.999128 0.0144324 -2.43555 0.0320025 0.0131816 -0.999401 127.955 
-0.998882 0.0380629 -0.0280513 -19.3538 0.0375711 0.999134 0.0178539 -2.43214 0.0287066 0.01678 -0.999447 126.482 
-0.999106 0.0365032 -0.0213421 -19.3859 0.0361855 0.999231 0.0150905 -2.4241 0.0218765 0.0143048 -0.999658 124.964 
-0.999338 0.0332103 -0.0148244 -19.3964 0.0329293 0.999281 0.0188118 -2.41186 0.0154385 0.0183112 -0.999713 123.379 
-0.99936 0.0348786 -0.00790339 -19.4018 0.034662 0.999059 0.0260679 -2.39727 0.00880516 0.0257773 -0.999629 121.729 
-0.99928 0.0379513 -8.35697e-05 -19.4086 0.0379373 0.998966 0.02507 -2.37474 0.00103492 0.0250488 -0.999686 120.016 
-0.999109 0.0414049 0.00812681 -19.3953 0.04157 0.998908 0.0213251 -2.35012 -0.00723497 0.021644 -0.99974 118.237 
-0.998916 0.0436048 0.0162979 -19.3718 0.0439861 0.998748 0.0238154 -2.32926 -0.015239 0.0245065 -0.999584 116.379 
-0.998521 0.0482091 0.0251378 -19.3306 0.0488473 0.998483 0.0254262 -2.30222 -0.0238739 0.0266165 -0.999361 114.449 
-0.998135 0.0509094 0.0336896 -19.2569 0.0515936 0.998473 0.0197611 -2.27764 -0.0326321 0.0214624 -0.999237 112.461 
-0.997862 0.0513083 0.0404852 -19.1731 0.0520911 0.998471 0.0185225 -2.26023 -0.0394729 0.0205918 -0.999008 110.4 
-0.997766 0.0509725 0.0431755 -19.0669 0.0516873 0.998541 0.0156035 -2.24178 -0.0423172 0.0178003 -0.998946 108.273 
-0.997749 0.0517625 0.0426301 -18.9579 0.0522225 0.998588 0.00974658 -2.23566 -0.0420654 0.0119509 -0.999043 106.083 
-0.997704 0.0529775 0.0422002 -18.8597 0.0538279 0.998364 0.0192777 -2.2199 -0.0411098 0.021505 -0.998923 103.799 
-0.997816 0.0519032 0.0408547 -18.7474 0.052712 0.998429 0.018976 -2.19304 -0.0398056 0.0210881 -0.998985 101.457 
-0.997977 0.0494775 0.0399246 -18.6417 0.0502188 0.99858 0.0177832 -2.16383 -0.038988 0.0197522 -0.999044 99.0545 
-0.997982 0.0503999 0.0386243 -18.5174 0.0510485 0.998568 0.0159943 -2.13938 -0.0377628 0.0179338 -0.999126 96.5919 
-0.998062 0.0505914 0.0362393 -18.4082 0.0513664 0.998464 0.0207854 -2.11485 -0.035132 0.0226066 -0.999127 94.0615 
-0.998255 0.0496582 0.0319611 -18.3055 0.0503099 0.998535 0.0199188 -2.08448 -0.0309251 0.021492 -0.999291 91.4737 
-0.998423 0.0492992 0.026865 -18.2238 0.049552 0.998733 0.00882725 -2.06837 -0.0263958 0.0101445 -0.9996 88.8331 
-0.998478 0.049466 0.0243908 -18.1885 0.049636 0.998747 0.00641517 -2.06907 -0.0240429 0.00761607 -0.999682 87.488 
-0.998488 0.0502905 0.0222106 -18.1613 0.0506033 0.998624 0.0137497 -2.07176 -0.0214885 0.0148529 -0.999659 86.1162 
-0.998634 0.0492373 0.0175156 -18.0884 0.0495938 0.998558 0.0205397 -2.04767 -0.0164791 0.0213803 -0.999636 83.3358 
-0.998748 0.0483023 0.012995 -18.0383 0.048531 0.998661 0.0179044 -2.0261 -0.0121128 0.0185127 -0.999755 80.5046 
-0.998742 0.0489264 0.0110246 -18.0213 0.0491231 0.998624 0.0183432 -2.01524 -0.0101119 0.0188617 -0.999771 79.0616 
-0.998668 0.0510155 0.0076663 -17.9975 0.0511647 0.998475 0.0207212 -1.9973 -0.00659751 0.0210859 -0.999756 76.1409 
-0.99876 0.0495227 0.00504616 -17.9796 0.0496257 0.998506 0.0228905 -1.98466 -0.00390502 0.0231125 -0.999725 74.665 
-0.998874 0.0473383 0.00309843 -17.9731 0.0474038 0.998525 0.0264545 -1.97476 -0.00184155 0.0265716 -0.999645 73.1889 
-0.998937 0.0460822 0.00106013 -17.9601 0.0460934 0.998496 0.0296752 -1.96039 0.000308961 0.0296925 -0.999559 71.7147 
-0.998901 0.0468639 -0.000408808 -17.96 0.0468298 0.99844 0.0304019 -1.94448 0.00183292 0.0303493 -0.999538 70.2426 
-0.998898 0.046899 -0.00178416 -17.9609 0.046827 0.998477 0.0291871 -1.93069 0.00315029 0.0290714 -0.999572 68.7749 
-0.998914 0.0464942 -0.00309558 -17.9482 0.0463883 0.998523 0.0283003 -1.91018 0.00440681 0.028126 -0.999595 67.3048 
-0.998868 0.0474342 -0.003621 -17.9554 0.0473042 0.998427 0.0300815 -1.89802 0.00504219 0.0298762 -0.999541 64.3729 
-0.998844 0.0478677 -0.00446594 -17.9487 0.047717 0.998431 0.0292862 -1.88394 0.0058608 0.0290393 -0.999561 62.9077 
-0.998818 0.0483378 -0.00501666 -17.9475 0.0481856 0.998474 0.0269862 -1.86792 0.00631345 0.0267126 -0.999623 61.4449 
-0.998773 0.0492273 -0.00536512 -17.9499 0.0490561 0.998393 0.0283824 -1.85577 0.00675368 0.0280844 -0.999583 59.973 
-0.99877 0.0492184 -0.00604794 -17.954 0.048976 0.998179 0.0352207 -1.81428 0.00777043 0.0348812 -0.999361 57.0319 
-0.998836 0.0479945 -0.00471571 -17.9721 0.047826 0.998375 0.0309853 -1.76477 0.00619517 0.0307237 -0.999509 54.1086 
-0.998859 0.0475923 -0.0038484 -17.9652 0.0474683 0.998491 0.0276246 -1.74954 0.00515731 0.0274105 -0.999611 52.6503 
-0.998925 0.0462366 -0.00336414 -17.9594 0.0461286 0.998566 0.0271521 -1.74018 0.00461473 0.0269677 -0.999626 51.1953 
-0.998933 0.0461186 -0.00259252 -17.9503 0.0460259 0.998531 0.0285778 -1.72765 0.00390668 0.0284279 -0.999588 49.7414 
-0.998903 0.0467861 -0.00192746 -17.9476 0.0467019 0.998408 0.0316389 -1.71632 0.00340465 0.0315141 -0.999498 48.2853 
-0.998938 0.0460574 -0.0012155 -17.9421 0.045987 0.998332 0.0348972 -1.69758 0.00282075 0.0348042 -0.99939 46.8339 
-0.999011 0.0444663 -0.000831213 -17.9479 0.0444115 0.998422 0.0343634 -1.67405 0.00235792 0.0342925 -0.999409 45.3868 
-0.999065 0.0432242 -0.000844952 -17.9471 0.0431791 0.998612 0.0301655 -1.66165 0.00214766 0.0301008 -0.999545 43.9481 
-0.99911 0.0421604 -0.00151651 -17.9433 0.0421034 0.998741 0.0272844 -1.65006 0.00266492 0.0271962 -0.999627 42.5086 
-0.999073 0.0430086 -0.00183007 -17.9502 0.0429419 0.998697 0.0275837 -1.63709 0.00301402 0.0274795 -0.999618 41.069 
-0.999067 0.0431258 -0.00241274 -17.9646 0.0430279 0.998571 0.0316814 -1.60613 0.00377558 0.0315481 -0.999495 38.2049 
-0.999145 0.0411907 -0.00348369 -17.9714 0.0410693 0.998714 0.0297251 -1.56828 0.00470361 0.0295566 -0.999552 35.3457 
-0.999098 0.0422501 -0.00420006 -17.9731 0.0421172 0.998725 0.0278465 -1.5405 0.00537122 0.0276445 -0.999603 32.5034 
-0.999001 0.0444782 -0.00440038 -17.967 0.044339 0.998628 0.0278458 -1.52972 0.00563288 0.0276229 -0.999603 31.0854 
-0.998882 0.0470633 -0.00442708 -17.9749 0.0469153 0.998476 0.0290645 -1.51793 0.0057882 0.0288243 -0.999568 29.6624 
-0.998888 0.0469333 -0.00458294 -17.9806 0.0467828 0.998491 0.0287468 -1.49656 0.00592521 0.0285004 -0.999576 26.833 
-0.99895 0.0455479 -0.00496708 -17.9719 0.0453878 0.998559 0.0286163 -1.48528 0.00626333 0.0283608 -0.999578 25.4255 
-0.999122 0.0414314 -0.0062665 -17.9546 0.041236 0.998739 0.0286245 -1.46478 0.00744455 0.028341 -0.999571 22.6233 
-0.999097 0.0419202 -0.0069882 -17.9573 0.0416899 0.998669 0.0303686 -1.44466 0.00825195 0.0300498 -0.999514 19.8423 
-0.999061 0.0426871 -0.00742724 -17.9554 0.0424321 0.998598 0.0316465 -1.40311 0.00876773 0.0313016 -0.999472 17.0723 
-0.999037 0.0431977 -0.0076189 -17.9615 0.0429621 0.998663 0.0287635 -1.38149 0.00885123 0.0284085 -0.999557 15.6977 
-0.999143 0.0405182 -0.00849928 -17.9512 0.0402998 0.998888 0.024466 -1.37266 0.00948115 0.0241025 -0.999665 14.327 
-0.999304 0.036302 -0.00856662 -17.9489 0.0360993 0.999089 0.0227412 -1.36628 0.00938438 0.0224161 -0.999705 12.9598 
-0.999378 0.0343362 -0.00805357 -17.9471 0.0341272 0.99911 0.024793 -1.35556 0.00889769 0.0245027 -0.99966 11.5866 
-0.999411 0.0334277 -0.00777965 -17.952 0.0332051 0.999079 0.0271692 -1.35127 0.00868069 0.0268948 -0.999601 10.2175 
-0.999352 0.0351474 -0.00771162 -17.9644 0.0349109 0.998972 0.0289146 -1.33322 0.00871997 0.0286267 -0.999552 8.85187 
-0.999155 0.0406112 -0.00635572 -17.9989 0.0403901 0.99868 0.0317261 -1.32436 0.00763576 0.0314426 -0.999476 7.48693 
-0.998946 0.0455015 -0.00602266 -18.0041 0.045279 0.998429 0.0329966 -1.30426 0.00751459 0.0326891 -0.999437 6.1276 
-0.998803 0.0485959 -0.0056395 -18.0253 0.0484091 0.998391 0.0295386 -1.26297 0.00706589 0.0292302 -0.999548 3.39766 
-0.998929 0.0458753 -0.00597058 -18.0292 0.0457022 0.998604 0.026469 -1.22941 0.00717653 0.0261678 -0.999632 0.6684 
-0.999026 0.0436431 -0.00645608 -18.0233 0.0434578 0.998704 0.0264924 -1.20902 0.00760392 0.0261861 -0.999628 -2.07809 
-0.99903 0.0435264 -0.00665983 -18.024 0.0433536 0.998767 0.024196 -1.17836 0.00770478 0.0238838 -0.999685 -4.83227 
-0.999103 0.0417253 -0.00721314 -18.021 0.0415412 0.998848 0.0240311 -1.15559 0.00820753 0.0237099 -0.999685 -7.6054 
-0.99923 0.0385313 -0.00739588 -18.0376 0.0383173 0.998896 0.0271661 -1.14238 0.00843446 0.0268618 -0.999604 -10.3954 
-0.999325 0.0358834 -0.00791101 -18.0471 0.0356865 0.99908 0.0237638 -1.1152 0.00875647 0.0234654 -0.999686 -13.1907 
-0.99937 0.0346868 -0.00751881 -18.0509 0.0344993 0.999122 0.0237799 -1.0911 0.00833706 0.0235055 -0.999689 -16.0063 
-0.999442 0.0325868 -0.00737512 -18.0492 0.0324205 0.99924 0.021639 -1.08465 0.00807466 0.0213878 -0.999739 -17.4122 
-0.999486 0.0311883 -0.00739485 -18.0479 0.0310495 0.999352 0.0181954 -1.08279 0.00795754 0.0179564 -0.999807 -18.8222 
-0.999492 0.0310227 -0.00731051 -18.0478 0.0308922 0.999372 0.0173356 -1.07613 0.00784372 0.0171009 -0.999823 -20.2331 
-0.999346 0.0356144 -0.00626016 -18.0321 0.035482 0.999168 0.0201145 -1.08592 0.00697132 0.0198792 -0.999778 -23.0732 
-0.999329 0.0361575 -0.00581301 -18.0375 0.0360361 0.999155 0.0197866 -1.08943 0.00652353 0.0195639 -0.999787 -24.4943 
-0.999368 0.0351184 -0.00551836 -18.0461 0.0350153 0.999229 0.017785 -1.08313 0.00613869 0.0175806 -0.999827 -27.3362 
-0.999393 0.0345391 -0.00444893 -18.0389 0.0344298 0.99915 0.0226619 -1.06579 0.00522786 0.022495 -0.999733 -30.1921 
-0.999242 0.0388038 -0.00307968 -18.0363 0.0387288 0.999018 0.02151 -1.0386 0.00391132 0.0213744 -0.999764 -33.0404 
-0.999114 0.0420249 -0.00226656 -18.018 0.0419612 0.99885 0.0231776 -1.02704 0.00323799 0.0230619 -0.999729 -35.8903 
-0.998915 0.0465335 -0.00158775 -18.0134 0.0464825 0.998635 0.023839 -1.01705 0.00269489 0.0237394 -0.999715 -38.7271 
-0.998842 0.048082 -0.00158936 -17.9979 0.0480273 0.998533 0.024998 -1.00668 0.00278898 0.0248927 -0.999686 -40.144 
