1 1.19763e-11 1.70464e-10 0 1.19763e-11 1 3.5625e-10 -1.11022e-16 1.70464e-10 3.5625e-10 1 2.22045e-16 
0.999998 0.00143088 -0.00136626 -0.0278736 -0.00143123 0.999999 -0.000257619 -0.0560812 0.00136589 0.000259574 0.999999 2.38418 
0.999992 0.00286033 -0.00273194 -0.0557354 -0.00286175 0.999996 -0.000515091 -0.112136 0.00273045 0.000522905 0.999996 4.76729 
0.999982 0.0042904 -0.00409898 -0.0836255 -0.0042936 0.999991 -0.000772789 -0.168246 0.00409563 0.000790375 0.999991 7.15277 
0.999969 0.00571877 -0.00546518 -0.111499 -0.00572448 0.999983 -0.00103029 -0.224319 0.0054592 0.00106155 0.999985 9.53676 
0.999951 0.00714577 -0.00683087 -0.139362 -0.00715472 0.999974 -0.00128767 -0.28037 0.00682149 0.00133648 0.999976 11.9198 
0.999931 0.00843591 -0.00816322 -0.167141 -0.00844859 0.999963 -0.00152061 -0.336295 0.00815009 0.00158947 0.999965 14.3035 
0.999905 0.00994267 -0.00955913 -0.195073 -0.00996015 0.999949 -0.00178253 -0.392444 0.00954091 0.00187757 0.999953 16.6876 
0.999903 0.00903704 -0.0106381 -0.222069 -0.00904873 0.999958 -0.00105157 -0.445081 0.0106282 0.00114773 0.999943 19.0766 
0.999889 0.0090071 -0.0118276 -0.253156 -0.00904332 0.999954 -0.00301191 -0.497782 0.0118 0.00311854 0.999926 21.4647 
0.999862 0.00984956 -0.0133611 -0.288791 -0.00988085 0.999949 -0.00227713 -0.55273 0.013338 0.00240884 0.999908 23.853 
0.999835 0.0101149 -0.0151055 -0.327351 -0.0101569 0.999945 -0.00270318 -0.606984 0.0150773 0.00285616 0.999882 26.2431 
0.999823 0.00861126 -0.0167054 -0.367798 -0.00861793 0.999963 -0.000327681 -0.656564 0.0167019 0.00047159 0.99986 28.6371 
0.999801 0.0074613 -0.0185104 -0.411276 -0.0075089 0.999969 -0.00250366 -0.70872 0.0184912 0.00264216 0.999826 31.0279 
0.999774 0.00740399 -0.0199167 -0.459653 -0.0074443 0.99997 -0.00195049 -0.763253 0.0199017 0.00209831 0.9998 33.4202 
0.999758 0.00640272 -0.0210545 -0.509819 -0.00643811 0.999978 -0.00161332 -0.818272 0.0210438 0.00174848 0.999777 35.8126 
0.999746 0.0055957 -0.0218499 -0.562741 -0.00562143 0.999984 -0.00111657 -0.873467 0.0218433 0.00123911 0.999761 38.2069 
0.999747 0.0062008 -0.0216065 -0.61817 -0.00617996 0.99998 0.00103148 -0.926858 0.0216124 -0.000897686 0.999766 40.6024 
0.999739 0.00782238 -0.0214496 -0.675668 -0.00781302 0.999969 0.000520558 -0.977631 0.021453 -0.000352835 0.99977 42.9959 
0.999751 0.0110736 -0.019367 -0.735861 -0.010976 0.999927 0.00514141 -1.02036 0.0194225 -0.00492756 0.999799 45.3956 
0.999804 0.0119197 -0.0158213 -0.784447 -0.0117438 0.999869 0.0111629 -1.05121 0.0159523 -0.0109749 0.999812 47.8015 
0.999865 0.00992313 -0.013056 -0.822002 -0.00977267 0.999886 0.0115377 -1.07385 0.013169 -0.0114085 0.999848 50.2035 
0.999871 0.0115474 -0.0111836 -0.859463 -0.0114466 0.999894 0.00904029 -1.09829 0.0112868 -0.00891111 0.999897 52.6058 
0.99988 0.0099049 -0.0118841 -0.892873 -0.00981186 0.999921 0.00786143 -1.12788 0.011961 -0.00774388 0.999899 55.0152 
0.999837 0.0100971 -0.0149447 -0.933231 -0.00995818 0.999907 0.00933976 -1.16069 0.0150376 -0.00918942 0.999845 57.4278 
0.999799 0.0110527 -0.0167453 -0.981436 -0.0108951 0.999896 0.00946992 -1.19028 0.0168482 -0.00928557 0.999815 59.8386 
0.999786 0.0108011 -0.0176325 -1.03113 -0.0106471 0.999905 0.00880072 -1.22132 0.0177259 -0.0086111 0.999806 62.2456 
0.999793 0.00908842 -0.018201 -1.07847 -0.00893026 0.999922 0.00875222 -1.2517 0.0182792 -0.00858786 0.999796 64.6475 
0.999779 0.00952396 -0.0187288 -1.12954 -0.00934732 0.999911 0.00949644 -1.28111 0.0188176 -0.00931928 0.99978 67.0476 
0.999735 0.0131959 -0.0188793 -1.18693 -0.0130472 0.999883 0.00797869 -1.30942 0.0189824 -0.00773025 0.99979 69.4353 
0.999688 0.0166571 -0.0185977 -1.24323 -0.0164973 0.999826 0.00871377 -1.33946 0.0187396 -0.00840424 0.999789 71.816 
0.999704 0.0187315 -0.0155521 -1.29284 -0.0185739 0.999775 0.0102144 -1.37147 0.0157399 -0.00992248 0.999827 74.1875 
0.999836 0.0146383 -0.0106252 -1.32014 -0.0145978 0.999886 0.00388094 -1.40752 0.0106808 -0.0037252 0.999936 76.5408 
0.999881 0.0145024 -0.00525761 -1.33795 -0.0144706 0.999877 0.0060339 -1.4488 0.00534447 -0.00595709 0.999968 78.8946 
0.999885 0.0150247 0.00205161 -1.34229 -0.0150362 0.999871 0.00571294 -1.48583 -0.00196551 -0.00574313 0.999982 81.2345 
0.99988 0.0127292 0.00886334 -1.32387 -0.0127231 0.999919 -0.000739437 -1.53031 -0.00887203 0.000626579 0.999961 83.558 
0.999807 0.0116764 0.0157817 -1.29299 -0.0116789 0.999932 6.52823e-05 -1.58059 -0.0157798 -0.000249582 0.999876 85.877 
0.999651 0.0124442 0.0232842 -1.24713 -0.012416 0.999922 -0.00135718 -1.63067 -0.0232992 0.00106761 0.999728 88.1838 
0.999481 0.0122127 0.029818 -1.18274 -0.0120887 0.999918 -0.00433684 -1.68316 -0.0298685 0.00397413 0.999546 90.4834 
0.999319 0.0101085 0.0354901 -1.10175 -0.0100514 0.999948 -0.00178757 -1.73609 -0.0355063 0.00142963 0.999368 92.7913 
0.999138 0.00815756 0.0406936 -1.00612 -0.00821454 0.999965 0.00123296 -1.78507 -0.0406821 -0.00156617 0.999171 95.1026 
0.998965 0.00539851 0.0451542 -0.89754 -0.00520135 0.999976 -0.0044828 -1.83487 -0.0451773 0.0042433 0.99897 97.4132 
0.99879 0.00589486 0.0488303 -0.782045 -0.0054781 0.999947 -0.00866424 -1.89164 -0.0488788 0.00838626 0.998769 99.7397 
0.998795 0.00615144 0.0486906 -0.665532 -0.00586421 0.999965 -0.0060398 -1.95303 -0.048726 0.00574699 0.998796 102.095 
0.998956 0.00574843 0.0453281 -0.550571 -0.00558373 0.999977 -0.00375952 -2.01288 -0.0453487 0.00350249 0.998965 104.47 
0.999189 0.00637717 0.0397667 -0.448327 -0.00625591 0.999975 -0.00317304 -2.06974 -0.0397859 0.00292169 0.999204 106.867 
0.999453 0.00797542 0.0320995 -0.365108 -0.00787451 0.999964 -0.00326915 -2.127 -0.0321244 0.00301459 0.999479 109.279 
0.999679 0.008809 0.0237386 -0.298528 -0.00878063 0.999961 -0.00129932 -2.18567 -0.0237491 0.00109046 0.999717 111.707 
0.999851 0.00934745 0.0145022 -0.253779 -0.00934393 0.999956 -0.000310941 -2.24015 -0.0145045 0.000175388 0.999895 114.142 
0.999933 0.0115795 -4.92663e-05 -0.232571 -0.0115796 0.999932 -0.00108376 -2.32757 3.67139e-05 0.00108426 0.999999 117.812 
0.999859 0.0157602 -0.00585855 -0.246444 -0.0157671 0.999875 -0.00113725 -2.38815 0.0058399 0.00122947 0.999982 120.271 
0.999791 0.0188422 -0.00790759 -0.269679 -0.0188506 0.999822 -0.000979368 -2.44463 0.00788773 0.00112823 0.999968 122.742 
0.999747 0.0202946 -0.0096543 -0.297015 -0.0202938 0.999794 0.000181 -2.49892 0.00965599 1.49691e-05 0.999953 125.224 
0.999621 0.0252016 -0.0110657 -0.336076 -0.0251494 0.999672 0.00483097 -2.54329 0.0111839 -0.00455084 0.999927 127.72 
0.999638 0.0238811 -0.0123852 -0.370442 -0.0238401 0.99971 0.00344343 -2.57813 0.0124639 -0.00314692 0.999917 130.22 
0.999723 0.0188177 -0.0141389 -0.397623 -0.0187331 0.999806 0.00608865 -2.61481 0.0142507 -0.0058221 0.999881 132.733 
0.999789 0.0142765 -0.0147654 -0.429912 -0.014133 0.999852 0.00977904 -2.64614 0.0149029 -0.00956829 0.999843 135.259 
0.999865 0.00723149 -0.0147543 -0.457056 -0.00714244 0.999956 0.00607934 -2.67599 0.0147976 -0.00597314 0.999873 137.79 
0.999882 0.00559825 -0.0143058 -0.490815 -0.00550633 0.999964 0.00645657 -2.71132 0.0143414 -0.00637704 0.999877 140.331 
0.99988 0.00859196 -0.0128936 -0.531657 -0.00846348 0.999914 0.00998678 -2.74413 0.0129783 -0.00987645 0.999867 142.88 
0.999889 0.00895428 -0.0119115 -0.568107 -0.00887644 0.999939 0.00657173 -2.77535 0.0119696 -0.00646527 0.999907 145.424 
0.999906 0.0078125 -0.0112584 -0.601569 -0.0078088 0.999969 0.00037256 -2.81886 0.011261 -0.000284609 0.999937 147.961 
0.999915 0.00764352 -0.0105907 -0.634443 -0.00768883 0.999961 -0.00424426 -2.87506 0.0105579 0.00432532 0.999935 150.492 
0.999901 0.00893226 -0.0108898 -0.684175 -0.00895768 0.999957 -0.00228766 -2.96991 0.0108688 0.00238498 0.999938 154.288 
0.999885 0.00967133 -0.0116837 -0.721231 -0.00969494 0.999951 -0.00196518 -3.02488 0.0116641 0.00207822 0.99993 156.817 
0.999871 0.00943709 -0.0130048 -0.75814 -0.00944675 0.999955 -0.000680968 -3.07934 0.0129978 0.000803735 0.999915 159.342 
0.999842 0.0105925 -0.0142772 -0.798967 -0.010612 0.999943 -0.00129639 -3.13526 0.0142626 0.00144769 0.999897 161.864 
0.999806 0.0118748 -0.0157159 -0.844849 -0.0119134 0.999926 -0.0023666 -3.19122 0.0156867 0.00255337 0.999874 164.39 
0.999783 0.0118115 -0.0171891 -0.891591 -0.011886 0.99992 -0.00423947 -3.25233 0.0171377 0.00444285 0.999843 166.914 
0.999752 0.0123362 -0.0185243 -0.941804 -0.0123873 0.99992 -0.00264513 -3.31395 0.0184902 0.00287394 0.999825 169.441 
0.99972 0.0127729 -0.019905 -0.99577 -0.0128126 0.999916 -0.00186476 -3.37385 0.0198795 0.00211927 0.9998 171.971 
0.999685 0.0134199 -0.0212291 -1.05365 -0.0134712 0.999907 -0.00227164 -3.43193 0.0211967 0.0025569 0.999772 174.498 
0.999649 0.0146528 -0.0220779 -1.11197 -0.0147098 0.999889 -0.00241887 -3.49193 0.02204 0.00274279 0.999753 177.026 
0.999659 0.0132581 -0.0225007 -1.1675 -0.0133785 0.999897 -0.00520742 -3.55545 0.0224294 0.00550667 0.999733 179.549 
0.999681 0.0102488 -0.0230688 -1.22091 -0.0102893 0.999946 -0.00163495 -3.61722 0.0230509 0.00187179 0.999733 182.072 
0.999673 0.0103628 -0.0233607 -1.28027 -0.0103012 0.999943 0.00275764 -3.66913 0.0233879 -0.0025161 0.999723 184.593 
0.99965 0.0123045 -0.0234172 -1.34277 -0.0123672 0.99992 -0.00253445 -3.72236 0.0233842 0.00282317 0.999723 187.092 
0.999653 0.0119275 -0.023508 -1.40087 -0.0119497 0.999928 -0.000803738 -3.78186 0.0234967 0.00108437 0.999723 189.586 
0.999676 0.0114353 -0.0227296 -1.45692 -0.0113896 0.999933 0.00213771 -3.83975 0.0227525 -0.00187814 0.999739 192.07 
0.999749 0.0100797 -0.0200225 -1.50439 -0.0100826 0.999949 -4.30334e-05 -3.89757 0.0200211 0.000244903 0.999799 194.534 
0.999807 0.00913005 -0.0174209 -1.54334 -0.00917138 0.999955 -0.0022943 -3.96212 0.0173992 0.00245363 0.999846 196.982 
0.999851 0.00895475 -0.0147845 -1.57734 -0.00894716 0.99996 0.000579148 -4.02538 0.0147891 -0.000446782 0.999891 199.411 
0.999877 0.00944574 -0.012535 -1.60705 -0.00943641 0.999955 0.000803841 -4.08451 0.012542 -0.000685456 0.999921 201.821 
0.999895 0.0100899 -0.0104203 -1.62986 -0.0100746 0.999948 0.00152276 -4.14217 0.0104351 -0.00141762 0.999945 204.203 
0.99991 0.0101237 -0.00875483 -1.64907 -0.0101128 0.999948 0.00128718 -4.19622 0.00876741 -0.00119853 0.999961 206.553 
0.99993 0.00877602 -0.00797274 -1.66316 -0.00876006 0.99996 0.00203533 -4.25023 0.00799028 -0.00196534 0.999966 208.852 
0.999923 0.0085436 -0.00897263 -1.68092 -0.00851351 0.999958 0.0033868 -4.30181 0.00900119 -0.00331015 0.999954 211.094 
0.999911 0.0091296 -0.00978528 -1.70539 -0.00911522 0.999957 0.00151356 -4.35161 0.00979868 -0.00142423 0.999951 213.275 
0.999898 0.00851047 -0.0114609 -1.73064 -0.008495 0.999963 0.00139821 -4.40208 0.0114724 -0.0013007 0.999933 215.405 
0.999862 0.00707599 -0.0150121 -1.7581 -0.00702249 0.999969 0.00361377 -4.45045 0.0150372 -0.00350785 0.999881 217.485 
0.999783 0.00751584 -0.0194553 -1.79655 -0.00740204 0.999955 0.00591479 -4.49424 0.0194989 -0.00576949 0.999793 219.511 
0.999579 0.0085377 -0.027723 -1.8716 -0.00837363 0.999947 0.0060289 -4.5533 0.0277731 -0.00579422 0.999598 222.403 
0.99939 0.00884009 -0.0337725 -1.93108 -0.00866386 0.999948 0.00536098 -4.59419 0.0338181 -0.00506511 0.999415 224.219 
0.999147 0.00982997 -0.0401111 -1.99932 -0.00964786 0.999942 0.0047311 -4.63434 0.0401553 -0.00434007 0.999184 225.946 
0.998893 0.0120495 -0.0454686 -2.07606 -0.0118789 0.999921 0.00402076 -4.67414 0.0455135 -0.00347619 0.998958 227.589 
0.998877 0.0130127 -0.0455603 -2.18284 -0.0127428 0.9999 0.0062109 -4.72895 0.0456365 -0.00562336 0.998942 229.917 
0.998902 0.0132772 -0.0449322 -2.24791 -0.0131233 0.999907 0.0037187 -4.76246 0.0449774 -0.00312496 0.998983 231.388 
0.998987 0.013313 -0.0429853 -2.30914 -0.0133179 0.999911 0.000172632 -4.79566 0.0429838 0.000400019 0.999076 232.838 
0.999116 0.0134701 -0.0398168 -2.3648 -0.0135033 0.999909 -0.000565903 -4.83053 0.0398055 0.00110306 0.999207 234.278 
0.999342 0.0131104 -0.0338217 -2.43716 -0.0131495 0.999913 -0.00093472 -4.88158 0.0338065 0.00137885 0.999428 236.409 
0.999628 0.0112681 -0.024831 -2.48924 -0.0112645 0.999937 0.000287764 -4.92965 0.0248326 -7.94849e-06 0.999692 238.508 
0.999818 0.0103818 -0.0159961 -2.52029 -0.0103879 0.999946 -0.000297044 -4.98174 0.0159921 0.000463156 0.999872 240.575 
0.999885 0.0112616 -0.0101863 -2.53435 -0.0112818 0.999934 -0.00192606 -5.01566 0.0101639 0.00204076 0.999946 241.957 
0.999919 0.011816 -0.00476259 -2.54339 -0.011818 0.99993 -0.000381602 -5.04817 0.00475775 0.000437855 0.999989 243.356 
0.999932 0.011576 0.00154232 -2.54662 -0.0115692 0.999923 -0.00438365 -5.09478 -0.00159295 0.00436551 0.999989 245.471 
0.999938 0.0107719 0.00267294 -2.54373 -0.0107536 0.999919 -0.00676716 -5.12614 -0.00274561 0.00673799 0.999973 246.908 
0.999936 0.010925 0.00302195 -2.5419 -0.0109031 0.999915 -0.00716991 -5.16458 -0.00310002 0.0071365 0.99997 248.369 
0.999932 0.0110868 0.00352747 -2.54094 -0.0110516 0.99989 -0.00985862 -5.20598 -0.00363639 0.00981897 0.999945 249.857 
0.999983 0.00402366 0.00424756 -2.52926 -0.00396977 0.999912 -0.0126188 -5.24631 -0.00429796 0.0126017 0.999911 251.371 
0.999935 0.01001 0.00551496 -2.53441 -0.00999102 0.999944 -0.00346176 -5.28296 -0.00554931 0.00340643 0.999979 252.929 
0.999931 0.00828298 0.00826515 -2.52283 -0.00827762 0.999965 -0.000683216 -5.31615 -0.00827053 0.000614754 0.999966 254.511 
0.999803 0.0115532 0.016109 -2.50891 -0.0113657 0.999867 -0.011683 -5.34529 -0.0162419 0.0114976 0.999802 256.112 
0.999677 0.0116732 0.0225798 -2.47644 -0.0114726 0.999894 -0.00899468 -5.38577 -0.0226824 0.00873272 0.999705 257.758 
0.999583 0.00615029 0.0282192 -2.42627 -0.00603844 0.999974 -0.00404695 -5.42505 -0.0282434 0.00387486 0.999594 259.43 
0.99939 0.00817133 0.0339433 -2.37745 -0.00798873 0.999953 -0.00551177 -5.46745 -0.0339867 0.00523724 0.999409 261.103 
0.999204 0.00895698 0.0388821 -2.31559 -0.0086414 0.999928 -0.00827684 -5.50957 -0.0389534 0.00793425 0.999209 262.779 
0.998917 0.0113817 0.0451077 -2.24929 -0.0111924 0.999927 -0.00444753 -5.55757 -0.045155 0.00393785 0.998972 264.463 
0.998653 0.0117972 0.050521 -2.16903 -0.0115492 0.99992 -0.00519778 -5.60156 -0.0505783 0.00460731 0.99871 266.146 
0.998464 0.00718835 0.0549306 -2.07093 -0.00692358 0.999964 -0.00500896 -5.64239 -0.0549646 0.00462095 0.998478 267.834 
0.998395 0.00496856 0.0564207 -1.97234 -0.00469959 0.999977 -0.00489907 -5.68395 -0.0564437 0.00462605 0.998395 269.529 
0.998368 0.00482439 0.0569088 -1.87569 -0.00458219 0.99998 -0.0043856 -5.72699 -0.0569288 0.00411767 0.99837 271.234 
0.99846 0.00500763 0.0552475 -1.78334 -0.00476577 0.999978 -0.00450878 -5.77311 -0.0552689 0.00423854 0.998463 272.943 
0.998628 0.00591853 0.0520212 -1.70084 -0.00559772 0.999964 -0.00631051 -5.81491 -0.0520567 0.00601066 0.998626 274.651 
0.998766 0.00813344 0.0489941 -1.62267 -0.0078224 0.999948 -0.00653684 -5.85824 -0.0490447 0.00614552 0.998778 276.354 
0.998995 0.00842248 0.0440316 -1.55063 -0.00822813 0.999956 -0.00459322 -5.90115 -0.0440683 0.0042263 0.99902 278.052 
0.999363 0.00582291 0.0351951 -1.48931 -0.00581906 0.999983 -0.000211965 -5.94192 -0.0351957 7.02846e-06 0.99938 279.735 
0.999657 0.00491401 0.0257086 -1.44776 -0.00496239 0.999986 0.00181816 -5.97802 -0.0256993 -0.00194511 0.999668 281.39 
0.999858 0.00341794 0.0164903 -1.41905 -0.00346411 0.99999 0.00277228 -6.01085 -0.0164806 -0.00282901 0.99986 283.004 
0.999959 0.00344834 0.00839104 -1.41125 -0.00346866 0.999991 0.00240803 -6.04017 -0.00838266 -0.00243704 0.999962 284.555 
0.999993 0.00353435 0.000765703 -1.41778 -0.00353637 0.99999 0.0026483 -6.06917 -0.000756335 -0.00265099 0.999996 286.036 
0.999958 0.00381434 -0.00837492 -1.43582 -0.00381016 0.999993 0.000514589 -6.10138 0.00837682 -0.000482656 0.999965 287.433 
0.999719 0.00628369 -0.0228721 -1.47765 -0.00635626 0.999975 -0.00310117 -6.1326 0.022852 0.00324568 0.999734 288.751 
0.998896 0.006605 -0.0465137 -1.54562 -0.00681246 0.999968 -0.00430299 -6.16704 0.0464837 0.00461511 0.998908 290.017 
0.996547 0.0102342 -0.0823969 -1.66504 -0.0104729 0.999942 -0.00246584 -6.19696 0.0823669 0.00332026 0.996597 291.23 
0.987444 0.0149425 -0.157264 -1.94299 -0.0153816 0.99988 -0.00157479 -6.23702 0.157222 0.00397398 0.987555 292.937 
0.975195 0.0163635 -0.220744 -2.20954 -0.0163356 0.999865 0.00195183 -6.25767 0.220746 0.00170258 0.97533 293.998 
0.955806 0.0181658 -0.293438 -2.54338 -0.0168706 0.999834 0.00694429 -6.28527 0.293515 -0.00168692 0.955953 294.988 
0.92833 0.0207961 -0.371175 -2.94905 -0.017502 0.999772 0.0122414 -6.30794 0.371345 -0.00486779 0.928482 295.902 
0.891514 0.0208731 -0.452512 -3.42557 -0.0152983 0.999755 0.015976 -6.32098 0.452735 -0.00732011 0.891615 296.783 
0.814534 0.0203592 -0.579758 -4.26856 -0.00993628 0.999727 0.0211472 -6.33699 0.58003 -0.0114645 0.814514 297.944 
0.74789 0.0215285 -0.663473 -4.92265 -0.00835925 0.9997 0.0230156 -6.34518 0.66377 -0.011667 0.747846 298.6 
0.666117 0.0204804 -0.745566 -5.63558 0.00186837 0.999574 0.0291272 -6.34398 0.745845 -0.0207951 0.665794 299.167 
0.567759 0.0249187 -0.822818 -6.40439 0.00645051 0.999376 0.0347166 -6.33231 0.82317 -0.0250183 0.567244 299.609 
0.460022 0.0365391 -0.887155 -7.2164 -0.00096131 0.999173 0.0406543 -6.3261 0.887907 -0.017849 0.459676 299.975 
0.286916 0.0441768 -0.956937 -8.43615 0.00348417 0.998881 0.0471579 -6.29231 0.95795 -0.0168645 0.286441 300.22 
0.102029 0.0555878 -0.993227 -9.69619 0.00949547 0.998338 0.0568493 -6.25695 0.994736 -0.0152314 0.101332 300.284 
-0.0956733 0.0743332 -0.992633 -11.0311 0.017569 0.997179 0.0729802 -6.19953 0.995258 -0.0104573 -0.0967093 300.097 
-0.227627 0.0866127 -0.969889 -11.9432 0.0251397 0.996227 0.0830646 -6.15018 0.973424 -0.00547504 -0.228945 299.798 
-0.412246 0.0944947 -0.906159 -13.3109 0.0393319 0.995525 0.0859204 -6.06377 0.910223 -0.000220522 -0.414118 299.143 
-0.519594 0.0946639 -0.849153 -14.2125 0.0459407 0.995501 0.082868 -5.98976 0.853177 0.00404709 -0.521606 298.522 
-0.607122 0.0956122 -0.788836 -15.1162 0.050497 0.99537 0.081781 -5.91352 0.793003 0.00981719 -0.609139 297.802 
-0.680915 0.105633 -0.724704 -16.0243 0.0643617 0.994346 0.0844632 -5.83093 0.729529 0.0108691 -0.683864 296.918 
-0.749283 0.113476 -0.652455 -16.9039 0.0759321 0.993434 0.0855786 -5.73774 0.657882 0.0145804 -0.75298 295.877 
-0.807232 0.107361 -0.580388 -17.7292 0.0784031 0.994108 0.0748447 -5.6455 0.585004 0.0149128 -0.810894 294.684 
-0.855053 0.099719 -0.508863 -18.5053 0.0789028 0.994928 0.0623887 -5.55079 0.512503 0.013195 -0.858584 293.35 
-0.89543 0.0944526 -0.435067 -19.2138 0.0767085 0.995353 0.0582129 -5.47294 0.438544 0.0187523 -0.898514 291.863 
-0.928813 0.0955885 -0.358007 -19.8455 0.0816187 0.995201 0.0539691 -5.39719 0.361448 0.0209072 -0.932158 290.241 
-0.954698 0.0996951 -0.280378 -20.3818 0.0882635 0.994679 0.0531413 -5.33047 0.284184 0.0259867 -0.958418 288.505 
-0.973179 0.101988 -0.206208 -20.8116 0.093287 0.994306 0.051514 -5.265 0.210288 0.0308958 -0.977151 286.621 
-0.985364 0.0988385 -0.138881 -21.1166 0.0939911 0.994726 0.0410546 -5.19823 0.142207 0.0274002 -0.989458 284.63 
-0.992432 0.0962251 -0.0762879 -21.307 0.0935178 0.99488 0.0383087 -5.1433 0.0795836 0.0308845 -0.99635 282.521 
-0.995236 0.0952705 -0.020712 -21.3836 0.0945336 0.994939 0.0340426 -5.09207 0.0238504 0.0319224 -0.999206 280.311 
-0.995538 0.0901444 0.0278974 -21.3456 0.091076 0.995258 0.0341483 -5.04425 -0.0246868 0.0365367 -0.999027 278.007 
-0.994471 0.0827435 0.064654 -21.2092 0.0847867 0.995962 0.0295192 -5.00136 -0.0619504 0.0348378 -0.997471 275.639 
-0.993718 0.0728344 0.0849721 -21.0019 0.0755538 0.996713 0.0292337 -4.96544 -0.0825636 0.03547 -0.995954 273.207 
-0.993731 0.0674377 0.0891622 -20.7768 0.0703133 0.997088 0.0295097 -4.92746 -0.0869125 0.035594 -0.99558 270.705 
-0.994305 0.0646509 0.0847192 -20.5552 0.0673417 0.9973 0.0292953 -4.88341 -0.0825965 0.0348336 -0.995974 268.136 
-0.994922 0.0631624 0.0783582 -20.3459 0.0657742 0.997346 0.0312087 -4.83852 -0.076179 0.0362041 -0.996437 265.51 
-0.995843 0.0609834 0.0676525 -20.1563 0.0634881 0.997351 0.0355105 -4.79953 -0.0653077 0.039658 -0.997077 262.848 
-0.996535 0.0601223 0.0574689 -19.9933 0.0623565 0.997334 0.0379073 -4.76049 -0.0550366 0.0413595 -0.997627 260.19 
-0.99725 0.0575239 0.0467308 -19.8553 0.0592684 0.997562 0.036842 -4.71799 -0.0444976 0.0395103 -0.998228 257.511 
-0.997763 0.0562884 0.0360518 -19.7459 0.0576884 0.997571 0.0390465 -4.67367 -0.0337664 0.0410389 -0.998587 254.824 
-0.997977 0.0576164 0.0268775 -19.6682 0.0587277 0.997366 0.0425707 -4.61864 -0.0243539 0.044063 -0.998732 252.123 
-0.998048 0.0591368 0.0200731 -19.6137 0.0599296 0.997339 0.0415063 -4.55642 -0.0175652 0.0426283 -0.998937 249.416 
-0.998137 0.0591983 0.0147777 -19.5693 0.0596954 0.997573 0.0358331 -4.50137 -0.0126206 0.0366485 -0.999248 246.706 
-0.998188 0.0592129 0.0107365 -19.538 0.0596028 0.997396 0.0406116 -4.445 -0.00830382 0.0411779 -0.999117 243.97 
-0.998114 0.0606161 0.00971818 -19.5138 0.0609638 0.997309 0.0407275 -4.37826 -0.00722329 0.0412431 -0.999123 241.222 
-0.997981 0.0626714 0.010313 -19.4932 0.0630302 0.997241 0.0392085 -4.317 -0.00782726 0.0397794 -0.999178 238.458 
-0.997771 0.0656159 0.012142 -19.4667 0.0660322 0.9971 0.0378388 -4.25571 -0.00962396 0.0385562 -0.99921 235.684 
-0.997792 0.0648515 0.0143111 -19.4304 0.0654015 0.996972 0.0420578 -4.18669 -0.0115402 0.0429009 -0.999013 232.893 
-0.997966 0.0617424 0.015851 -19.3813 0.0623657 0.997151 0.0424197 -4.12114 -0.0131868 0.043322 -0.998974 230.091 
-0.998033 0.0604636 0.0165655 -19.3324 0.0610939 0.997305 0.0406309 -4.06108 -0.0140641 0.041563 -0.999037 227.283 
-0.997966 0.0614959 0.0168017 -19.2882 0.0621177 0.997291 0.0394034 -4.00341 -0.014333 0.040367 -0.999082 224.454 
-0.997963 0.0613937 0.0173255 -19.241 0.0620628 0.997223 0.0411638 -3.94556 -0.0147502 0.0421552 -0.999002 221.611 
-0.997984 0.0611058 0.0171689 -19.1907 0.0617821 0.997202 0.042095 -3.88454 -0.0145486 0.0430708 -0.998966 218.756 
-0.997911 0.062211 0.0173995 -19.1405 0.0628876 0.997157 0.0414991 -3.81669 -0.0147683 0.0425067 -0.998987 215.892 
-0.99787 0.0628501 0.0174598 -19.084 0.0635439 0.997073 0.0425218 -3.74454 -0.0147362 0.0435407 -0.998943 213.011 
-0.997826 0.0636074 0.0172678 -19.0221 0.0642469 0.997155 0.0394219 -3.6702 -0.0147112 0.0404456 -0.999073 210.124 
-0.997852 0.0631863 0.0173172 -18.9602 0.0638142 0.99722 0.0384841 -3.59675 -0.0148374 0.0395065 -0.999109 207.219 
-0.997984 0.0610634 0.0173202 -18.8961 0.0617471 0.997201 0.0421475 -3.52479 -0.0146981 0.0431319 -0.998961 204.295 
-0.99794 0.0617754 0.0173135 -18.8371 0.062452 0.997176 0.0417199 -3.45304 -0.0146874 0.0427152 -0.998979 201.368 
-0.997888 0.062688 0.0170078 -18.7808 0.0633664 0.997071 0.0428183 -3.38478 -0.0142738 0.0438056 -0.998938 198.44 
-0.998025 0.0609385 0.0152772 -18.7236 0.0615833 0.997039 0.0460573 -3.31386 -0.0124253 0.0469071 -0.998822 195.515 
-0.998162 0.059105 0.0133474 -18.6712 0.0596663 0.997133 0.0465325 -3.24151 -0.0105588 0.0472433 -0.998828 192.6 
-0.998118 0.0602425 0.0114617 -18.6285 0.0607002 0.997142 0.0449787 -3.17062 -0.00871928 0.0455898 -0.998922 189.691 
-0.998096 0.0607915 0.0104141 -18.5941 0.0612041 0.997093 0.0453942 -3.1077 -0.00762424 0.0459451 -0.998915 186.794 
-0.998131 0.0604498 0.00902349 -18.5605 0.0608012 0.9971 0.0457688 -3.04424 -0.00623061 0.0462318 -0.998911 183.909 
-0.998156 0.0602652 0.00722776 -18.5334 0.0605447 0.996998 0.048264 -2.97727 -0.00429743 0.0486126 -0.998808 181.032 
-0.998199 0.059895 0.00323911 -18.5152 0.0599806 0.997142 0.0459439 -2.90829 -0.000478051 0.0460554 -0.998939 178.175 
-0.998113 0.0613978 -0.000664971 -18.5102 0.0612897 0.996892 0.0495055 -2.83865 0.00370243 0.0493714 -0.998774 175.337 
-0.998024 0.0626469 -0.0048148 -18.5183 0.0623395 0.996867 0.0486763 -2.76955 0.00784914 0.04828 -0.998803 172.537 
-0.997975 0.062982 -0.00888985 -18.5371 0.0624394 0.996699 0.0518804 -2.70136 0.012128 0.0512203 -0.998614 169.792 
-0.997866 0.0640468 -0.0127156 -18.5681 0.063298 0.996615 0.0524611 -2.63353 0.0160325 0.0515443 -0.998542 167.126 
-0.997822 0.0641553 -0.0153698 -18.605 0.0632094 0.996447 0.0556675 -2.56588 0.0188866 0.0545747 -0.998331 164.539 
-0.997807 0.0642404 -0.0159498 -18.6444 0.0632995 0.996545 0.0537756 -2.5028 0.0193493 0.0526481 -0.998426 162.047 
-0.997799 0.0644501 -0.0156188 -18.6821 0.0635346 0.996553 0.0533461 -2.44759 0.0190031 0.0522363 -0.998454 159.653 
-0.997831 0.0641117 -0.0149344 -18.7172 0.0632165 0.996526 0.0542149 -2.39686 0.0183583 0.0531532 -0.998418 157.36 
-0.997858 0.0639692 -0.0137075 -18.7489 0.0630918 0.99638 0.056978 -2.34737 0.0173027 0.0559911 -0.998281 155.169 
-0.997907 0.0633588 -0.0129065 -18.7779 0.0625592 0.996523 0.0550275 -2.29743 0.0163481 0.0541049 -0.998401 153.088 
-0.997957 0.0627924 -0.0118166 -18.8044 0.062067 0.996606 0.0540838 -2.25235 0.0151726 0.0532398 -0.998467 151.111 
-0.997934 0.0633379 -0.0107775 -18.8274 0.0626438 0.996479 0.0557219 -2.20994 0.0142688 0.0549317 -0.998388 149.24 
-0.99791 0.063884 -0.00968684 -18.8475 0.0632426 0.996414 0.0562088 -2.1648 0.0132429 0.0554787 -0.998372 147.461 
-0.997951 0.0633705 -0.00878707 -18.8628 0.0628144 0.996596 0.0533881 -2.12351 0.0121404 0.0527267 -0.998535 145.754 
-0.997672 0.0677028 -0.00815838 -18.8824 0.0672119 0.996478 0.0501328 -2.07834 0.0115238 0.0494677 -0.998709 144.104 
-0.997737 0.0667607 -0.00796862 -18.892 0.066281 0.996544 0.0500671 -2.04211 0.0112836 0.0494256 -0.998714 142.52 
-0.997549 0.0695291 -0.00786536 -18.9087 0.0690792 0.996476 0.0475785 -2.00512 0.0111457 0.0469186 -0.998837 140.993 
-0.997558 0.0692891 -0.00880415 -18.9195 0.0687757 0.996418 0.0492041 -1.97456 0.0121819 0.0484784 -0.99875 139.499 
-0.9974 0.0713883 -0.00987074 -18.9351 0.0708393 0.996341 0.0478125 -1.94437 0.0132479 0.0469889 -0.998808 138.044 
-0.997204 0.0739792 -0.0105095 -18.9546 0.0734402 0.996295 0.0447485 -1.91499 0.013781 0.0438516 -0.998943 136.621 
-0.997186 0.0739533 -0.0123225 -18.9791 0.0734361 0.996569 0.0381627 -1.88135 0.0151025 0.0371503 -0.999196 134.517 
-0.997239 0.0730582 -0.0132837 -18.991 0.0725096 0.996646 0.0379235 -1.85486 0.0160098 0.0368556 -0.999192 133.124 
-0.997266 0.0725845 -0.0138402 -19.0082 0.0719707 0.996579 0.0406251 -1.82907 0.0167416 0.0395179 -0.999079 131.74 
-0.997851 0.0639298 -0.0143858 -19.0117 0.0634115 0.997409 0.0339853 -1.81349 0.0165212 0.033 -0.999319 130.377 
-0.99785 0.0639143 -0.0144844 -19.0298 0.0635588 0.997694 0.0238037 -1.79041 0.0159724 0.0228319 -0.999612 128.995 
-0.998344 0.0560576 -0.0129025 -19.0329 0.0556615 0.998021 0.0292461 -1.7736 0.0145165 0.0284795 -0.999489 127.564 
-0.998484 0.0542573 -0.00924176 -19.0409 0.0539223 0.99799 0.0332949 -1.75174 0.0110297 0.0327461 -0.999403 126.09 
-0.998583 0.0531416 -0.00285605 -19.0406 0.0530315 0.998136 0.0302135 -1.72188 0.00445632 0.0300192 -0.999539 124.575 
-0.998754 0.04977 0.00359816 -19.0261 0.0498626 0.998197 0.0334055 -1.68911 -0.00192909 0.0335433 -0.999435 122.991 
-0.998622 0.051388 0.0106701 -19.0079 0.0517835 0.997822 0.0408671 -1.65137 -0.00854678 0.0413633 -0.999108 121.337 
-0.998351 0.054468 0.0181132 -18.9811 0.0551539 0.997684 0.0398066 -1.60683 -0.0159031 0.04074 -0.999043 119.622 
-0.997979 0.0579839 0.0260103 -18.9409 0.0588982 0.997619 0.0358819 -1.56236 -0.0238678 0.0373414 -0.999018 117.841 
-0.997348 0.061709 0.0385996 -18.8457 0.0632519 0.997191 0.0401166 -1.49574 -0.0360157 0.0424517 -0.998449 115.028 
-0.996694 0.0661833 0.0471176 -18.7626 0.0679748 0.996982 0.0374914 -1.44961 -0.0444941 0.0405703 -0.998185 113.072 
-0.996159 0.0681779 0.0549391 -18.6547 0.0700116 0.997027 0.0321729 -1.40278 -0.0525822 0.0358957 -0.997971 111.05 
-0.995888 0.0681864 0.0596542 -18.5267 0.0701692 0.997028 0.031798 -1.36259 -0.0573087 0.0358532 -0.997713 108.955 
-0.995916 0.06685 0.0606814 -18.3897 0.0685437 0.997302 0.0262697 -1.32609 -0.0587615 0.0303217 -0.997811 106.796 
-0.995766 0.0697279 0.0598948 -18.1872 0.07178 0.99688 0.0328189 -1.26905 -0.0574196 0.0369792 -0.997665 103.411 
-0.995839 0.069408 0.0590507 -18.045 0.0714282 0.996906 0.0328159 -1.21998 -0.0565903 0.0368972 -0.997715 101.074 
-0.996072 0.0672088 0.0576576 -17.8976 0.0691157 0.997104 0.0317389 -1.17289 -0.0553574 0.0355992 -0.997832 98.6718 
-0.996074 0.0680273 0.0566478 -17.7537 0.069817 0.997101 0.0302353 -1.12679 -0.0544268 0.0340716 -0.997936 96.2086 
-0.99629 0.0670092 0.054 -17.6127 0.0690018 0.99697 0.0359199 -1.07749 -0.0514294 0.0395127 -0.997895 93.6775 
-0.996598 0.0658249 0.0496038 -17.4771 0.067556 0.997134 0.0340695 -1.02226 -0.047219 0.0373047 -0.998188 91.0903 
-0.996919 0.06516 0.0436551 -17.3507 0.0662506 0.997514 0.024018 -0.97534 -0.0419815 0.0268362 -0.998758 88.4541 
-0.997139 0.0651298 0.0383739 -17.2398 0.0662256 0.997411 0.0280119 -0.944055 -0.0364501 0.0304731 -0.998871 85.7375 
-0.997425 0.0635172 0.0333058 -17.1385 0.0646962 0.99727 0.035603 -0.892592 -0.0309534 0.0376661 -0.998811 82.9564 
-0.997628 0.0626751 0.028451 -17.0483 0.0636003 0.997434 0.0328702 -0.833061 -0.0263179 0.0346018 -0.999055 80.1265 
-0.997567 0.0652774 0.0244777 -16.9736 0.0660827 0.997246 0.0336774 -0.77713 -0.022212 0.035213 -0.999133 77.2278 
-0.997685 0.0648601 0.0204358 -16.9054 0.065599 0.997128 0.0378406 -0.718759 -0.0179228 0.0390936 -0.999075 74.2844 
-0.997908 0.0625151 0.0164783 -16.8449 0.0631926 0.997012 0.0444279 -0.658898 -0.0136517 0.0453762 -0.998877 71.3345 
-0.997912 0.0631873 0.0134119 -16.7985 0.0637237 0.996985 0.0442806 -0.593621 -0.0105735 0.0450428 -0.998929 68.394 
-0.997897 0.0638462 0.0111938 -16.7602 0.0642777 0.996973 0.0437352 -0.530047 -0.00836763 0.0443627 -0.998981 65.4569 
-0.997985 0.062682 0.00984662 -16.7237 0.0630589 0.997026 0.0442963 -0.466239 -0.00704076 0.0448279 -0.99897 62.5225 
-0.997929 0.0637153 0.00879245 -16.6926 0.0640337 0.997038 0.0425953 -0.402897 -0.00605243 0.0430702 -0.999054 59.5885 
-0.997885 0.0643599 0.00910214 -16.6607 0.0647355 0.996656 0.0498695 -0.331875 -0.0058621 0.0503533 -0.998714 56.651 
-0.997881 0.0641922 0.0106616 -16.6229 0.0646141 0.996869 0.0455863 -0.25535 -0.0077019 0.0461786 -0.998904 53.7352 
-0.997948 0.0628669 0.0121345 -16.5778 0.0633178 0.99714 0.0412669 -0.195088 -0.00950543 0.0419506 -0.999074 50.8207 
-0.997905 0.0632512 0.0136152 -16.5315 0.0638097 0.996925 0.0454833 -0.136119 -0.0106965 0.0462568 -0.998872 47.9114 
-0.998028 0.0610291 0.0146873 -16.4782 0.0616807 0.996892 0.0489985 -0.0668298 -0.0116513 0.0498078 -0.998691 45.0138 
-0.998053 0.0607866 0.0139933 -16.4254 0.0613146 0.997275 0.0410351 -0.00428615 -0.0114607 0.0418131 -0.99906 42.137 
-0.997947 0.0626403 0.0133342 -16.38 0.063177 0.997006 0.0445851 0.0513988 -0.0105014 0.045336 -0.998917 39.2618 
-0.998065 0.0609454 0.0122986 -16.3325 0.0614373 0.997112 0.0446331 0.111825 -0.00954289 0.0453023 -0.998928 36.3968 
-0.99824 0.0582587 0.0110815 -16.2847 0.0586866 0.997338 0.0432852 0.170682 -0.00853025 0.0438593 -0.999001 33.5444 
-0.998085 0.0609364 0.0106252 -16.2461 0.0613321 0.99723 0.0420795 0.227999 -0.00803158 0.0426506 -0.999058 30.7078 
-0.997895 0.0639842 0.0105794 -16.2128 0.0643942 0.996932 0.0445004 0.286007 -0.0076996 0.0450879 -0.998953 27.8676 
-0.998 0.0624026 0.0101425 -16.1748 0.0627844 0.997095 0.0431327 0.345532 -0.00742147 0.0436832 -0.999018 25.0502 
-0.998187 0.0594563 0.00939459 -16.1341 0.0598079 0.997279 0.0431088 0.404138 -0.00680594 0.0435925 -0.999026 22.2484 
-0.99815 0.0601073 0.00912394 -16.1004 0.0604577 0.997164 0.0448265 0.461558 -0.00640366 0.0452952 -0.998953 19.4725 
-0.998049 0.0617875 0.00894943 -16.0726 0.0621392 0.996978 0.046617 0.52366 -0.00604204 0.0470822 -0.998873 16.7084 
-0.998206 0.059354 0.00785864 -16.0404 0.0596205 0.997431 0.0397066 0.582246 -0.00548171 0.0401039 -0.999181 13.9623 
-0.998613 0.0520647 0.00783009 -15.9999 0.0523338 0.997853 0.0393776 0.627781 -0.00576309 0.0397327 -0.999194 11.2215 
-0.998602 0.0522113 0.00822333 -15.9675 0.052523 0.997656 0.0438614 0.682198 -0.00591399 0.044232 -0.999004 8.48738 
-0.998095 0.0610195 0.00906531 -15.9496 0.0613859 0.99696 0.0479776 0.744327 -0.00611019 0.0484427 -0.998807 5.76379 
-0.997849 0.0648975 0.00925671 -15.9259 0.0652499 0.996856 0.0449412 0.8126 -0.00631103 0.0454485 -0.998947 3.03892 
-0.998036 0.0620696 0.00849666 -15.8896 0.0623715 0.997181 0.041701 0.875418 -0.00588435 0.0421491 -0.999094 0.308944 
-0.998192 0.0595827 0.00798272 -15.854 0.0598656 0.997331 0.0417918 0.933255 -0.00547134 0.0421941 -0.999094 -2.43652 
-0.998211 0.0592982 0.00765033 -15.8232 0.0595551 0.997445 0.039457 0.987097 -0.00529105 0.039842 -0.999192 -5.19233 
-0.998298 0.0578363 0.00748814 -15.7912 0.0580893 0.99752 0.0397348 1.04196 -0.00517146 0.0401021 -0.999182 -7.96603 
-0.998548 0.0534333 0.00683878 -15.7559 0.0536773 0.997646 0.0426702 1.10059 -0.00454267 0.0429754 -0.999066 -10.7552 
-0.998665 0.0512954 0.00606441 -15.7223 0.0514961 0.997886 0.0396364 1.15992 -0.00401842 0.0398958 -0.999196 -13.5475 
-0.998735 0.0498756 0.00645023 -15.6909 0.0500936 0.997951 0.0398152 1.21456 -0.0044512 0.0400879 -0.999186 -16.3591 
-0.998839 0.0477129 0.00657023 -15.6595 0.047909 0.998277 0.0338929 1.25838 -0.00494178 0.0341684 -0.999404 -19.1735 
-0.998826 0.0479201 0.00710897 -15.6299 0.0481416 0.99822 0.0352001 1.29821 -0.00540952 0.035501 -0.999355 -22.0039 
-0.998578 0.0526664 0.00820736 -15.606 0.0529232 0.997983 0.0350576 1.34248 -0.00634445 0.0354421 -0.999352 -24.845 
-0.998626 0.0517008 0.00849142 -15.5733 0.0519567 0.998093 0.0333339 1.38167 -0.00675183 0.0337293 -0.999408 -27.688 
-0.9987 0.0501358 0.00924708 -15.5368 0.0504536 0.997999 0.0381148 1.42384 -0.00731766 0.0385317 -0.999231 -30.5478 
-0.998415 0.0552364 0.0107834 -15.5077 0.0556016 0.997761 0.0371614 1.47449 -0.00870662 0.0377021 -0.999251 -33.3961 
-0.998216 0.0585104 0.0119089 -15.4766 0.0589332 0.997502 0.0389542 1.51964 -0.00959994 0.0395865 -0.99917 -36.2445 
-0.997954 0.0627049 0.0125044 -15.4441 0.0631551 0.997217 0.0396206 1.56685 -0.00998519 0.0403293 -0.999137 -39.0822 
-0.997711 0.0663361 0.0130939 -15.4093 0.0668328 0.996877 0.0420756 1.62115 -0.0102619 0.0428544 -0.999029 -41.9139 
-0.997384 0.0710715 0.0131636 -15.3752 0.0714792 0.996874 0.0336483 1.67019 -0.0107311 0.0345012 -0.999347 -44.7246 
-0.997325 0.0718293 0.013504 -15.3378 0.0722703 0.996748 0.0356356 1.71026 -0.0109005 0.0365163 -0.999274 -47.538 
-0.997388 0.0709966 0.0133258 -15.2972 0.0714312 0.99681 0.0356045 1.75778 -0.0107555 0.0364633 -0.999277 -50.3466 
-0.997423 0.0704948 0.013348 -15.2568 0.0709433 0.996801 0.0367963 1.8087 -0.0107114 0.0376484 -0.999234 -53.1527 
-0.997473 0.0700767 0.0117216 -15.2177 0.0704341 0.996953 0.033519 1.85964 -0.00933702 0.0342599 -0.999369 -55.9495 
-0.997444 0.0707486 0.00995904 -15.1841 0.0710564 0.996858 0.0349885 1.90589 -0.00745236 0.0356068 -0.999338 -58.7514 
-0.997412 0.0714185 0.00825047 -15.157 0.0716558 0.996871 0.033369 1.9492 -0.00584149 0.0338738 -0.999409 -61.5494 
-0.997518 0.0700987 0.00660021 -15.128 0.0702877 0.996913 0.0349817 1.98995 -0.00412766 0.0353588 -0.999366 -64.3508 
-0.997609 0.0689224 0.00517194 -15.1012 0.0690631 0.996981 0.0354884 2.03155 -0.00271038 0.0357607 -0.999357 -67.1465 
-0.997552 0.0697597 0.00474988 -15.083 0.0698835 0.996943 0.0349457 2.07123 -0.00229755 0.0351921 -0.999378 -69.9346 
-0.997516 0.070243 0.0052233 -15.0644 0.0703735 0.997021 0.031562 2.10281 -0.00299073 0.0318512 -0.999488 -72.7084 
-0.997338 0.0726121 0.00662674 -15.0432 0.0727994 0.996742 0.0347224 2.13072 -0.00408389 0.0351124 -0.999375 -75.4762 
-0.997198 0.0742592 0.00901343 -15.0168 0.0745413 0.996547 0.0365656 2.16346 -0.00626698 0.037135 -0.999291 -78.2265 
-0.997337 0.0722779 0.00972219 -14.9793 0.0725402 0.996912 0.0300563 2.19119 -0.00751977 0.0306815 -0.999501 -80.9536 
-0.997425 0.0710185 0.010009 -14.9413 0.0713369 0.996795 0.0361952 2.21439 -0.0074064 0.036816 -0.999295 -83.6805 
-0.997344 0.0721357 0.0100962 -14.9082 0.0724751 0.996619 0.0387007 2.25086 -0.00727035 0.0393296 -0.9992 -86.384 
-0.997395 0.0715973 0.00874906 -14.874 0.0718637 0.996788 0.035335 2.28236 -0.00619107 0.0358717 -0.999337 -89.0704 
-0.997569 0.0693489 0.00678033 -14.8392 0.0695458 0.996956 0.0352411 2.31115 -0.00431576 0.035627 -0.999356 -91.7411 
-0.997596 0.0690833 0.00540046 -14.8108 0.0692329 0.996958 0.0358045 2.3415 -0.00291055 0.0360923 -0.999344 -94.4004 
-0.997588 0.0692914 0.00413711 -14.787 0.0693957 0.996938 0.0360248 2.37419 -0.00162823 0.036225 -0.999342 -97.0455 
-0.997636 0.0686725 0.0024398 -14.767 0.0687158 0.996946 0.037102 2.40784 0.000115536 0.0371819 -0.999309 -99.6766 
-0.997604 0.0691778 0.000876954 -14.7518 0.0691625 0.996912 0.0371833 2.44439 0.00169801 0.0371548 -0.999308 -102.29 
-0.997589 0.0693926 -0.000408367 -14.7396 0.0693297 0.996903 0.0371241 2.48036 0.00298324 0.0370063 -0.999311 -104.892 
-0.997637 0.068672 -0.0018943 -14.7307 0.0685617 0.997014 0.0355198 2.51495 0.00432787 0.035306 -0.999367 -107.473 
-0.997581 0.0694542 -0.00275607 -14.7273 0.069316 0.996983 0.0349414 2.54739 0.00517458 0.0346659 -0.999386 -110.046 
-0.997538 0.0700764 -0.00252127 -14.7248 0.069937 0.996875 0.0367221 2.58215 0.00508675 0.0364554 -0.999322 -112.605 
-0.997535 0.070135 -0.00229397 -14.7196 0.0700062 0.996888 0.0362538 2.61724 0.00482949 0.0360038 -0.99934 -115.148 
-0.997457 0.0712487 -0.00160263 -14.7158 0.071138 0.996755 0.0376596 2.65091 0.00428063 0.0374499 -0.999289 -117.669 
-0.997465 0.0711532 -0.00130037 -14.7098 0.0710525 0.996747 0.0380308 2.68566 0.00400216 0.037842 -0.999276 -120.173 
-0.997492 0.0707696 -0.00148602 -14.7029 0.0706628 0.996781 0.0378653 2.71994 0.00416095 0.0376653 -0.999282 -122.645 
-0.99759 0.0693019 -0.00333369 -14.6988 0.0691265 0.996887 0.0379067 2.7515 0.00595031 0.0375849 -0.999276 -125.082 
-0.99774 0.0669436 -0.00574651 -14.6985 0.0666624 0.996977 0.039921 2.78482 0.00840159 0.0394477 -0.999186 -127.485 
-0.997743 0.0666208 -0.00835732 -14.7061 0.0662659 0.997105 0.0372856 2.81753 0.0108171 0.0366476 -0.99927 -129.845 
-0.997649 0.0679462 -0.00892477 -14.719 0.067551 0.996957 0.0389121 2.84869 0.0115415 0.0382177 -0.999203 -132.162 
-0.99747 0.070571 -0.0086098 -14.7333 0.0701496 0.996648 0.0420846 2.88027 0.0115509 0.0413741 -0.999077 -134.417 
-0.997459 0.070694 -0.00888113 -14.7462 0.0702583 0.99663 0.0423454 2.91317 0.0118448 0.0416138 -0.999064 -136.594 
-0.99743 0.0709289 -0.0100921 -14.7585 0.0704023 0.996485 0.0453989 2.94671 0.0132768 0.0445717 -0.998918 -138.687 
-0.997505 0.0692995 -0.0134689 -14.7736 0.0686439 0.996661 0.044213 2.97953 0.0164878 0.0431782 -0.998931 -140.676 
-0.997329 0.0714336 -0.0152585 -14.7974 0.070677 0.996465 0.0454141 3.00678 0.0184487 0.0442143 -0.998852 -142.556 
-0.997166 0.0741052 -0.0130031 -14.818 0.0734584 0.996298 0.0446553 3.03284 0.0162642 0.0435736 -0.998918 -144.321 
-0.996639 0.081807 0.00427872 -14.8188 0.0819147 0.995753 0.0420177 3.05566 -0.000823208 0.042227 -0.999108 -145.963 
-0.995269 0.0863195 0.0445841 -14.7546 0.088123 0.995298 0.0402062 3.07197 -0.0409039 0.0439448 -0.998196 -147.499 
-0.991659 0.0830197 0.0985923 -14.5993 0.0876565 0.995193 0.0436612 3.08604 -0.0944937 0.0519393 -0.99417 -148.926 
-0.982944 0.0822819 0.164473 -14.3642 0.0897488 0.995221 0.0384828 3.08778 -0.160521 0.0525877 -0.985631 -150.225 
-0.965119 0.0840204 0.247964 -14.0365 0.0935182 0.995258 0.0267548 3.09078 -0.24454 0.0490107 -0.9684 -151.416 
-0.935309 0.0828505 0.343995 -13.6085 0.0951721 0.995278 0.0190584 3.07671 -0.340791 0.0505641 -0.938778 -152.477 
-0.88895 0.0819106 0.45062 -13.0824 0.096724 0.995262 0.00989802 3.04676 -0.447674 0.0523846 -0.892661 -153.424 
