1 1.19763e-11 1.70464e-10 5.55111e-17 1.19763e-11 1 3.5625e-10 0 1.70464e-10 3.5625e-10 1 2.22045e-16 
0.999788 -0.00732313 0.0192562 0.0423566 0.00732891 0.999973 -0.000229585 -0.0116398 -0.019254 0.000370663 0.999815 0.879969 
0.999943 -0.0106979 0.000415853 0.013096 0.0106997 0.999932 -0.00459541 -0.0308572 -0.000366663 0.00459959 0.999989 1.82318 
0.998497 -0.00122566 -0.054797 -0.0815717 0.000922747 0.999984 -0.00555285 -0.0516247 0.0548029 0.00549394 0.998482 2.8741 
0.99557 -0.00179519 -0.0940067 -0.196646 0.00135778 0.999988 -0.00471667 -0.0659799 0.0940141 0.00456813 0.99556 3.62717 
0.991289 -0.0020324 -0.131691 -0.297555 0.00166761 0.999994 -0.00288032 -0.0768642 0.131696 0.00263562 0.991287 4.41207 
0.985051 -0.00243955 -0.172246 -0.565089 0.00197685 0.999994 -0.00285779 -0.0951843 0.172252 0.00247456 0.98505 5.67224 
0.980327 -0.00476751 -0.197322 -0.857915 0.00312011 0.999958 -0.00865881 -0.112317 0.197355 0.0078728 0.9803 7.04456 
0.974861 -0.0169908 -0.222167 -1.18446 0.0142423 0.999801 -0.0139676 -0.145764 0.22236 0.0104522 0.974909 8.54044 
0.968681 -0.0101327 -0.2481 -1.62705 0.00439705 0.99971 -0.0236617 -0.187304 0.248268 0.0218297 0.968445 10.1286 
0.964119 -0.0154176 -0.265023 -1.93819 0.00841624 0.999585 -0.0275334 -0.226166 0.265338 0.0243149 0.963849 11.233 
0.957386 -0.0151373 -0.288414 -2.47928 0.00419963 0.99925 -0.0385047 -0.298934 0.28878 0.0356527 0.956731 12.9607 
0.954703 -0.0163666 -0.29711 -2.89552 0.000229545 0.998526 -0.0542674 -0.362445 0.29756 0.051741 0.9533 14.1637 
0.951891 -0.0165909 -0.305986 -3.30399 -0.0057874 0.997382 -0.0720833 -0.442852 0.306381 0.0703863 0.949303 15.426 
0.948329 -0.0145474 -0.316956 -3.71829 -0.013552 0.99618 -0.0862696 -0.543312 0.317 0.0861073 0.944509 16.7432 
0.944887 -0.0119292 -0.327179 -4.18475 -0.0211331 0.99503 -0.0973116 -0.675736 0.326713 0.0988628 0.939939 18.0591 
0.941473 -0.00770366 -0.336999 -4.70454 -0.0283596 0.994384 -0.101959 -0.822579 0.335892 0.105549 0.935968 19.4413 
0.937061 -0.00724742 -0.349091 -5.25175 -0.0292457 0.994642 -0.0991534 -0.989974 0.34794 0.103122 0.931828 20.8635 
0.927785 -0.00521075 -0.373079 -6.14779 -0.0300019 0.995623 -0.0885155 -1.23102 0.371907 0.0933164 0.923568 23.0879 
0.92057 0.00175542 -0.390574 -6.79463 -0.0355359 0.996219 -0.0792794 -1.38051 0.388958 0.0868616 0.917151 24.5786 
0.913161 0.00408903 -0.407578 -7.50468 -0.038823 0.996276 -0.0769863 -1.51925 0.405745 0.0861244 0.90992 26.0905 
0.905367 0.00483376 -0.424603 -8.23908 -0.0400508 0.99645 -0.0740552 -1.6548 0.422737 0.0840528 0.902346 27.6305 
0.897849 0.00545644 -0.440271 -9.00937 -0.038989 0.99698 -0.0671548 -1.8001 0.438575 0.0774605 0.89535 29.1963 
0.890308 0.00745304 -0.455298 -9.84063 -0.0375183 0.997667 -0.0570334 -1.93127 0.453811 0.0678593 0.88851 30.7975 
0.883655 0.0067853 -0.468089 -10.7217 -0.0361165 0.997903 -0.053715 -2.05015 0.466743 0.0643713 0.882047 32.416 
0.87776 0.00597385 -0.479064 -11.6463 -0.0342141 0.998151 -0.0502416 -2.15913 0.477878 0.0604908 0.876341 34.069 
0.872751 0.0036506 -0.488152 -12.5854 -0.0323291 0.998209 -0.0503352 -2.2725 0.487094 0.0597116 0.871306 35.7708 
0.870397 0.0025216 -0.492345 -13.5825 -0.031223 0.998257 -0.0500851 -2.37918 0.49136 0.0589664 0.868958 37.5362 
0.870173 0.00257781 -0.492739 -14.6239 -0.0301104 0.998396 -0.0479515 -2.49482 0.491825 0.0565627 0.868855 39.3247 
0.868537 -0.00127328 -0.495622 -15.6877 -0.0266502 0.99843 -0.0492672 -2.61138 0.494907 0.0559988 0.86714 41.155 
0.865122 -0.000297807 -0.501561 -16.7714 -0.0250184 0.998729 -0.0437462 -2.72699 0.500937 0.050394 0.864016 42.9976 
0.853049 -0.00385072 -0.521817 -18.4154 -0.0201355 0.998985 -0.0402888 -2.89375 0.521443 0.0448753 0.852105 45.7298 
0.841148 -0.00728194 -0.540756 -19.5902 -0.018819 0.99891 -0.0427246 -3.00781 0.540477 0.0461142 0.840094 47.5347 
0.831585 0.00262943 -0.555391 -20.8328 -0.0249396 0.999157 -0.0326117 -3.11919 0.554837 0.0409706 0.83095 49.2888 
0.82432 0.000978026 -0.566123 -22.0437 -0.0272261 0.99891 -0.0379177 -3.22459 0.565468 0.0466697 0.823448 51.0295 
0.815276 0.000103315 -0.579073 -23.9311 -0.0302625 0.998641 -0.0424284 -3.39532 0.578282 0.052115 0.814171 53.6463 
0.810392 0.00625572 -0.585855 -25.2333 -0.0323613 0.998894 -0.0340981 -3.50472 0.584994 0.0465919 0.809698 55.3584 
0.804795 0.00627709 -0.593519 -26.5435 -0.0343279 0.998763 -0.0359846 -3.61271 0.592559 0.0493345 0.804015 57.058 
0.796735 0.00280592 -0.604323 -27.8509 -0.0328842 0.998709 -0.0387171 -3.71895 0.603434 0.0507199 0.795798 58.7759 
0.787441 0.00270003 -0.616384 -29.1698 -0.0326525 0.998769 -0.0373391 -3.8164 0.615524 0.0495289 0.78656 60.4657 
0.77789 0.00122624 -0.6284 -30.5596 -0.0329347 0.998703 -0.0388207 -3.93241 0.627537 0.0508944 0.776921 62.1278 
0.766967 -0.000949078 -0.641686 -31.9584 -0.0326627 0.998645 -0.0405167 -4.03849 0.640855 0.0520341 0.765897 63.8036 
0.755235 -0.00329558 -0.655446 -33.4058 -0.0317054 0.998633 -0.0415535 -4.15294 0.654687 0.0521639 0.754098 65.4814 
0.743724 -0.00298444 -0.66848 -34.9183 -0.0308197 0.998774 -0.0387478 -4.25691 0.667776 0.04942 0.74272 67.0809 
0.731656 -0.00506823 -0.681655 -36.4425 -0.0310199 0.998689 -0.0407207 -4.37456 0.680968 0.0509384 0.730539 68.7142 
0.720734 -0.00334573 -0.693204 -38.0267 -0.0329386 0.998694 -0.0390669 -4.4942 0.692429 0.05099 0.719682 70.3332 
0.711095 -0.00367438 -0.703086 -39.6309 -0.0340436 0.998634 -0.0396503 -4.60631 0.702271 0.0521308 0.709998 71.9633 
0.701068 -0.00733294 -0.713057 -41.2702 -0.0351155 0.998379 -0.0447922 -4.72347 0.71223 0.0564417 0.699674 73.5674 
0.691501 -0.00680583 -0.722344 -42.9531 -0.0357753 0.998406 -0.0436546 -4.84508 0.721489 0.0560292 0.690155 75.1532 
0.682321 -0.00684585 -0.731021 -44.6783 -0.0357543 0.998447 -0.0427227 -4.98055 0.730178 0.0552877 0.681017 76.7327 
0.672962 -0.00858403 -0.739628 -46.4132 -0.0338574 0.998527 -0.0423944 -5.10696 0.738902 0.0535717 0.67168 78.3094 
0.665165 -0.01212 -0.746598 -48.199 -0.0307203 0.998578 -0.04358 -5.23045 0.746065 0.0519236 0.663846 79.8868 
0.656067 -0.0215284 -0.754396 -50.0047 -0.0228878 0.998566 -0.0484009 -5.35252 0.754356 0.0490207 0.654633 81.459 
0.641618 -0.0286999 -0.766487 -51.8489 -0.0132901 0.998734 -0.0485209 -5.49759 0.766909 0.0413185 0.640424 83.0013 
0.624639 -0.027848 -0.780417 -53.756 -0.0111534 0.998944 -0.0445728 -5.63091 0.780834 0.0365462 0.623668 84.5174 
0.606919 -0.0283964 -0.794256 -55.7114 -0.0125533 0.998894 -0.0453051 -5.77644 0.794665 0.037467 0.605891 85.9881 
0.587582 -0.032401 -0.808516 -57.7047 -0.011374 0.998769 -0.0482912 -5.90911 0.809085 0.0375711 0.58649 87.4283 
0.567566 -0.0332973 -0.822655 -59.7411 -0.00757567 0.998928 -0.0456587 -6.04712 0.823293 0.0321465 0.566705 88.8442 
0.548252 -0.0345034 -0.835601 -61.8377 -0.00834718 0.998873 -0.0467219 -6.18387 0.836272 0.0325903 0.547346 90.1893 
0.527072 -0.0367223 -0.849027 -63.9517 -0.00883933 0.998775 -0.0486867 -6.33029 0.849775 0.0331662 0.526102 91.5379 
0.507833 -0.0342318 -0.860775 -66.1292 -0.0105823 0.998887 -0.0459675 -6.48098 0.861391 0.0324528 0.506905 92.8358 
0.492334 -0.0329087 -0.869784 -68.3389 -0.00942751 0.999025 -0.043135 -6.62993 0.870355 0.0294367 0.491544 94.081 
0.477701 -0.0398072 -0.87762 -70.5729 -0.00381669 0.998869 -0.0473843 -6.7768 0.878514 0.0259851 0.477009 95.2896 
0.465126 -0.0469482 -0.883999 -72.8011 0.00085911 0.998616 -0.0525834 -6.92857 0.885244 0.0236984 0.464522 96.4957 
0.45686 -0.0458085 -0.888358 -75.0472 0.00481236 0.998786 -0.0490278 -7.07965 0.889525 0.0181238 0.456526 97.6554 
0.449242 -0.0438681 -0.892332 -77.3426 0.0102757 0.998981 -0.0439379 -7.23261 0.893351 0.0105694 0.449235 98.8089 
0.444448 -0.0426531 -0.894789 -79.5783 0.0129302 0.999067 -0.0412013 -7.37733 0.895711 0.00674203 0.444585 99.9162 
0.441438 -0.0438751 -0.896219 -81.8441 0.0182649 0.999036 -0.0399121 -7.5009 0.897106 0.00124938 0.441814 100.943 
0.438215 -0.0432506 -0.897829 -84.0256 0.0229385 0.999055 -0.0369309 -7.6284 0.898578 -0.00441121 0.438793 101.976 
0.43383 -0.0453948 -0.899851 -86.167 0.028019 0.998927 -0.0368845 -7.73682 0.900559 -0.00921131 0.434636 103.035 
0.433101 -0.0474603 -0.900095 -88.2841 0.0292939 0.998826 -0.0385708 -7.87827 0.900869 -0.00966225 0.433983 104.017 
0.43483 -0.0479993 -0.899232 -90.3416 0.0276318 0.998819 -0.0399535 -8.02183 0.900088 -0.00747436 0.435643 105.017 
0.44279 -0.0489415 -0.895289 -92.3768 0.0250839 0.998795 -0.0421937 -8.15314 0.896275 -0.00377442 0.443484 106.017 
0.456236 -0.047395 -0.888596 -94.3876 0.0228539 0.998875 -0.0415429 -8.289 0.889565 -0.00135452 0.456806 107.007 
0.473561 -0.0460974 -0.879554 -96.3682 0.0215772 0.998937 -0.0407369 -8.41127 0.880497 0.000313078 0.474052 108.019 
0.494364 -0.0462651 -0.868023 -98.3102 0.0194559 0.998921 -0.0421613 -8.52874 0.869037 0.00395489 0.494731 109.049 
0.516873 -0.0487044 -0.854676 -100.208 0.0161558 0.998757 -0.0471447 -8.6541 0.85591 0.0105599 0.517017 110.127 
0.540708 -0.0444739 -0.840034 -102.056 0.0121233 0.99891 -0.0450818 -8.7821 0.841123 0.0141922 0.540658 111.296 
0.564183 -0.0416634 -0.824598 -103.851 0.0107914 0.999013 -0.0430925 -8.89986 0.825579 0.0154135 0.564076 112.507 
0.586078 -0.0429003 -0.809118 -105.614 0.0111787 0.99893 -0.0448672 -9.03991 0.810178 0.0172508 0.585931 113.749 
0.607351 -0.0447558 -0.793172 -107.304 0.0137162 0.998854 -0.0458588 -9.16473 0.794315 0.0169731 0.607268 114.993 
0.628021 -0.0405776 -0.777138 -108.942 0.0138691 0.999065 -0.0409574 -9.28127 0.778073 0.0149439 0.627996 116.262 
0.647845 -0.0383577 -0.760806 -110.504 0.010637 0.99909 -0.0413136 -9.3972 0.761698 0.0186721 0.647663 117.557 
0.665147 -0.0343061 -0.745924 -111.951 0.00474791 0.999118 -0.0417171 -9.52657 0.746697 0.0242064 0.664724 118.915 
0.682773 -0.0307883 -0.729981 -113.399 0.0049139 0.999283 -0.0375504 -9.63938 0.730614 0.0220514 0.682435 120.239 
0.697951 -0.0292488 -0.715548 -114.789 0.00378337 0.999302 -0.0371572 -9.74385 0.716136 0.0232267 0.697574 121.579 
0.712041 -0.0263258 -0.701644 -116.126 0.00329044 0.999411 -0.0341589 -9.84411 0.70213 0.0220138 0.711709 122.924 
0.72645 -0.021637 -0.686879 -117.394 0.000851619 0.999532 -0.0305851 -9.9419 0.687219 0.0216336 0.726128 124.238 
0.741411 -0.017917 -0.670812 -118.589 -0.00243768 0.999565 -0.0293921 -10.0244 0.671047 0.0234269 0.741045 125.544 
0.75955 -0.0109781 -0.650356 -119.743 -0.00554846 0.999712 -0.0233554 -10.1045 0.650425 0.021348 0.75927 126.853 
0.778569 -0.00885486 -0.627496 -120.821 -0.00765144 0.999692 -0.0236006 -10.1799 0.627512 0.023176 0.778262 128.189 
0.799123 -0.0083821 -0.60111 -121.887 -0.00881929 0.999632 -0.0256637 -10.2398 0.601103 0.0258098 0.798754 129.494 
0.818711 -0.00417637 -0.57419 -122.866 -0.00990927 0.999722 -0.0214007 -10.3156 0.57412 0.0232108 0.818442 130.864 
0.836842 -0.00279479 -0.547438 -123.793 -0.0073607 0.999839 -0.0163564 -10.3882 0.547395 0.0177172 0.836687 132.26 
0.858457 -0.00287321 -0.512878 -125.13 -0.00446436 0.999905 -0.013074 -10.4666 0.512867 0.0135132 0.858362 134.4 
0.871653 0.000463281 -0.490124 -125.99 -0.00746043 0.999896 -0.0123227 -10.5165 0.490067 0.0143977 0.871566 135.863 
0.883457 0.00213544 -0.468508 -126.792 -0.00875786 0.99989 -0.0119571 -10.5663 0.468431 0.0146667 0.883378 137.351 
0.895602 0.00242874 -0.444849 -127.937 -0.00906849 0.999877 -0.0127983 -10.6393 0.444763 0.0154963 0.895514 139.662 
0.901855 0.00902879 -0.431944 -128.728 -0.0126109 0.999906 -0.00542962 -10.6768 0.431854 0.0103439 0.901884 141.253 
0.907901 0.0137942 -0.418958 -129.478 -0.0156241 0.999877 -0.00093718 -10.6975 0.418893 0.00739672 0.908005 142.892 
0.914308 0.0165311 -0.404682 -130.252 -0.0162644 0.999859 0.00409734 -10.7205 0.404693 0.00283568 0.914448 144.575 
0.920943 0.0164171 -0.389351 -130.993 -0.0150243 0.999865 0.00662219 -10.7268 0.389407 -0.00024894 0.921066 146.334 
0.927907 0.0141198 -0.372545 -131.729 -0.012794 0.9999 0.00603077 -10.7409 0.372593 -0.000829633 0.927994 148.144 
0.935034 0.00985666 -0.354421 -132.412 -0.009593 0.999951 0.00250095 -10.753 0.354428 0.00106149 0.935083 150.035 
0.945648 0.0157239 -0.324812 -133.08 -0.0158148 0.999872 0.00236041 -10.7667 0.324807 0.00290471 0.945776 151.939 
0.957731 0.0222839 -0.2868 -133.695 -0.0213668 0.999752 0.00632747 -10.7818 0.28687 6.79964e-05 0.957969 153.95 
0.969226 0.0236503 -0.245034 -134.214 -0.0223563 0.999718 0.00806124 -10.7976 0.245156 -0.0023351 0.969481 156.024 
0.979007 0.0219198 -0.202646 -134.662 -0.0195194 0.999714 0.0138365 -10.8115 0.202892 -0.00959051 0.979154 158.164 
0.987122 0.0258183 -0.157873 -135.074 -0.0228332 0.999525 0.020693 -10.7983 0.158332 -0.0168218 0.987243 160.373 
0.993084 0.0266001 -0.114355 -135.342 -0.0247294 0.999537 0.0177467 -10.7726 0.114774 -0.0147961 0.993281 162.64 
0.99685 0.0230641 -0.0758856 -135.517 -0.0217365 0.999597 0.018275 -10.7832 0.0762765 -0.0165679 0.996949 164.935 
0.999065 0.024461 -0.0356522 -135.64 -0.0237359 0.999506 0.0206217 -10.7688 0.036139 -0.0197562 0.999151 167.337 
0.999584 0.0281703 0.00613942 -135.698 -0.0282979 0.999362 0.0217838 -10.7537 -0.00552184 -0.0219484 0.999744 169.79 
0.998598 0.0289601 0.0442992 -135.569 -0.0298319 0.999372 0.0191469 -10.722 -0.0437169 -0.0204416 0.998835 172.249 
0.996317 0.0293249 0.0805722 -135.39 -0.0305358 0.999438 0.0138379 -10.704 -0.0801211 -0.0162473 0.996653 174.756 
0.992772 0.0278846 0.116735 -135.101 -0.0291217 0.999536 0.00890513 -10.7038 -0.116433 -0.0122403 0.993123 177.304 
0.987643 0.0312435 0.153574 -134.785 -0.0311183 0.999511 -0.00321975 -10.7259 -0.153599 -0.00159898 0.988132 179.898 
0.981169 0.0361477 0.189736 -134.37 -0.0343678 0.999329 -0.012664 -10.7677 -0.190067 0.00590476 0.981753 182.511 
0.973677 0.0372479 0.224867 -133.82 -0.0346753 0.99928 -0.0153807 -10.8351 -0.225278 0.0071785 0.974268 185.159 
0.964545 0.0391734 0.260994 -133.198 -0.0347325 0.999163 -0.0216077 -10.9168 -0.261622 0.0117766 0.965099 187.805 
0.95435 0.0433467 0.295529 -132.518 -0.0373053 0.998964 -0.026053 -11.0334 -0.296352 0.0138389 0.954978 190.471 
0.942002 0.051453 0.331641 -131.669 -0.0440743 0.998586 -0.0297376 -11.1669 -0.332702 0.013396 0.942937 193.152 
0.92891 0.0537223 0.366388 -130.771 -0.043425 0.998397 -0.0362956 -11.3196 -0.367751 0.017805 0.929754 195.858 
0.91386 0.0569655 0.402013 -129.695 -0.041086 0.998001 -0.0480203 -11.4787 -0.403945 0.0273667 0.914374 198.547 
0.892099 0.0637514 0.447321 -128.507 -0.0446761 0.997591 -0.0530767 -11.67 -0.449626 0.0273651 0.892797 201.243 
0.862405 0.0741157 0.500765 -127.348 -0.0507822 0.9969 -0.0600905 -11.8581 -0.503666 0.0263924 0.863495 203.933 
0.832687 0.0797955 0.547965 -125.797 -0.0521826 0.996467 -0.0658103 -12.0997 -0.55128 0.0262052 0.833908 206.478 
0.802392 0.0807797 0.591305 -124.134 -0.04627 0.996235 -0.0733105 -12.3635 -0.595001 0.0314641 0.803109 208.909 
0.770057 0.0850533 0.632281 -122.307 -0.0423531 0.995702 -0.0823582 -12.6314 -0.636568 0.0366414 0.770349 211.296 
0.736487 0.0887368 0.670606 -120.385 -0.0399714 0.995335 -0.0878077 -12.9338 -0.67527 0.0378641 0.736598 213.631 
0.706984 0.0882593 0.7017 -118.303 -0.0331922 0.99523 -0.0917371 -13.2619 -0.70645 0.0415657 0.706542 215.854 
0.674341 0.0948123 0.732308 -116.215 -0.0306237 0.99446 -0.100554 -13.5644 -0.737785 0.0453814 0.673508 218.043 
0.643616 0.0978675 0.759065 -113.951 -0.027908 0.994132 -0.104512 -13.9074 -0.764839 0.0460814 0.642571 220.089 
0.609191 0.100141 0.786676 -111.62 -0.0294661 0.994168 -0.103736 -14.2587 -0.792476 0.0400145 0.608589 222.058 
0.573195 0.103149 0.812901 -109.195 -0.034632 0.994208 -0.101736 -14.6249 -0.818687 0.0301618 0.573447 223.868 
0.537242 0.109603 0.836276 -106.749 -0.0363028 0.993607 -0.106901 -14.9817 -0.842646 0.0270727 0.537786 225.542 
0.49754 0.108151 0.860672 -104.24 -0.03584 0.993913 -0.104175 -15.3655 -0.8667 0.0209848 0.498388 227.06 
0.455813 0.104139 0.883962 -101.726 -0.0343497 0.99445 -0.0994432 -15.726 -0.889413 0.0149637 0.45686 228.453 
0.411988 0.103051 0.905343 -99.2145 -0.0330974 0.994621 -0.0981517 -16.0632 -0.910588 0.0104729 0.413183 229.722 
0.371968 0.101838 0.922642 -96.6637 -0.0264203 0.994722 -0.0991425 -16.4074 -0.92787 0.0125013 0.372695 230.793 
0.331374 0.0992356 0.938266 -94.1305 -0.0188652 0.994951 -0.0985681 -16.7331 -0.943311 0.0149623 0.331573 231.747 
0.288397 0.105352 0.951697 -91.6168 -0.0198886 0.994373 -0.104049 -17.049 -0.957304 0.0110797 0.28887 232.621 
0.252546 0.12147 0.95993 -89.1383 -0.0205746 0.992538 -0.120184 -17.4023 -0.967366 0.0106017 0.253161 233.272 
0.212824 0.126759 0.968833 -86.6724 -0.0253068 0.991932 -0.124222 -17.757 -0.976763 0.00191925 0.214315 233.904 
0.172897 0.127013 0.976716 -84.2423 -0.029696 0.991872 -0.123727 -18.1128 -0.984492 -0.0076124 0.175264 234.427 
0.136249 0.125046 0.982751 -81.8173 -0.0291011 0.992079 -0.122198 -18.4702 -0.990247 -0.0119498 0.138809 234.801 
0.097713 0.129143 0.9868 -79.4273 -0.031844 0.991443 -0.126597 -18.808 -0.994705 -0.0190535 0.100989 235.127 
0.062668 0.127233 0.989891 -77.0691 -0.0312653 0.991604 -0.125474 -19.1593 -0.997545 -0.023086 0.0661199 235.339 
0.0324486 0.118932 0.992372 -74.7208 -0.0288339 0.992593 -0.118015 -19.4875 -0.999057 -0.0247845 0.0356376 235.472 
0.00997515 0.116058 0.993192 -72.4696 -0.0262478 0.99293 -0.115764 -19.7913 -0.999606 -0.0249144 0.0129509 235.501 
-0.00517357 0.120021 0.992758 -70.2508 -0.0277208 0.992372 -0.120119 -20.0953 -0.999602 -0.0281415 -0.00180703 235.52 
-0.0157106 0.132595 0.991046 -68.0887 -0.0269334 0.990752 -0.132982 -20.4123 -0.999514 -0.0287815 -0.0119941 235.505 
-0.0226052 0.1266 0.991696 -65.9523 -0.0269035 0.991513 -0.12719 -20.7286 -0.999382 -0.0295553 -0.0190073 235.46 
-0.0254371 0.113645 0.993196 -63.8402 -0.0243832 0.993151 -0.114264 -21.0155 -0.999379 -0.0271239 -0.0224919 235.418 
-0.0247028 0.119188 0.992564 -61.777 -0.0254932 0.992469 -0.119811 -21.2876 -0.99937 -0.0282633 -0.0214783 235.389 
-0.0217553 0.122126 0.992276 -59.7462 -0.0305954 0.991965 -0.122759 -21.5731 -0.999295 -0.0330297 -0.017844 235.384 
-0.0145039 0.124934 0.992059 -57.7394 -0.033952 0.99153 -0.125363 -21.854 -0.999318 -0.0355006 -0.0101393 235.372 
-0.00269477 0.125527 0.992087 -55.7506 -0.0360722 0.991432 -0.125542 -22.1314 -0.999346 -0.0361251 0.00185635 235.375 
0.0115017 0.12385 0.992234 -53.7714 -0.0346122 0.991755 -0.123389 -22.4093 -0.999335 -0.0329242 0.0156936 235.4 
0.0257854 0.124412 0.991895 -51.809 -0.0343071 0.991751 -0.123502 -22.6888 -0.999079 -0.0308445 0.029841 235.468 
0.0387545 0.121403 0.991846 -49.8539 -0.0367253 0.992095 -0.119999 -22.9505 -0.998574 -0.0317753 0.0429067 235.572 
0.0539325 0.12038 0.991262 -47.9138 -0.0362589 0.992288 -0.118532 -23.2159 -0.997886 -0.0295493 0.0578814 235.67 
0.0680716 0.123987 0.989946 -45.9959 -0.0354813 0.991921 -0.121795 -23.4739 -0.997049 -0.0268338 0.0719208 235.802 
0.0816569 0.126104 0.988651 -44.0803 -0.0391799 0.991603 -0.123245 -23.7416 -0.99589 -0.0286714 0.085912 235.969 
0.0945805 0.123549 0.987821 -42.1752 -0.0413613 0.9919 -0.120099 -24.0013 -0.994658 -0.0294985 0.0989245 236.174 
0.108024 0.121579 0.986686 -40.2756 -0.041163 0.99219 -0.117751 -24.2556 -0.993296 -0.027895 0.112185 236.392 
0.121987 0.123076 0.984871 -38.3917 -0.0391936 0.992105 -0.119125 -24.5093 -0.991757 -0.0240688 0.125848 236.636 
0.139537 0.127155 0.982019 -36.5162 -0.0383681 0.991671 -0.122953 -24.76 -0.989473 -0.0205217 0.143253 236.925 
0.15735 0.127709 0.97925 -34.6707 -0.0404525 0.991604 -0.12282 -25.0089 -0.986714 -0.0202874 0.161195 237.235 
0.166455 0.126372 0.977918 -32.824 -0.044512 0.991706 -0.120577 -25.2657 -0.985044 -0.0234584 0.170699 237.566 
0.173206 0.129322 0.976358 -30.9598 -0.0435774 0.991377 -0.123581 -25.5171 -0.983921 -0.0211423 0.177348 237.884 
0.180564 0.12873 0.975103 -29.0758 -0.0399741 0.991539 -0.123498 -25.7726 -0.982751 -0.0166796 0.184182 238.229 
0.186826 0.129991 0.973755 -27.1824 -0.0401345 0.991389 -0.124645 -26.0397 -0.981573 -0.0157941 0.190435 238.621 
0.193409 0.124192 0.973226 -25.2721 -0.0380716 0.992159 -0.119042 -26.2979 -0.980379 -0.0140285 0.19662 239.02 
0.202413 0.124604 0.971341 -23.3652 -0.0375385 0.99213 -0.119449 -26.5613 -0.978581 -0.0122847 0.205497 239.449 
0.217088 0.124805 0.968141 -21.4429 -0.03451 0.992154 -0.120163 -26.8322 -0.975542 -0.00732466 0.219692 239.828 
0.226065 0.123711 0.966225 -19.5495 -0.0356658 0.992289 -0.118703 -27.092 -0.973459 -0.00762654 0.228734 240.402 
0.243222 0.125074 0.961873 -17.6783 -0.0329574 0.992145 -0.120677 -27.3495 -0.969411 -0.00234955 0.245433 240.952 
0.26548 0.121742 0.956399 -15.7849 -0.0336877 0.992561 -0.116994 -27.611 -0.963528 -0.00115918 0.267607 241.481 
0.286311 0.122449 0.95028 -13.9152 -0.0367403 0.992474 -0.116816 -27.8713 -0.957432 -0.00146789 0.288655 242.062 
0.306931 0.125528 0.943417 -12.0536 -0.0419339 0.992085 -0.118361 -28.135 -0.950807 -0.00323263 0.309765 242.686 
0.326238 0.123553 0.937178 -10.2017 -0.0460102 0.992322 -0.114807 -28.3974 -0.944167 -0.00566535 0.329418 243.323 
0.341546 0.12152 0.931976 -8.36701 -0.0469451 0.992574 -0.112217 -28.6416 -0.938692 -0.00542438 0.344715 244.017 
0.356983 0.120235 0.926341 -6.55162 -0.0506067 0.992714 -0.109348 -28.8963 -0.932739 -0.00784365 0.360467 244.736 
0.373564 0.122928 0.919423 -4.75331 -0.0510294 0.992403 -0.111952 -29.1338 -0.9262 -0.00509645 0.376999 245.471 
0.389909 0.12003 0.912997 -2.99285 -0.0508017 0.992762 -0.10882 -29.3784 -0.919451 -0.0039517 0.393185 246.249 
0.407077 0.114916 0.906136 -1.26019 -0.0523411 0.993359 -0.102464 -29.6109 -0.911893 -0.00571757 0.410388 247.048 
0.42395 0.112155 0.898714 0.458196 -0.0553275 0.993657 -0.0979036 -29.8273 -0.903994 -0.00821736 0.427466 247.871 
0.446305 0.110235 0.888065 2.95363 -0.0589507 0.99385 -0.0937403 -30.1347 -0.892937 -0.0105153 0.450059 249.202 
0.471212 0.110676 0.875049 5.39882 -0.0599739 0.99382 -0.0934025 -30.4348 -0.879979 -0.00846766 0.474938 250.54 
0.486266 0.107958 0.867116 7.01088 -0.0607507 0.994114 -0.089701 -30.6257 -0.871696 -0.00905936 0.489963 251.474 
0.498391 0.103155 0.860794 8.62674 -0.0613657 0.994603 -0.0836601 -30.8174 -0.864778 -0.0111278 0.502031 252.423 
0.507453 0.0972728 0.856172 10.2548 -0.0613229 0.995165 -0.0767183 -30.9936 -0.859495 -0.013572 0.510964 253.367 
0.511422 0.0946302 0.854104 12.667 -0.0631135 0.99537 -0.0724905 -31.2398 -0.857009 -0.0168323 0.515026 254.881 
0.51585 0.0962212 0.851258 14.2943 -0.0613804 0.99527 -0.0753038 -31.4049 -0.854477 -0.0134052 0.519316 255.865 
0.519628 0.0914502 0.849484 15.9208 -0.0582299 0.995734 -0.0715754 -31.5715 -0.852406 -0.0122728 0.522737 256.881 
0.522446 0.0855122 0.848374 17.55 -0.0569527 0.996236 -0.0653434 -31.7352 -0.850768 -0.0141788 0.52535 257.899 
0.523891 0.0815988 0.847868 19.1811 -0.0566043 0.996536 -0.0609313 -31.8848 -0.849902 -0.0160716 0.526695 258.947 
0.524625 0.0826702 0.84731 20.8075 -0.0608348 0.99637 -0.0595468 -32.0257 -0.849157 -0.0203062 0.527749 259.989 
0.526214 0.0786723 0.846705 22.4684 -0.0612745 0.996631 -0.0545216 -32.1631 -0.848142 -0.0231914 0.529261 261.028 
0.528258 0.0746895 0.845793 24.1352 -0.0603703 0.996906 -0.0503283 -32.2954 -0.846935 -0.0244744 0.531133 262.079 
0.531147 0.0718067 0.844231 25.8077 -0.0607446 0.997065 -0.0465887 -32.4292 -0.845099 -0.026537 0.533951 263.121 
0.533862 0.0683966 0.842801 27.4492 -0.0616462 0.997219 -0.0418792 -32.5542 -0.843321 -0.0295977 0.536594 264.207 
0.538944 0.0658083 0.839767 29.0891 -0.0610879 0.997372 -0.0389541 -32.67 -0.840123 -0.0303055 0.541548 265.273 
0.547423 0.0587111 0.834794 30.7223 -0.057691 0.99781 -0.0323446 -32.7723 -0.834865 -0.0304539 0.549612 266.344 
0.559727 0.0550708 0.826845 32.3324 -0.0535209 0.998109 -0.0302469 -32.8633 -0.826947 -0.0273235 0.561616 267.449 
0.571015 0.0569788 0.81896 33.902 -0.0567805 0.997941 -0.0298414 -32.9468 -0.818973 -0.029461 0.573075 268.6 
0.585389 0.0512405 0.809132 35.4762 -0.0561002 0.998169 -0.0226246 -33.0348 -0.808809 -0.0321482 0.587192 269.714 
0.601177 0.0501912 0.797538 37.0271 -0.0541685 0.99829 -0.0219932 -33.1034 -0.797278 -0.0299797 0.602868 270.895 
0.619816 0.04869 0.783235 38.5678 -0.0521034 0.998424 -0.0208351 -33.1778 -0.783016 -0.0278953 0.621376 272.116 
0.638853 0.0443292 0.76805 40.1031 -0.0496143 0.998634 -0.0163692 -33.2404 -0.767727 -0.0276488 0.64018 273.375 
0.65641 0.0423227 0.753216 41.5864 -0.0507216 0.998642 -0.0119103 -33.2995 -0.752697 -0.0303863 0.657666 274.699 
0.674194 0.0359985 0.737676 43.0415 -0.0490367 0.998789 -0.00392398 -33.3369 -0.736924 -0.0335277 0.675143 276.067 
0.691504 0.0270324 0.721867 44.5036 -0.0441117 0.999015 0.00484527 -33.3681 -0.721025 -0.0351933 0.692015 277.49 
0.720751 0.0194995 0.69292 46.6684 -0.0357827 0.999318 0.00909802 -33.3891 -0.69227 -0.031352 0.720957 279.7 
0.739703 0.0139326 0.67279 48.0719 -0.0323857 0.999364 0.0149111 -33.3924 -0.672154 -0.0328185 0.739684 281.245 
0.757941 0.0105006 0.652239 49.4317 -0.0301294 0.999367 0.018923 -33.3869 -0.651627 -0.0339941 0.757777 282.846 
0.774925 0.0103525 0.631968 50.7661 -0.0308421 0.999294 0.021449 -33.3781 -0.6313 -0.0361126 0.774698 284.489 
0.787447 0.0146892 0.616207 52.0647 -0.0369642 0.999042 0.0234211 -33.3629 -0.615273 -0.0412204 0.787236 286.187 
0.798998 0.0199044 0.601004 53.3478 -0.0413088 0.998908 0.0218351 -33.3488 -0.599913 -0.042273 0.798948 287.917 
0.810056 0.0215533 0.585956 54.6147 -0.0471936 0.998479 0.0285156 -33.3217 -0.58445 -0.0507526 0.809841 289.684 
0.819202 0.0266199 0.572887 55.8614 -0.0545621 0.998009 0.0316477 -33.2899 -0.570903 -0.0571838 0.819023 291.485 
0.825785 0.0301987 0.563177 57.085 -0.0609508 0.997496 0.0358842 -33.2526 -0.560683 -0.0639587 0.825557 293.317 
0.82908 0.0403481 0.557673 58.3164 -0.0657438 0.997509 0.0255693 -33.2176 -0.555252 -0.0578625 0.829667 295.161 
0.830491 0.0456523 0.555158 59.5428 -0.0694313 0.997347 0.0218514 -33.2043 -0.552687 -0.0566927 0.831458 297.029 
0.831256 0.0452766 0.554043 60.7769 -0.0705296 0.997213 0.0243263 -33.1883 -0.551397 -0.0592978 0.832133 298.921 
0.832184 0.0439059 0.552759 62.003 -0.0680712 0.997409 0.0232571 -33.1786 -0.550305 -0.0569811 0.833017 300.828 
0.834408 0.0427371 0.549488 63.2467 -0.0651798 0.997644 0.0213836 -33.1618 -0.54728 -0.0536582 0.835228 302.736 
0.83826 0.0399994 0.543802 64.4741 -0.0630231 0.997729 0.0237609 -33.1552 -0.541616 -0.0541899 0.838877 304.668 
0.847076 0.0372832 0.530162 65.6864 -0.0589034 0.997977 0.0239322 -33.1355 -0.528197 -0.0515007 0.847559 306.602 
0.858924 0.0360614 0.510832 66.8511 -0.0578154 0.997969 0.026762 -33.1159 -0.508829 -0.0525204 0.859264 308.566 
0.87136 0.0376708 0.489195 67.9403 -0.0585023 0.997912 0.0273601 -33.0964 -0.487143 -0.0524595 0.871745 310.56 
0.884269 0.0361061 0.465579 69.0016 -0.0579582 0.997783 0.0327003 -33.0649 -0.463367 -0.0559 0.884402 312.562 
0.897039 0.0338772 0.440652 69.9996 -0.0543132 0.99795 0.0338438 -33.0257 -0.438602 -0.0542924 0.89704 314.579 
0.908373 0.0389131 0.416346 70.9367 -0.058998 0.997627 0.0354787 -32.9931 -0.413977 -0.0567915 0.908514 316.621 
0.917929 0.046715 0.393985 71.7969 -0.0657013 0.997231 0.0348323 -32.9539 -0.391267 -0.0578589 0.918457 318.681 
0.923793 0.0547527 0.378958 72.6115 -0.0739324 0.996605 0.0362349 -32.9124 -0.375687 -0.0614908 0.924704 320.75 
0.927549 0.0546624 0.369682 73.4083 -0.0729125 0.996704 0.035565 -32.8651 -0.366519 -0.0599427 0.928477 322.819 
0.930892 0.0543091 0.361234 74.175 -0.0717301 0.99681 0.0349833 -32.8165 -0.358182 -0.0584771 0.931819 324.891 
0.935312 0.0499622 0.350279 74.96 -0.0654294 0.997329 0.0324544 -32.7908 -0.347722 -0.0532735 0.936083 326.948 
0.939659 0.0524014 0.338076 75.7117 -0.0665789 0.997316 0.0304687 -32.7607 -0.335572 -0.0511388 0.940626 329.018 
0.944215 0.0537217 0.32492 76.4058 -0.0693195 0.996922 0.0366124 -32.7291 -0.321953 -0.0570933 0.945033 331.108 
0.947645 0.0550008 0.314555 77.051 -0.0703464 0.996812 0.0376339 -32.6814 -0.311482 -0.0577914 0.948493 333.198 
0.95014 0.0525126 0.307371 77.7082 -0.065768 0.997292 0.032919 -32.645 -0.30481 -0.0514928 0.95102 335.265 
0.950619 0.0523777 0.305909 78.3653 -0.0658188 0.99726 0.0337826 -32.611 -0.303301 -0.052249 0.951461 337.318 
0.945314 0.0596375 0.320664 79.0133 -0.0748369 0.996572 0.0352749 -32.5853 -0.317461 -0.0573433 0.946536 339.322 
0.937369 0.0614613 0.342874 79.6867 -0.0780648 0.99634 0.0348209 -32.5571 -0.339479 -0.0594064 0.938736 341.255 
0.931737 0.0553442 0.358892 80.3906 -0.0729922 0.99669 0.0358005 -32.5422 -0.355723 -0.059553 0.932692 343.108 
0.928244 0.0544471 0.367965 81.0694 -0.0712238 0.996942 0.0321565 -32.5198 -0.365089 -0.0560569 0.929283 344.912 
0.92985 0.0508845 0.364404 81.7511 -0.0661371 0.997375 0.0294911 -32.5017 -0.361946 -0.0515229 0.930774 346.681 
0.936132 0.0462574 0.348592 82.4004 -0.0600216 0.997782 0.0287826 -32.4808 -0.346487 -0.0478674 0.936833 348.45 
0.945303 0.0424024 0.323427 83.0084 -0.0547322 0.998076 0.0291182 -32.4555 -0.32157 -0.0452274 0.945805 350.227 
0.956841 0.0353785 0.288449 83.5424 -0.0463507 0.998435 0.0312954 -32.4422 -0.28689 -0.0433145 0.956984 352.014 
0.96895 0.0334793 0.244981 83.9867 -0.0422461 0.998638 0.0306173 -32.42 -0.243623 -0.0400162 0.969044 353.8 
0.980336 0.0338443 0.194414 84.3498 -0.0403149 0.998754 0.0294216 -32.3933 -0.193176 -0.0366809 0.980478 355.608 
0.988984 0.0406104 0.142342 84.5414 -0.0448411 0.998639 0.0266403 -32.3641 -0.141066 -0.0327296 0.989459 357.454 
0.995967 0.0384167 0.0810767 84.7038 -0.040899 0.998737 0.0291803 -32.3388 -0.0798533 -0.0323786 0.996281 359.27 
0.998997 0.0405467 0.0189935 84.7342 -0.0410652 0.998771 0.0277503 -32.3051 -0.017845 -0.0285024 0.999434 361.101 
0.99842 0.0435421 -0.0355257 84.6473 -0.0426618 0.998772 0.0251725 -32.276 0.0365781 -0.0236171 0.999052 362.949 
0.995939 0.0516588 -0.0737387 84.5027 -0.0495843 0.998328 0.0296934 -32.2455 0.0751494 -0.0259166 0.996835 364.819 
0.994026 0.0616677 -0.0900494 84.2979 -0.058713 0.997658 0.0351029 -32.2035 0.0920032 -0.0296061 0.995318 366.705 
0.993418 0.0650385 -0.0942875 84.093 -0.063099 0.997733 0.0234112 -32.1593 0.0955963 -0.0173077 0.99527 368.61 
0.993746 0.0658291 -0.0901985 83.9077 -0.064096 0.997702 0.021982 -32.1364 0.0914382 -0.0160632 0.995681 370.558 
0.994509 0.0621149 -0.0842256 83.7244 -0.0606273 0.997958 0.0201086 -32.1173 0.0853026 -0.0148919 0.996244 372.537 
0.995048 0.0573812 -0.0811634 83.5525 -0.0567447 0.998337 0.0101289 -32.1096 0.0816096 -0.00547317 0.996649 374.558 
0.995373 0.0564691 -0.0777407 83.3642 -0.0559098 0.998392 0.00935468 -32.1101 0.0781439 -0.00496493 0.99693 376.63 
0.995349 0.0590615 -0.0761084 83.1693 -0.0582496 0.998219 0.0128459 -32.1084 0.0767316 -0.00835286 0.997017 378.754 
0.995058 0.0640245 -0.0758914 82.9709 -0.0632536 0.997919 0.0125209 -32.1053 0.0765351 -0.00765864 0.997037 380.917 
0.994948 0.0628684 -0.0782649 82.7973 -0.0622842 0.998009 0.00988586 -32.0997 0.0787306 -0.00496126 0.996884 383.103 
0.994699 0.0607891 -0.0829315 82.5843 -0.06059 0.998151 0.00491833 -32.1108 0.0830771 0.000132554 0.996543 385.322 
0.994203 0.0505631 -0.0948853 82.3731 -0.0500914 0.998718 0.00734784 -32.1327 0.0951351 -0.00255231 0.995461 387.556 
0.992482 0.0406047 -0.115458 82.1578 -0.0400897 0.999173 0.00677982 -32.1583 0.115638 -0.00210016 0.993289 389.79 
0.990202 0.0363006 -0.134843 81.867 -0.036059 0.999341 0.00423472 -32.1734 0.134908 0.000669082 0.990858 392.01 
0.987439 0.0362459 -0.153787 81.5284 -0.0357573 0.999343 0.00594321 -32.2047 0.153901 -0.000369552 0.988086 394.23 
0.984441 0.0340812 -0.172381 81.1519 -0.0337956 0.999418 0.00459225 -32.2278 0.172437 0.00130491 0.98502 396.436 
0.981418 0.0343934 -0.188773 80.7147 -0.0347139 0.999396 0.00160885 -32.2518 0.188714 0.0049741 0.982019 398.613 
0.978552 0.0348836 -0.203024 80.2506 -0.0353029 0.999375 0.00155665 -32.2887 0.202952 0.0056441 0.979172 400.772 
0.976186 0.0292336 -0.214959 79.7798 -0.0301461 0.999545 -0.000967368 -32.3223 0.214833 0.00742451 0.976623 402.916 
0.973904 0.0194502 -0.226127 79.2684 -0.0224299 0.999692 -0.0106148 -32.3645 0.225851 0.0154098 0.97404 405.044 
0.971274 0.0156976 -0.237445 78.7525 -0.0180029 0.999809 -0.00754339 -32.4176 0.237281 0.0116014 0.971372 407.18 
0.969357 0.0141682 -0.245248 78.1979 -0.016466 0.999838 -0.00732112 -32.4615 0.245105 0.011135 0.969433 409.315 
0.968176 0.0147627 -0.249836 77.6099 -0.0164569 0.999854 -0.00469358 -32.5056 0.24973 0.00865572 0.968277 411.449 
0.967717 0.00937254 -0.251865 77.0167 -0.00928181 0.999956 0.00154827 -32.5472 0.251868 0.000839473 0.967761 413.588 
0.967197 -0.00122988 -0.254024 76.4592 0.00183347 0.999996 0.00213938 -32.5607 0.25402 -0.00253495 0.967196 415.737 
0.96654 -0.00658407 -0.25643 75.8902 0.00719274 0.999973 0.00143579 -32.5899 0.256414 -0.00323218 0.966562 417.898 
0.965884 -0.00899702 -0.258819 75.3015 0.00987849 0.999949 0.0021054 -32.6174 0.258786 -0.00459031 0.965924 420.057 
0.965199 -0.00547105 -0.26146 74.6988 0.00746729 0.99995 0.00664207 -32.6527 0.261411 -0.00836332 0.965191 422.224 
0.964851 0.000157244 -0.262799 74.0963 0.00296679 0.99993 0.0114907 -32.6668 0.262782 -0.0118665 0.964782 424.381 
0.965485 0.00281028 -0.260445 73.4845 0.000784837 0.999906 0.0136987 -32.667 0.260459 -0.0134303 0.965392 426.523 
0.966209 0.0050362 -0.257709 72.9086 -0.000429863 0.999839 0.0179274 -32.6689 0.257758 -0.0172108 0.966056 428.673 
0.967049 0.00910176 -0.254428 72.3271 -0.0034462 0.999737 0.0226655 -32.6729 0.254567 -0.0210418 0.966826 430.823 
0.967868 0.0112139 -0.25121 71.7461 -0.0053115 0.999694 0.0241616 -32.6662 0.251404 -0.022051 0.967631 432.951 
0.968886 0.0114654 -0.247243 71.1747 -0.00551698 0.999679 0.0247384 -32.6482 0.247447 -0.0226047 0.968638 435.061 
0.969865 0.0104462 -0.24342 70.6195 -0.00307355 0.999526 0.0306478 -32.6282 0.243624 -0.0289761 0.969437 437.167 
0.970365 0.00781919 -0.241517 70.0877 -4.80903e-05 0.999483 0.0321654 -32.599 0.241643 -0.0312005 0.969863 439.253 
0.970651 0.00153591 -0.240487 69.5664 0.00647096 0.999451 0.0325012 -32.5674 0.240405 -0.0331035 0.970108 441.31 
0.970593 -0.00447793 -0.240686 69.0512 0.0124036 0.999429 0.0314248 -32.5439 0.240408 -0.0334861 0.970094 443.351 
0.970676 -0.00561325 -0.240328 68.536 0.0141642 0.999326 0.0338678 -32.5165 0.239976 -0.0362787 0.970101 445.374 
0.97054 -0.00539869 -0.24088 68.0209 0.0147872 0.999199 0.0371856 -32.4774 0.240486 -0.039652 0.969842 447.375 
0.970293 -0.00669368 -0.241841 67.5199 0.0159815 0.999207 0.0364634 -32.4424 0.241405 -0.0392452 0.969631 449.346 
0.970113 -0.00648821 -0.242566 67.025 0.016485 0.999095 0.0392057 -32.4063 0.242092 -0.0420326 0.969342 451.304 
0.969616 -0.00810914 -0.244499 66.5379 0.0185432 0.999011 0.0404037 -32.3675 0.243929 -0.0437099 0.968807 453.235 
0.968991 -0.00611478 -0.247022 66.0841 0.0170253 0.99897 0.0420567 -32.3392 0.24651 -0.0449582 0.968097 455.155 
0.969086 -0.00306023 -0.246703 65.5882 0.0147804 0.998847 0.0456694 -32.2943 0.246279 -0.0479039 0.968015 457.046 
0.969125 -0.00102633 -0.246567 65.0939 0.0139847 0.99861 0.0508098 -32.2457 0.246172 -0.0526893 0.967793 458.918 
0.969119 0.000342107 -0.246594 64.5771 0.0144258 0.998208 0.0580786 -32.1773 0.246172 -0.0598423 0.967377 460.772 
0.968248 -0.00102431 -0.24999 64.08 0.0174717 0.997824 0.063582 -32.1043 0.24938 -0.0659309 0.966159 462.619 
0.967434 -0.00352728 -0.253101 63.5886 0.0209851 0.997578 0.0663094 -32.0226 0.252254 -0.0694613 0.965165 464.438 
0.966658 -0.00423915 -0.256036 63.1053 0.0222215 0.99748 0.0673815 -31.9335 0.255105 -0.0708243 0.964316 466.24 
0.966989 -0.00341291 -0.254794 62.6199 0.0215228 0.997431 0.0683223 -31.8455 0.253907 -0.0715508 0.964579 468.009 
0.967557 -0.00909751 -0.252491 62.1508 0.0271023 0.997322 0.0679228 -31.7589 0.251197 -0.0725622 0.965212 469.752 
0.967808 -0.0108174 -0.251459 61.7065 0.0292517 0.99714 0.0696877 -31.6708 0.249986 -0.0747998 0.965356 471.454 
0.968021 -0.0132339 -0.250519 61.2738 0.0308077 0.99732 0.0663583 -31.5874 0.24897 -0.0719542 0.965835 473.1 
0.968735 -0.0129528 -0.247761 60.8509 0.0295523 0.997551 0.0633967 -31.5051 0.246333 -0.0687365 0.966745 474.691 
0.969135 -0.013669 -0.246151 60.4554 0.0297448 0.997651 0.0617095 -31.4332 0.24473 -0.0671266 0.967265 476.257 
0.969817 -0.0178017 -0.243184 60.063 0.0333592 0.99764 0.0600067 -31.3661 0.241542 -0.0663079 0.968122 477.808 
0.97167 -0.0196216 -0.235526 59.7043 0.0341307 0.997751 0.0576849 -31.2902 0.233864 -0.0640894 0.970155 479.353 
0.978876 -0.014922 -0.20391 59.1273 0.0277773 0.997792 0.0603279 -31.1543 0.202559 -0.0647176 0.977129 481.651 
0.984739 -0.0123511 -0.173598 58.8428 0.0251215 0.99712 0.0715597 -31.0849 0.172214 -0.0748287 0.982213 483.216 
0.990892 -0.010798 -0.134223 58.6318 0.0209838 0.996985 0.0747063 -30.9999 0.133011 -0.0768424 0.988131 484.785 
0.996233 -0.00884861 -0.0862604 58.4896 0.0157994 0.996651 0.0802331 -30.9123 0.0852615 -0.0812938 0.993037 486.342 
0.999416 -0.0114235 -0.0322092 58.4276 0.0139178 0.996832 0.0783107 -30.8168 0.0312125 -0.0787132 0.996409 487.898 
0.999689 -0.0147685 0.0200853 58.4705 0.0132138 0.997062 0.0754484 -30.7235 -0.0211405 -0.0751595 0.996947 489.473 
0.997127 -0.0191894 0.0732819 58.5836 0.0135612 0.996974 0.0765405 -30.622 -0.0745289 -0.0753268 0.99437 491.061 
0.992073 -0.0272356 0.122673 58.7982 0.0175654 0.996701 0.0792314 -30.5291 -0.124427 -0.0764486 0.989279 492.624 
0.9802 -0.0335059 0.195155 59.298 0.0179985 0.996576 0.0806999 -30.4024 -0.197191 -0.0755896 0.977447 495 
0.964546 -0.0399128 0.260879 59.9375 0.0204801 0.996837 0.0767888 -30.2557 -0.263119 -0.0687235 0.962313 497.356 
0.953492 -0.0431474 0.298314 60.4311 0.0213785 0.99689 0.0758561 -30.1567 -0.300659 -0.0659506 0.951449 498.942 
0.942005 -0.0427315 0.332868 60.9933 0.0188367 0.997029 0.0746853 -30.0642 -0.33507 -0.0640838 0.940011 500.508 
0.928387 -0.0439921 0.369002 61.5964 0.0176802 0.997073 0.0743878 -29.9718 -0.371195 -0.0625366 0.926447 502.086 
0.913967 -0.0492609 0.402787 62.2858 0.0200314 0.996871 0.076464 -29.8717 -0.405294 -0.0618172 0.912094 503.649 
0.898494 -0.0506387 0.436055 63.0241 0.0184072 0.996797 0.0778288 -29.7743 -0.4386 -0.0619022 0.896548 505.211 
0.881944 -0.0505115 0.468639 63.8051 0.0185959 0.997196 0.0724851 -29.6643 -0.470987 -0.055213 0.880411 506.736 
0.864205 -0.0446587 0.501155 64.6736 0.0122254 0.997623 0.0678181 -29.5597 -0.502992 -0.0524819 0.862696 508.248 
0.841521 -0.0454917 0.538306 65.5964 0.00896308 0.997487 0.0702848 -29.4686 -0.54015 -0.0543213 0.839814 509.743 
0.814493 -0.0473091 0.578241 66.5945 0.00546327 0.997251 0.0738953 -29.3744 -0.580148 -0.0570281 0.812512 511.195 
0.781248 -0.0487994 0.622311 67.6553 0.00284599 0.997208 0.0746246 -29.2777 -0.624215 -0.0565292 0.779205 512.578 
0.745466 -0.0516846 0.664537 68.8097 0.00274725 0.997219 0.0744773 -29.1859 -0.666538 -0.0536946 0.743534 513.899 
0.709138 -0.0587809 0.702615 70.0431 0.00697336 0.997055 0.0763757 -29.0883 -0.705035 -0.0492614 0.707459 515.13 
0.674957 -0.0609452 0.735336 71.3021 0.00742478 0.997094 0.0758248 -28.9983 -0.73782 -0.0457187 0.673447 516.289 
0.645992 -0.0662999 0.760459 72.6372 0.0118953 0.996974 0.0768155 -28.8971 -0.763251 -0.0405764 0.644826 517.379 
0.615843 -0.0690198 0.78484 73.9952 0.00928628 0.996722 0.0803663 -28.8019 -0.787814 -0.0422048 0.614465 518.475 
0.586139 -0.0681733 0.807337 75.4286 0.00965375 0.996971 0.0771776 -28.6899 -0.810153 -0.037443 0.585022 519.492 
0.553005 -0.0762913 0.829678 76.8838 0.00604806 0.99614 0.0875668 -28.5895 -0.833156 -0.0434069 0.551332 520.496 
0.51551 -0.0785463 0.853276 78.3918 0.00203866 0.995899 0.0904435 -28.4706 -0.856881 -0.044885 0.513557 521.435 
0.453286 -0.0816608 0.887617 80.791 0.00534968 0.996026 0.0889025 -28.2746 -0.891349 -0.0355497 0.451921 522.678 
