1 1.19763e-11 1.70464e-10 -5.55111e-17 1.19763e-11 1 3.5625e-10 0 1.70464e-10 3.5625e-10 1 2.22045e-16 
0.999999 -0.00164635 -0.00055382 0.000444833 0.00164737 0.999997 0.00185972 -0.0420332 0.000550757 -0.00186063 0.999998 2.6253 
0.999993 -0.00363535 -0.0006434 0.00277789 0.00363587 0.999993 0.000814119 -0.0848376 0.000640437 -0.000816452 1 5.26102 
0.999985 -0.00550405 -0.000416986 0.00757102 0.00550516 0.999981 0.00269445 -0.116587 0.000402148 -0.00269671 0.999996 7.90878 
0.999998 -0.00190081 -0.000960105 0.00678092 0.00190006 0.999998 -0.000784222 -0.163455 0.000961594 0.000782396 0.999999 11.9043 
0.999992 0.00396255 -0.00053048 -0.00186218 -0.00396339 0.999991 -0.00157914 -0.19592 0.000524218 0.00158123 0.999999 14.5805 
0.999996 0.00299309 2.87676e-05 -0.00426772 -0.00299314 0.999994 0.00176906 -0.236414 -2.34721e-05 -0.00176914 0.999998 17.2822 
0.999987 -0.00511926 -0.000232036 0.00413469 0.00511913 0.999987 -0.000553928 -0.293109 0.000234869 0.000552734 1 21.3413 
0.999999 0.000142485 0.00124543 -0.00736932 -0.000141531 1 -0.000766073 -0.346812 -0.00124553 0.000765897 0.999999 24.0721 
0.999997 -0.00105089 0.00236924 -0.00506118 0.00103793 0.999985 0.00546529 -0.38714 -0.00237494 -0.00546281 0.999982 26.8203 
0.99998 -0.00593323 0.00198489 0.00528159 0.00593062 0.999981 0.00131719 -0.432898 -0.00199267 -0.00130539 0.999997 29.5701 
0.999992 -0.0019166 0.00356983 0.00830517 0.0019291 0.999992 -0.0034995 -0.512237 -0.0035631 0.00350636 0.999988 33.7178 
0.999996 -0.000188957 0.00298614 0.0151148 0.000189138 1 -6.04535e-05 -0.599901 -0.00298613 6.10187e-05 0.999996 37.9059 
0.999969 0.00720365 0.00311105 0.0191634 -0.00720353 0.999974 -5.03362e-05 -0.670725 -0.00311133 2.79249e-05 0.999995 42.111 
0.999971 0.00725972 0.00241226 0.0262236 -0.0072593 0.999974 -0.000183054 -0.717858 -0.00241352 0.000165538 0.999997 44.9282 
0.999982 0.00601056 -0.000241195 0.0335922 -0.00601037 0.999982 0.000792652 -0.783986 0.000245955 -0.000791187 1 49.1796 
0.99997 0.00688278 -0.0035883 0.0253698 -0.0068758 0.999974 0.00195412 -0.845384 0.00360166 -0.00192939 0.999992 53.4572 
0.999979 0.00400311 -0.00502858 0.0168087 -0.0039889 0.999988 0.00283304 -0.88688 0.00503986 -0.00281292 0.999983 56.3166 
0.999984 0.00037494 -0.00573077 0.0100754 -0.000358701 0.999996 0.00283441 -0.924947 0.00573181 -0.0028323 0.99998 59.1737 
0.999986 -0.00185879 -0.00491793 0.00276421 0.00187897 0.99999 0.00410219 -0.964748 0.00491026 -0.00411137 0.99998 62.0279 
0.999978 -0.0052962 -0.0040082 -0.0028736 0.00530753 0.999982 0.00282093 -1.00818 0.00399319 -0.00284214 0.999988 64.8719 
0.999991 -0.00348246 -0.00255314 -0.0100203 0.00348838 0.999991 0.0023161 -1.0502 0.00254505 -0.00232499 0.999994 67.7031 
0.999995 0.00301286 -0.00128797 -0.0270228 -0.00300644 0.999983 0.0049609 -1.09783 0.0013029 -0.004957 0.999987 70.53 
0.999899 0.0142169 0.000850324 -0.0467759 -0.0142207 0.999888 0.00462105 -1.15331 -0.000784532 -0.00463267 0.999989 74.7425 
0.999879 0.0154019 0.00204051 -0.0528732 -0.0154112 0.99987 0.00463559 -1.21803 -0.00196885 -0.00466647 0.999987 78.935 
0.999907 0.0135342 0.00144846 -0.0483881 -0.0135396 0.999901 0.00383319 -1.27868 -0.00139644 -0.00385245 0.999992 83.0972 
0.999938 0.0109306 -0.00187798 -0.0843762 -0.0109202 0.999925 0.00545859 -1.36298 0.0019375 -0.00543774 0.999983 88.6291 
0.999981 0.00428222 -0.00446849 -0.14546 -0.00425922 0.999978 0.00514399 -1.43596 0.00449042 -0.00512486 0.999977 94.1034 
0.999976 0.00546203 -0.00424626 -0.212031 -0.00544763 0.999979 0.0033954 -1.49648 0.00426472 -0.00337218 0.999985 98.1655 
0.999955 0.00883381 -0.0034583 -0.269402 -0.00881134 0.99994 0.00645962 -1.55602 0.00351515 -0.00642886 0.999973 102.205 
0.999965 0.00763327 -0.00338736 -0.315395 -0.00762881 0.99997 0.00133045 -1.6133 0.00339741 -0.00130456 0.999993 106.221 
0.999997 0.00156146 -0.00170952 -0.373776 -0.0015522 0.999984 0.00540652 -1.68674 0.00171793 -0.00540385 0.999984 110.245 
0.999989 0.00453267 0.000748283 -0.421968 -0.00453219 0.999989 -0.000645575 -1.75399 -0.000751201 0.000642177 1 114.229 
0.999953 0.00899672 0.00359694 -0.433478 -0.00900143 0.999959 0.0012921 -1.79423 -0.00358517 -0.00132442 0.999993 116.893 
0.999953 0.00807788 0.00544954 -0.430614 -0.00810203 0.999957 0.00442471 -1.82585 -0.00541357 -0.00446865 0.999975 119.561 
0.999917 0.0103503 0.00770925 -0.447293 -0.0103751 0.999941 0.00318368 -1.88093 -0.00767584 -0.0032634 0.999965 122.268 
0.999838 0.014232 0.0110509 -0.464133 -0.0142455 0.999898 0.00113985 -1.96629 -0.0110336 -0.00129708 0.999938 126.337 
0.999836 0.0128646 0.01273 -0.471809 -0.0128866 0.999916 0.00164965 -2.03834 -0.0127076 -0.00181343 0.999918 129.05 
0.999844 0.0108917 0.0138962 -0.470125 -0.0109377 0.999935 0.00323538 -2.09949 -0.0138601 -0.00338687 0.999898 131.756 
0.999883 0.00714277 0.0135483 -0.465103 -0.00719965 0.999965 0.00415406 -2.16293 -0.0135182 -0.00425112 0.9999 134.461 
0.999923 0.00404864 0.0117494 -0.464495 -0.00409264 0.999985 0.00372265 -2.22631 -0.0117341 -0.00377045 0.999924 137.161 
0.999953 0.00122806 0.00965658 -0.464181 -0.00127689 0.999986 0.00505251 -2.28175 -0.00965025 -0.0050646 0.999941 139.863 
0.999975 0.000229275 0.00710214 -0.470457 -0.000261274 0.99999 0.004505 -2.34189 -0.00710104 -0.00450674 0.999965 142.562 
0.999986 -0.00177425 0.00507486 -0.478901 0.00176294 0.999996 0.00223254 -2.39502 -0.0050788 -0.00222356 0.999985 145.258 
0.999897 -0.0140957 0.00280284 -0.484415 0.0140855 0.999894 0.00360825 -2.46297 -0.00285341 -0.0035684 0.99999 147.954 
0.999684 -0.0251325 0.000380742 -0.497985 0.0251332 0.999682 -0.0018847 -2.54563 -0.000333253 0.00189368 0.999998 151.992 
0.999707 -0.0240594 0.00260929 -0.518837 0.0240607 0.99971 -0.000479524 -2.64145 -0.002597 0.000542165 0.999996 156.033 
0.999428 -0.033667 0.00307072 -0.499605 0.0336562 0.999427 0.00349431 -2.68915 -0.0031866 -0.00338896 0.999989 158.732 
0.999418 -0.0339111 0.00382191 -0.484876 0.0338948 0.999416 0.0042487 -2.73678 -0.00396376 -0.00411668 0.999984 161.429 
0.99963 -0.0265435 0.00599233 -0.47678 0.0265348 0.999647 0.00151879 -2.78725 -0.00603052 -0.00135922 0.999981 164.13 
0.999775 -0.0200619 0.00691939 -0.449484 0.0200497 0.999797 0.00182534 -2.86199 -0.00695461 -0.0016862 0.999974 168.2 
0.999875 -0.0146347 0.00593309 -0.438972 0.0146557 0.999886 -0.00351045 -2.91424 -0.00588104 0.00359697 0.999976 170.92 
0.999969 -0.00514315 0.00603701 -0.388112 0.00516723 0.999979 -0.00398054 -2.96077 -0.00601641 0.0040116 0.999974 173.653 
0.999977 -0.00147761 0.00669602 -0.358878 0.00147449 0.999999 0.000470138 -3.00854 -0.00669671 -0.000460253 0.999977 176.409 
0.999967 -0.0068928 0.00423197 -0.321404 0.00688578 0.999975 0.00167189 -3.02295 -0.00424339 -0.00164269 0.99999 179.161 
0.99998 -0.00624916 0.000676272 -0.308999 0.00625371 0.999956 -0.00694788 -3.0621 -0.000632824 0.00695198 0.999976 181.921 
0.999997 0.00259323 -4.98557e-05 -0.318656 -0.0025935 0.999976 -0.00647632 -3.11447 3.30603e-05 0.00647643 0.999979 184.704 
0.999987 0.00509103 0.000651288 -0.308728 -0.00509022 0.999986 -0.0012315 -3.16448 -0.000657549 0.00122817 0.999999 187.499 
1 0.000366725 0.000663303 -0.303004 -0.000367256 1 0.000800394 -3.25053 -0.000663009 -0.000800637 1 191.713 
0.999985 -0.00529432 0.00136956 -0.297934 0.00529189 0.999984 0.00177274 -3.31413 -0.00137892 -0.00176546 0.999997 194.54 
0.999938 -0.0109435 0.00223336 -0.299864 0.0109449 0.99994 -0.000604029 -3.41936 -0.00222661 0.000628435 0.999997 198.801 
0.999874 0.0146615 0.00608923 -0.351843 -0.0146609 0.999892 -0.000138689 -3.58033 -0.00609061 4.93984e-05 0.999981 204.532 
0.99997 0.00705671 0.00326536 -0.342198 -0.00705616 0.999975 -0.000179166 -3.65089 -0.00326654 0.00015612 0.999995 208.868 
0.999952 0.0095282 0.00228764 -0.357581 -0.00952806 0.999955 -7.33861e-05 -3.77806 -0.00228823 5.15866e-05 0.999997 214.714 
0.999961 0.00874363 0.000893922 -0.366905 -0.00874205 0.99996 -0.00176665 -3.89969 -0.000909333 0.00175877 0.999998 220.619 
0.99995 0.0100381 -0.000260453 -0.378771 -0.0100387 0.999947 -0.00226492 -4.01707 0.000237704 0.00226742 0.999997 226.569 
0.999988 0.00496183 0.000104882 -0.373963 -0.0049617 0.999987 -0.00123156 -4.15362 -0.000110991 0.00123102 0.999999 234.038 
0.999971 0.00734518 0.00193496 -0.382092 -0.00734708 0.999973 0.000972528 -4.3151 -0.00192776 -0.000986715 0.999998 241.571 
0.999962 0.00810169 0.00332684 -0.372157 -0.00809975 0.999967 -0.000596884 -4.43202 -0.00333157 0.000569915 0.999994 247.648 
0.999946 0.00997147 0.00283953 -0.362986 -0.00997312 0.99995 0.00056808 -4.5113 -0.00283373 -0.000596367 0.999996 252.224 
0.999946 0.0099729 0.0029445 -0.351899 -0.00997571 0.99995 0.000940638 -4.58494 -0.00293497 -0.00096996 0.999995 256.823 
0.999993 0.00288747 0.00230749 -0.329134 -0.00288904 0.999996 0.000676581 -4.68655 -0.00230553 -0.000683242 0.999997 262.973 
0.999992 -0.0020661 0.00345941 -0.320818 0.00205223 0.99999 0.00400846 -4.78837 -0.00346766 -0.00400133 0.999986 267.598 
0.999985 -0.000466132 0.0054798 -0.315594 0.000450953 0.999996 0.00277095 -4.90659 -0.00548107 -0.00276844 0.999981 272.219 
0.99997 0.00242459 0.00740264 -0.311231 -0.00244139 0.999994 0.0022617 -4.98763 -0.00739712 -0.0022797 0.99997 275.307 
0.999946 0.00300233 0.00993542 -0.301129 -0.00301076 0.999995 0.000833953 -5.13414 -0.00993287 -0.000863821 0.99995 279.945 
0.999933 0.00149062 0.0115216 -0.27649 -0.00151734 0.999996 0.00231141 -5.21004 -0.0115181 -0.00232874 0.999931 283.05 
0.999932 -0.0014923 0.0115724 -0.230158 0.00151767 0.999996 -0.00218383 -5.31624 -0.0115691 0.00220125 0.999931 287.7 
0.999956 -0.00268179 0.00900787 -0.192693 0.00270369 0.999993 -0.00241999 -5.42488 -0.00900132 0.00244424 0.999957 292.369 
0.999967 -0.00237349 0.00773757 -0.175311 0.00239045 0.999995 -0.00218354 -5.50214 -0.00773234 0.00220197 0.999968 295.501 
0.999984 -0.00188475 0.00529149 -0.14983 0.00188231 0.999998 0.000466143 -5.60566 -0.00529236 -0.000456174 0.999986 300.237 
0.999971 -0.00206617 0.00727639 -0.12458 0.00206578 0.999998 6.19216e-05 -5.70493 -0.0072765 -4.68878e-05 0.999973 305.01 
0.999954 -0.00568733 0.00776349 -0.0964999 0.00571638 0.999977 -0.00372565 -5.82111 -0.00774212 0.00376985 0.999963 309.819 
0.999992 -0.00248477 0.00308413 -0.106523 0.00248811 0.999996 -0.00107964 -5.95203 -0.00308144 0.0010873 0.999995 314.668 
0.999981 -0.00476709 0.00379025 -0.10867 0.00475554 0.999984 0.00305185 -6.03243 -0.00380473 -0.00303377 0.999988 317.924 
0.999966 -0.00684118 0.00460929 -0.100918 0.0068311 0.999974 0.00219832 -6.1434 -0.00462421 -0.00216676 0.999987 322.814 
0.999969 -0.00473991 0.00625482 -0.0941105 0.00473602 0.999989 0.000636986 -6.26882 -0.00625777 -0.000607343 0.99998 327.698 
0.999944 -0.00798854 0.0069226 -0.0642123 0.00797425 0.999966 0.00208908 -6.37224 -0.00693905 -0.00203376 0.999974 332.569 
0.999965 -0.00478743 0.00683332 -0.0543496 0.00478185 0.999988 0.000833257 -6.45078 -0.00683722 -0.000800552 0.999976 335.802 
0.999984 -0.00199418 0.00523412 -0.0454804 0.00200654 0.999995 -0.00235718 -6.53219 -0.00522939 0.00236765 0.999984 339.021 
0.999995 -0.000282664 0.00329943 -0.039303 0.000268431 0.999991 0.00431359 -6.60181 -0.00330061 -0.00431268 0.999985 342.246 
1 -0.000444111 0.000271657 -0.0351466 0.000443834 0.999999 0.00101749 -6.65278 -0.000272108 -0.00101737 1 345.452 
0.999992 -0.00306261 -0.00262549 -0.0370718 0.00307165 0.999989 0.00344606 -6.70815 0.00261491 -0.00345409 0.999991 348.655 
0.999987 -0.00400627 -0.00327367 -0.0526102 0.00401149 0.999991 0.00158878 -6.77306 0.00326727 -0.00160189 0.999993 351.848 
0.999984 -0.00456592 -0.00326332 -0.0750661 0.00457074 0.999988 0.00147062 -6.84356 0.00325656 -0.00148551 0.999994 355.038 
0.99998 -0.00540174 -0.003418 -0.0972999 0.00540248 0.999985 0.000206237 -6.92176 0.00341684 -0.000224698 0.999994 358.222 
0.99998 -0.00546874 -0.00326977 -0.122301 0.00546734 0.999985 -0.000439521 -6.99594 0.00327213 0.000421635 0.999995 361.404 
0.99996 -0.00834387 -0.00308417 -0.141995 0.00834334 0.999965 -0.0001831 -7.07272 0.00308559 0.000157361 0.999995 364.587 
0.999939 -0.0105576 -0.0031631 -0.166861 0.0105585 0.999944 0.000269207 -7.14688 0.00316009 -0.000302587 0.999995 367.781 
0.99997 -0.00743495 -0.00230747 -0.202919 0.00743648 0.999972 0.000654648 -7.22508 0.00230254 -0.000671787 0.999997 370.975 
0.999983 -0.00569843 -0.00143532 -0.237813 0.00569945 0.999984 0.000704659 -7.30681 0.00143128 -0.000712826 0.999999 374.225 
0.999983 -0.00571795 -0.000917867 -0.262588 0.00571764 0.999984 -0.000336816 -7.37934 0.000919778 0.000331563 1 377.387 
0.999996 -0.00289136 -5.68595e-05 -0.287793 0.00289139 0.999996 0.000451874 -7.48506 5.5553e-05 -0.000452036 1 382.22 
1 -0.000874383 0.000481297 -0.303965 0.000874743 0.999999 -0.000747672 -7.55871 -0.000480642 0.000748094 1 385.451 
0.999999 0.00111654 0.00106092 -0.316454 -0.00111683 0.999999 0.000265966 -7.6316 -0.00106062 -0.00026715 0.999999 388.686 
0.999993 0.00292545 0.00209174 -0.32379 -0.00292642 0.999996 0.00045846 -7.73169 -0.00209039 -0.000464577 0.999998 393.558 
