1 1.19763e-11 1.70464e-10 5.55111e-17 1.19763e-11 1 3.5625e-10 0 1.70464e-10 3.5625e-10 1 2.22045e-16 
0.999891 -0.0118345 0.00882119 0.0882615 0.0118638 0.999924 -0.00328123 -0.0127384 -0.00878169 0.00338553 0.999956 1.50095 
0.999173 -0.00913185 -0.0396157 0.0368634 0.00893704 0.999947 -0.00509187 -0.0353362 0.0396601 0.00473362 0.999202 2.51119 
0.99499 -0.00665826 -0.0997477 -0.111858 0.00611821 0.999965 -0.00571911 -0.0568388 0.0997823 0.00508018 0.994996 3.62197 
0.987468 -0.00852958 -0.157589 -0.266431 0.00809124 0.999961 -0.00342288 -0.0776825 0.157612 0.00210489 0.987499 4.82585 
0.981149 -0.0115063 -0.192908 -0.511069 0.0102894 0.99992 -0.00730888 -0.0901695 0.192976 0.0051862 0.98119 6.1708 
0.976526 -0.0125814 -0.215033 -0.932592 0.0100498 0.999867 -0.0128626 -0.129001 0.215166 0.0103996 0.976522 7.58651 
0.972425 -0.0247274 -0.231901 -1.14341 0.0215716 0.999637 -0.0161349 -0.147996 0.232216 0.0106875 0.972606 8.59019 
0.967583 -0.0231981 -0.251487 -1.39817 0.0177224 0.999554 -0.0240165 -0.16131 0.251932 0.018781 0.967563 9.64221 
0.961472 -0.0209209 -0.274106 -1.89929 0.0129464 0.99944 -0.0308696 -0.253116 0.274598 0.0261316 0.961204 11.2932 
0.957701 -0.0180557 -0.2872 -2.36462 0.00818802 0.999335 -0.0355223 -0.349124 0.28765 0.0316682 0.957212 12.4272 
0.95397 -0.0193622 -0.299277 -2.77519 0.00536827 0.998856 -0.0475109 -0.422025 0.299854 0.0437174 0.952983 13.6008 
0.952819 -0.0169714 -0.303064 -3.2397 -0.00266529 0.997929 -0.0642629 -0.500366 0.303527 0.0620387 0.950801 14.8036 
0.948417 -0.0138694 -0.316723 -3.89862 -0.0143322 0.996145 -0.0865388 -0.66016 0.316702 0.0866142 0.944562 16.7552 
0.945141 -0.0103088 -0.3265 -4.376 -0.0229567 0.994935 -0.0978679 -0.795854 0.325855 0.0999944 0.940117 18.0594 
0.941646 -0.0068524 -0.336534 -4.89471 -0.0293423 0.994316 -0.102348 -0.946564 0.335322 0.10625 0.936093 19.4501 
0.936913 -0.00818643 -0.349465 -5.45621 -0.0285611 0.99459 -0.0998709 -1.10358 0.348393 0.103551 0.931611 20.861 
0.930084 -0.00915532 -0.367232 -5.96068 -0.0280846 0.994991 -0.0959353 -1.25331 0.366271 0.0995415 0.925169 22.2927 
0.923797 -0.00197551 -0.382877 -6.62803 -0.0330906 0.995833 -0.0849785 -1.41652 0.381449 0.0911726 0.919883 23.7782 
0.912192 0.00250339 -0.409756 -7.65417 -0.0381143 0.996164 -0.0787633 -1.63798 0.407987 0.0874648 0.908788 26.0349 
0.9046 0.00364254 -0.426247 -8.41533 -0.0397425 0.996329 -0.075829 -1.77367 0.424406 0.085535 0.901423 27.553 
0.896017 0.00475783 -0.443995 -9.16125 -0.0402569 0.996695 -0.0705611 -1.92439 0.442192 0.0810978 0.893247 29.0869 
0.886679 0.00555624 -0.462352 -9.91031 -0.0385159 0.99734 -0.0618788 -2.0641 0.460778 0.0726746 0.884535 30.7233 
0.878866 0.00582313 -0.477033 -10.7531 -0.0392431 0.997419 -0.0601245 -2.20857 0.475452 0.0715616 0.876827 32.3412 
0.872165 0.00574823 -0.489177 -11.635 -0.0387704 0.997598 -0.057402 -2.33138 0.487672 0.0690296 0.870293 34.0362 
0.868051 0.00466624 -0.496453 -12.6527 -0.0380057 0.997646 -0.0570761 -2.46239 0.495018 0.068413 0.866185 35.6864 
0.865901 0.00511436 -0.500189 -13.6644 -0.0385415 0.997657 -0.0565201 -2.592 0.498728 0.0682188 0.86407 37.442 
0.864941 0.00413713 -0.501857 -14.6692 -0.0363311 0.997859 -0.05439 -2.73032 0.500557 0.0652772 0.863239 39.2449 
0.863411 0.000490237 -0.504501 -15.7578 -0.0330758 0.997903 -0.0556368 -2.85847 0.503416 0.0647242 0.861617 41.0625 
0.85901 -0.000526581 -0.511959 -16.8301 -0.0295554 0.998281 -0.0506175 -2.97634 0.511106 0.0586121 0.857517 42.9053 
0.851085 -0.00281983 -0.52502 -17.9005 -0.0246306 0.99867 -0.0452913 -3.09048 0.524449 0.0514784 0.849884 44.7312 
0.840136 -0.00880646 -0.542304 -19.0807 -0.0222866 0.998463 -0.0507404 -3.22049 0.541918 0.054715 0.838649 46.5155 
0.828126 -0.00547592 -0.560515 -20.2927 -0.0231324 0.998767 -0.043934 -3.35704 0.560064 0.0493489 0.826978 48.2944 
0.818944 -0.00107723 -0.573872 -21.5415 -0.0275515 0.998771 -0.0411922 -3.46635 0.573211 0.0495451 0.817908 50.0298 
0.812512 -0.00506455 -0.582922 -22.7903 -0.0312302 0.998148 -0.0522027 -3.58953 0.582107 0.0606201 0.81085 51.7399 
0.805874 -0.00413603 -0.592072 -24.0558 -0.0310941 0.9983 -0.0492962 -3.72252 0.59127 0.0581364 0.804376 53.4632 
0.799296 0.000369849 -0.600938 -25.3324 -0.031397 0.99866 -0.0411459 -3.84824 0.600117 0.0517554 0.798236 55.1856 
0.792918 -0.000398505 -0.609328 -26.6763 -0.0324827 0.99855 -0.0429228 -3.96464 0.608462 0.0538269 0.791756 56.8655 
0.784938 -0.00345693 -0.619564 -28.0134 -0.0315672 0.998463 -0.0455642 -4.09103 0.618769 0.055323 0.783622 58.5516 
0.775693 -0.00221265 -0.631107 -29.3659 -0.0325584 0.998522 -0.0435184 -4.22332 0.63027 0.0543047 0.774474 60.2187 
0.765178 -0.00458119 -0.643802 -30.7869 -0.0319875 0.998469 -0.0451231 -4.34004 0.643023 0.0551208 0.76386 61.8607 
0.753971 -0.00801563 -0.656859 -32.2464 -0.0300991 0.998454 -0.0467331 -4.45511 0.656218 0.0550063 0.752564 63.4792 
0.740903 -0.0146781 -0.671452 -33.7974 -0.0235427 0.998579 -0.047807 -4.54794 0.6712 0.0512282 0.739504 65.0839 
0.728437 -0.0122948 -0.685003 -35.2833 -0.0257573 0.998641 -0.0453146 -4.69168 0.684629 0.0506526 0.72713 66.7245 
0.716682 -0.01165 -0.697303 -36.8466 -0.0299747 0.998422 -0.0474886 -4.85171 0.696756 0.0549356 0.715202 68.2949 
0.705398 -0.0097968 -0.708743 -38.4757 -0.0318799 0.998454 -0.0455308 -4.99354 0.708094 0.054712 0.703996 69.9337 
0.694216 -0.0115863 -0.719673 -40.0853 -0.0315456 0.99842 -0.0465037 -5.11707 0.719075 0.0549861 0.692754 71.5426 
0.68333 -0.0171661 -0.729907 -41.7613 -0.0298498 0.998231 -0.0514216 -5.24351 0.729499 0.0569255 0.681609 73.1168 
0.673978 -0.01604 -0.738578 -43.4859 -0.0311631 0.998257 -0.050117 -5.38963 0.738094 0.0567941 0.672303 74.6744 
0.663791 -0.0170594 -0.747724 -45.2429 -0.029773 0.998345 -0.0492083 -5.52978 0.747325 0.054926 0.662184 76.2135 
0.654226 -0.0216648 -0.755989 -47.072 -0.0238537 0.998501 -0.0492574 -5.63868 0.755923 0.0502586 0.652728 77.6798 
0.646443 -0.0263542 -0.762507 -48.9104 -0.0182503 0.998583 -0.0499859 -5.79181 0.762744 0.046229 0.645046 79.1713 
0.637453 -0.0351973 -0.769685 -50.7536 -0.0106398 0.998459 -0.0544709 -5.94171 0.770416 0.0429119 0.636096 80.6918 
0.62302 -0.0435435 -0.780993 -52.6696 0.00115848 0.9985 -0.0547462 -6.07635 0.782205 0.0332032 0.622135 82.1423 
0.594631 -0.0435861 -0.802817 -55.5667 0.00352735 0.998661 -0.0516061 -6.2938 0.803991 0.0278548 0.593988 84.3949 
0.56535 -0.0488666 -0.823402 -58.58 0.00366933 0.998383 -0.0567318 -6.52441 0.824843 0.029052 0.564615 86.4986 
0.545127 -0.0511556 -0.836791 -60.6801 0.0103614 0.998471 -0.0542897 -6.67512 0.838289 0.0209245 0.544824 87.7771 
0.514219 -0.0547614 -0.855909 -63.8733 0.0099707 0.998274 -0.0578797 -6.87733 0.857601 0.0212289 0.513878 89.7342 
0.48548 -0.0523151 -0.872681 -67.1095 0.00548654 0.998371 -0.0567976 -7.16919 0.874231 0.0227861 0.484976 91.5984 
0.463486 -0.0514706 -0.884608 -70.4951 0.00502289 0.998448 -0.0554626 -7.49186 0.88609 0.0212629 0.463026 93.355 
0.443367 -0.061877 -0.894202 -73.8988 0.0125344 0.997945 -0.062841 -7.77293 0.896252 0.0166533 0.443232 95.0925 
0.434819 -0.0596748 -0.898538 -76.1806 0.0170184 0.998168 -0.058056 -7.98905 0.900357 0.00995214 0.435038 96.1686 
0.426438 -0.0576296 -0.902679 -78.4845 0.0229362 0.998336 -0.0529013 -8.16872 0.904226 0.00185508 0.42705 97.2737 
0.418553 -0.0545759 -0.906551 -81.8827 0.0264436 0.998502 -0.0479025 -8.44316 0.907807 -0.00392272 0.419369 98.8767 
0.412501 -0.0518032 -0.909483 -85.1626 0.0298109 0.998615 -0.0433591 -8.71844 0.910469 -0.00922686 0.413473 100.406 
0.411398 -0.050942 -0.910031 -88.3684 0.0312799 0.998638 -0.0417613 -8.95633 0.910919 -0.0112852 0.412431 101.781 
0.413575 -0.0531375 -0.908918 -91.5166 0.0291312 0.998557 -0.0451228 -9.16068 0.910004 -0.00781617 0.414526 103.171 
0.429944 -0.0535682 -0.901265 -94.5994 0.0243884 0.998563 -0.0477169 -9.37101 0.902526 -0.00146481 0.430633 104.554 
0.454972 -0.0499528 -0.889104 -97.611 0.020948 0.99875 -0.0453936 -9.5868 0.890259 0.00202787 0.455449 105.992 
0.485187 -0.0520909 -0.872858 -100.542 0.0177219 0.998605 -0.0497444 -9.78431 0.874231 0.00866667 0.485433 107.519 
0.521176 -0.0498881 -0.85199 -103.391 0.0140325 0.998656 -0.0498921 -9.98595 0.853334 0.014047 0.521175 109.149 
0.560963 -0.0469916 -0.826506 -106.169 0.0133603 0.998771 -0.047718 -10.2004 0.827733 0.0157256 0.560901 110.819 
0.593564 -0.0479591 -0.803356 -108.723 0.0141905 0.998691 -0.0491356 -10.4157 0.804661 0.0177651 0.593468 112.681 
0.614027 -0.0434416 -0.788088 -110.371 0.0146545 0.99894 -0.0436465 -10.5497 0.789149 0.0152511 0.614013 113.938 
0.642124 -0.0392111 -0.765597 -112.729 0.0076692 0.99897 -0.0447312 -10.7563 0.766562 0.0228515 0.641763 115.956 
0.668711 -0.0342686 -0.742733 -114.984 0.00677222 0.999177 -0.0400033 -10.9458 0.743492 0.0217207 0.668392 117.963 
0.68424 -0.0310627 -0.728595 -116.386 0.0034054 0.999218 -0.0394022 -11.0623 0.729249 0.0244794 0.683811 119.287 
0.698662 -0.0266136 -0.714957 -117.741 0.000735439 0.999334 -0.0364806 -11.1628 0.715452 0.0249618 0.698216 120.612 
0.713236 -0.0210781 -0.700607 -119.027 -0.00278772 0.999455 -0.032907 -11.2677 0.700919 0.0254236 0.712788 121.91 
0.728784 -0.0163153 -0.684549 -120.249 -0.00734411 0.999472 -0.0316397 -11.3587 0.684704 0.0280859 0.72828 123.192 
0.747318 -0.00889053 -0.664407 -121.428 -0.0109299 0.999611 -0.0256697 -11.4442 0.664377 0.0264453 0.74693 124.485 
0.777789 -0.00639681 -0.628493 -123.106 -0.0148045 0.999484 -0.0284941 -11.5659 0.628351 0.0314669 0.777293 126.439 
0.807808 -0.00185646 -0.589443 -124.628 -0.0152558 0.999594 -0.0240557 -11.6918 0.589248 0.0284248 0.807452 128.428 
0.842915 0.00298633 -0.538038 -126.554 -0.013836 0.999774 -0.0161269 -11.8435 0.537868 0.0210379 0.842766 131.21 
0.875951 0.00762211 -0.48234 -128.757 -0.0172502 0.999731 -0.0155291 -11.9801 0.482092 0.0219232 0.875846 134.815 
0.892596 0.00957461 -0.450756 -130.393 -0.0177044 0.999748 -0.0138228 -12.0773 0.450509 0.0203186 0.89254 137.88 
0.905338 0.0209891 -0.424172 -131.997 -0.0246087 0.999692 -0.00305681 -12.1527 0.423977 0.0132058 0.905577 141.134 
0.922905 0.0175762 -0.384625 -133.895 -0.0189394 0.999821 0.000243917 -12.1727 0.384561 0.00705947 0.923073 145.527 
0.936414 0.0168217 -0.350493 -135.024 -0.0197161 0.999795 -0.00469127 -12.2055 0.350342 0.0113033 0.936554 148.362 
0.948799 0.0258569 -0.314819 -135.738 -0.0276714 0.999616 -0.0012948 -12.2411 0.314665 0.00993998 0.949151 150.314 
0.961475 0.0332914 -0.272869 -136.371 -0.0346332 0.9994 -0.000101023 -12.2741 0.272702 0.00954747 0.962051 152.312 
0.977362 0.0367887 -0.208353 -137.112 -0.0363904 0.999321 0.00574585 -12.3092 0.208423 0.00196628 0.978037 155.494 
0.989152 0.0440918 -0.140121 -137.753 -0.0429337 0.999014 0.0112784 -12.3401 0.14048 -0.00514008 0.99007 158.809 
0.994304 0.0472363 -0.0955449 -138.096 -0.0467801 0.998881 0.00701068 -12.3679 0.0957691 -0.00250115 0.9954 161.062 
0.997343 0.0482731 -0.0545589 -138.291 -0.0478115 0.998809 0.00973658 -12.3996 0.0549639 -0.00710217 0.998463 163.433 
0.998556 0.0523371 -0.0120841 -138.452 -0.0522208 0.998588 0.0097472 -12.3898 0.0125771 -0.00910209 0.999879 165.861 
0.996925 0.0598229 0.0506214 -138.441 -0.0602242 0.998164 0.00643881 -12.42 -0.0501432 -0.00946764 0.998697 169.541 
0.992245 0.061805 0.107842 -138.193 -0.0619405 0.998078 -0.00209596 -12.4703 -0.107764 -0.00460008 0.994166 173.347 
0.984506 0.0654238 0.162689 -137.692 -0.0631589 0.997821 -0.0190609 -12.5489 -0.163582 0.00849031 0.986493 177.209 
0.974263 0.0709103 0.213971 -136.904 -0.0653777 0.99732 -0.0328327 -12.6997 -0.215726 0.0179988 0.976288 181.134 
0.961829 0.0684262 0.264958 -135.983 -0.0600265 0.997408 -0.0396801 -12.8971 -0.266987 0.022261 0.963443 185.154 
0.946151 0.0747867 0.314969 -134.753 -0.0633131 0.996909 -0.0465184 -13.1238 -0.317474 0.0240718 0.947961 189.158 
0.927103 0.0798629 0.3662 -133.356 -0.0629678 0.996336 -0.057872 -13.3719 -0.36948 0.0305944 0.928735 193.194 
0.901337 0.0848912 0.424717 -131.927 -0.0586544 0.995495 -0.0744999 -13.6974 -0.429128 0.0422381 0.902256 197.28 
0.862389 0.0946005 0.497329 -130.044 -0.060632 0.994615 -0.0840545 -14.0681 -0.502602 0.0423336 0.863481 201.259 
0.8169 0.101071 0.567854 -127.738 -0.0583326 0.993956 -0.0929965 -14.5324 -0.573822 0.0428444 0.817859 205.097 
0.784311 0.106104 0.611227 -126.002 -0.0533644 0.993152 -0.103928 -14.8741 -0.618068 0.0488939 0.784602 207.544 
0.738381 0.107773 0.665717 -123.095 -0.0432277 0.992681 -0.11276 -15.4377 -0.672997 0.0544823 0.737636 210.975 
0.706467 0.110953 0.698995 -121.014 -0.0394597 0.992274 -0.117624 -15.8326 -0.706646 0.0555156 0.705387 213.193 
0.679478 0.112581 0.725007 -118.781 -0.0311784 0.991695 -0.124773 -16.2742 -0.733034 0.0621758 0.677345 215.232 
0.650921 0.114444 0.750469 -116.49 -0.0265885 0.991402 -0.128124 -16.7163 -0.75868 0.0634448 0.648367 217.233 
0.618654 0.11569 0.777099 -114.107 -0.026859 0.991635 -0.126247 -17.17 -0.785204 0.057231 0.616587 219.126 
0.583598 0.11802 0.803421 -111.714 -0.0297968 0.991828 -0.124052 -17.609 -0.811496 0.0484574 0.582345 220.952 
0.547834 0.124514 0.827269 -109.309 -0.0303883 0.991171 -0.12906 -18.0357 -0.836035 0.0455641 0.546781 222.665 
0.507988 0.123631 0.852446 -106.842 -0.0294078 0.991558 -0.126282 -18.4745 -0.860862 0.0390813 0.507335 224.235 
0.466125 0.12065 0.876454 -104.336 -0.0280221 0.992174 -0.121676 -18.887 -0.884275 0.0321563 0.465858 225.637 
0.425673 0.11864 0.897066 -101.803 -0.0230164 0.992466 -0.120335 -19.2877 -0.904584 0.0305761 0.425197 226.859 
0.384806 0.118363 0.915377 -99.2819 -0.0164657 0.992466 -0.121409 -19.6694 -0.922851 0.0316467 0.383855 227.976 
0.342828 0.116351 0.932165 -96.7665 -0.0106019 0.992716 -0.12001 -20.0564 -0.939338 0.03126 0.341564 228.989 
0.303773 0.12034 0.945114 -94.2601 -0.00725249 0.992254 -0.124011 -20.4415 -0.952717 0.0308168 0.302293 229.85 
0.266131 0.136846 0.954174 -91.7943 -0.00798352 0.990151 -0.139779 -20.8354 -0.963904 0.0295819 0.264602 230.576 
0.226444 0.142113 0.963601 -89.3447 -0.0111381 0.989612 -0.143332 -21.2377 -0.973961 0.0217238 0.225674 231.227 
0.187562 0.14225 0.971898 -86.9181 -0.0137482 0.989741 -0.142208 -21.6438 -0.982156 0.0133111 0.187594 231.768 
0.150534 0.140924 0.978509 -84.5009 -0.0125111 0.98998 -0.140651 -22.0345 -0.988526 0.00893069 0.150789 232.192 
0.112137 0.144953 0.983063 -82.1208 -0.0146572 0.989437 -0.144221 -22.4239 -0.993585 0.0017636 0.113078 232.564 
0.0764046 0.143794 0.986654 -79.7676 -0.0134102 0.989605 -0.143186 -22.8082 -0.996987 -0.00229116 0.0775387 232.803 
0.0465019 0.135404 0.989699 -77.428 -0.0104419 0.990782 -0.135062 -23.1828 -0.998864 -0.00405374 0.0474871 232.958 
0.0235342 0.132208 0.990943 -75.1849 -0.00700475 0.991215 -0.132077 -23.5358 -0.999698 -0.00383296 0.0242535 233.04 
0.00755746 0.136226 0.990649 -72.9705 -0.00876937 0.990648 -0.136159 -23.8777 -0.999933 -0.00765835 0.00868141 233.096 
-0.00869772 0.151077 0.988484 -69.7532 -0.00975453 0.988461 -0.151159 -24.4107 -0.999915 -0.0109569 -0.00712368 233.13 
-0.0141028 0.132512 0.991081 -67.6268 -0.00663235 0.991145 -0.132615 -24.7637 -0.999879 -0.00844345 -0.0130991 233.111 
-0.0153509 0.131021 0.991261 -65.5488 -0.0072503 0.991337 -0.131144 -25.0717 -0.999856 -0.0092001 -0.014268 233.093 
-0.0135684 0.13652 0.990544 -63.5094 -0.00951512 0.990573 -0.136654 -25.3862 -0.999863 -0.0112793 -0.0121415 233.08 
-0.00950108 0.138671 0.990293 -61.4937 -0.0135817 0.990228 -0.138793 -25.7041 -0.999863 -0.0147685 -0.00752485 233.106 
-0.00155482 0.140638 0.99006 -59.5044 -0.018726 0.989883 -0.140643 -26.0179 -0.999823 -0.0187586 0.00109451 233.125 
0.0118265 0.138765 0.990255 -57.5158 -0.0199908 0.990159 -0.138512 -26.3285 -0.99973 -0.0181579 0.0144842 233.146 
0.0265601 0.139266 0.989899 -55.5614 -0.0177295 0.990158 -0.138827 -26.6295 -0.99949 -0.0138632 0.0287678 233.199 
0.0392154 0.137913 0.989668 -53.6051 -0.0207834 0.990328 -0.137181 -26.9373 -0.999015 -0.015189 0.0417024 233.311 
0.0600318 0.134756 0.989059 -50.6963 -0.0224807 0.990777 -0.133626 -27.3831 -0.997943 -0.0142129 0.0625076 233.481 
0.0803772 0.140502 0.986812 -47.821 -0.0239892 0.990002 -0.139002 -27.8169 -0.996476 -0.0125003 0.0829441 233.722 
0.100303 0.138371 0.985288 -44.9724 -0.0282673 0.990279 -0.136195 -28.2581 -0.994555 -0.0141907 0.103239 234.018 
0.121584 0.136944 0.983089 -42.1458 -0.0269855 0.990527 -0.134642 -28.6944 -0.992214 -0.0101587 0.124128 234.371 
0.138778 0.138585 0.980579 -40.2755 -0.0235121 0.990342 -0.136637 -28.985 -0.990044 -0.0040932 0.140696 234.626 
0.157617 0.141365 0.977329 -38.4258 -0.0240622 0.989956 -0.139311 -29.2795 -0.987207 -0.00155893 0.159435 234.937 
0.172182 0.13816 0.975328 -36.5944 -0.025846 0.990408 -0.135734 -29.5696 -0.984726 -0.00183741 0.174101 235.242 
0.177769 0.141011 0.973917 -34.7535 -0.028542 0.990003 -0.13813 -29.8457 -0.983658 -0.00324235 0.180016 235.637 
0.18327 0.142054 0.972745 -32.8889 -0.0280772 0.989857 -0.139263 -30.1323 -0.982662 -0.00178917 0.1854 236.011 
0.189005 0.142811 0.971536 -31.0083 -0.0265011 0.98975 -0.140333 -30.4265 -0.981619 0.000776788 0.190852 236.408 
0.197922 0.140772 0.970057 -29.1088 -0.0244533 0.990035 -0.138682 -30.7243 -0.979913 0.00372699 0.199392 236.775 
0.205717 0.135391 0.969201 -27.1862 -0.021156 0.990767 -0.133913 -31.0185 -0.978383 0.0070439 0.206682 237.182 
0.217357 0.138724 0.966184 -25.2898 -0.0190472 0.990264 -0.137896 -31.3225 -0.975906 0.0115696 0.217883 237.645 
0.230396 0.13696 0.96341 -23.3878 -0.0186402 0.990485 -0.136352 -31.623 -0.972918 0.0134568 0.230757 238.135 
0.248018 0.13627 0.959123 -21.4858 -0.016193 0.990502 -0.136541 -31.9181 -0.96862 0.0183336 0.247869 238.636 
0.280552 0.133032 0.950575 -18.6602 -0.0152335 0.990841 -0.134171 -32.3635 -0.959718 0.0231614 0.280009 239.454 
0.312361 0.136605 0.94009 -15.8706 -0.0204929 0.990345 -0.137098 -32.7985 -0.949742 0.0235591 0.312145 240.354 
0.340901 0.136143 0.930189 -13.111 -0.028713 0.990505 -0.134448 -33.244 -0.939661 0.019125 0.341573 241.363 
0.365268 0.131778 0.921528 -10.3864 -0.0306192 0.991095 -0.129589 -33.6775 -0.930399 0.0191184 0.366051 242.433 
0.387576 0.135546 0.911818 -7.72292 -0.0348881 0.990579 -0.132425 -34.0968 -0.921177 0.0195132 0.388654 243.601 
0.411948 0.131892 0.901612 -5.11413 -0.0377534 0.99109 -0.127731 -34.5091 -0.910425 0.0185798 0.413257 244.803 
0.436791 0.126318 0.89065 -2.55284 -0.0423909 0.991882 -0.119886 -34.9033 -0.898563 0.0146096 0.4386 246.058 
0.453109 0.124959 0.882654 -0.890494 -0.044941 0.99207 -0.117379 -35.1529 -0.890322 0.0135181 0.455131 246.934 
0.479013 0.12444 0.868942 1.5769 -0.0480556 0.992134 -0.115591 -35.5226 -0.876491 0.013612 0.481225 248.257 
0.503015 0.121512 0.855693 3.96397 -0.0496382 0.992495 -0.111758 -35.8979 -0.862851 0.0137411 0.505272 249.681 
0.518389 0.114853 0.847397 6.3576 -0.0518922 0.993338 -0.102888 -36.2447 -0.853569 0.0093629 0.520896 251.153 
0.526118 0.107445 0.843597 8.76033 -0.0521714 0.994196 -0.0940891 -36.5664 -0.84881 0.00549034 0.52867 252.68 
0.528587 0.109942 0.84173 10.3448 -0.0524045 0.993913 -0.0969106 -36.7803 -0.84726 0.00711525 0.53113 253.726 
0.532815 0.109347 0.839137 11.9548 -0.051981 0.993973 -0.0965179 -36.9834 -0.844634 0.00780703 0.535288 254.743 
0.535682 0.103465 0.838057 13.5676 -0.0492778 0.994604 -0.0912941 -37.1954 -0.842981 0.00760695 0.53789 255.776 
0.538959 0.0975395 0.836665 15.1887 -0.0487724 0.99522 -0.084606 -37.3929 -0.840919 0.00479301 0.54114 256.813 
0.539085 0.0984694 0.836475 16.7767 -0.0521688 0.995139 -0.0835259 -37.5758 -0.840634 0.0013896 0.541602 257.891 
0.539475 0.0969822 0.836398 18.392 -0.0535061 0.995285 -0.0808942 -37.7637 -0.8403 -0.00111196 0.542121 258.98 
0.540843 0.0913439 0.836149 20.0275 -0.0521153 0.995815 -0.0750768 -37.952 -0.839508 -0.00297144 0.54334 260.07 
0.542546 0.0881014 0.835393 21.6456 -0.0505405 0.996107 -0.0722269 -38.1273 -0.838504 -0.00303479 0.544886 261.173 
0.544848 0.0837097 0.834346 23.2674 -0.0494694 0.99648 -0.067672 -38.2902 -0.837074 -0.00440367 0.547071 262.277 
0.552327 0.0804432 0.829737 25.7242 -0.0501527 0.996737 -0.0632489 -38.5332 -0.832118 -0.00667955 0.554559 263.886 
0.560037 0.0737024 0.825183 27.3319 -0.0476709 0.997252 -0.0567176 -38.6872 -0.827095 -0.00757319 0.562011 264.995 
0.572123 0.0700537 0.81717 28.9126 -0.0439635 0.997533 -0.0547355 -38.8244 -0.818988 -0.00461018 0.573792 266.13 
0.583964 0.0711199 0.808658 30.4779 -0.046109 0.997453 -0.0544269 -38.9585 -0.810469 -0.00550312 0.585755 267.288 
0.596902 0.0656919 0.79962 32.0072 -0.0462912 0.997802 -0.0474177 -39.0843 -0.800977 -0.00871164 0.598631 268.465 
0.612502 0.0640994 0.787866 33.5378 -0.0443171 0.997924 -0.0467364 -39.2011 -0.789226 -0.00628985 0.614071 269.665 
0.631246 0.0620691 0.773095 35.0634 -0.0417906 0.998067 -0.0460085 -39.319 -0.774456 -0.0032654 0.63262 270.902 
0.649929 0.0580045 0.757778 36.5783 -0.0406237 0.998309 -0.041574 -39.4344 -0.758909 -0.00376363 0.651186 272.175 
0.667442 0.0560586 0.742549 38.0364 -0.0424913 0.998405 -0.0371809 -39.5447 -0.743448 -0.00673572 0.668759 273.528 
0.685216 0.0503483 0.726597 39.5045 -0.0425508 0.998671 -0.0290736 -39.6457 -0.727096 -0.0109956 0.686448 274.913 
0.70159 0.0424699 0.711314 40.9133 -0.0395997 0.999003 -0.0205884 -39.7205 -0.711479 -0.0137232 0.702573 276.374 
0.72053 0.0379686 0.692384 42.3382 -0.0341306 0.999231 -0.0192772 -39.7874 -0.692584 -0.00974168 0.721272 277.854 
0.739489 0.0327312 0.672373 43.7259 -0.0326015 0.999387 -0.0127946 -39.8577 -0.672379 -0.0124589 0.740102 279.395 
0.758305 0.0296193 0.651226 45.0908 -0.0314922 0.999465 -0.00878772 -39.9095 -0.651138 -0.0138448 0.758833 280.977 
0.776019 0.0265018 0.630152 46.422 -0.0304459 0.999526 -0.0045427 -39.9618 -0.629974 -0.0156603 0.776458 282.615 
0.790454 0.0289314 0.611837 47.7089 -0.0346738 0.999396 -0.00246121 -40.0071 -0.611539 -0.0192692 0.79098 284.303 
0.801143 0.0343886 0.597485 48.9503 -0.041588 0.999133 -0.00174211 -40.0474 -0.597027 -0.0234525 0.801878 286.044 
0.812488 0.0370029 0.581803 50.2024 -0.045561 0.998962 9.15135e-05 -40.0781 -0.581195 -0.0265818 0.81333 287.806 
0.821733 0.0403071 0.568445 51.4121 -0.0536884 0.998535 0.00680723 -40.1028 -0.567338 -0.0361127 0.822693 289.624 
0.829354 0.0458914 0.556835 52.6212 -0.0625345 0.997983 0.0108908 -40.1221 -0.555213 -0.0438538 0.830551 291.464 
0.833629 0.0529826 0.549777 53.8198 -0.0686758 0.997607 0.00799284 -40.1427 -0.548038 -0.0444194 0.835273 293.331 
0.835347 0.0631748 0.546081 55.0059 -0.0738242 0.997268 -0.00244196 -40.1599 -0.544744 -0.0382741 0.837729 295.207 
0.836645 0.0617166 0.544258 56.2051 -0.0729604 0.997334 -0.00093731 -40.1971 -0.542865 -0.0389251 0.838917 297.105 
0.837297 0.0611725 0.543316 57.4097 -0.0725921 0.997362 -0.000423341 -40.2429 -0.541908 -0.039086 0.839528 299.013 
0.837183 0.0632125 0.543258 58.5794 -0.0737086 0.997277 -0.00245338 -40.2847 -0.541934 -0.0379889 0.839562 300.949 
0.839426 0.0618114 0.539947 59.7921 -0.0717635 0.997418 -0.00261441 -40.3282 -0.538714 -0.0365539 0.841695 302.875 
0.845987 0.0595508 0.529867 61.0253 -0.0698222 0.997559 -0.000635537 -40.375 -0.528612 -0.0364589 0.84808 304.799 
0.856267 0.0574254 0.513332 62.2046 -0.0673649 0.997728 0.000754786 -40.4122 -0.512122 -0.0352268 0.85819 306.763 
0.868604 0.0589885 0.491984 63.3272 -0.0691093 0.997606 0.00240117 -40.4542 -0.490664 -0.0360863 0.870601 308.752 
0.880767 0.0599027 0.469747 64.3819 -0.0714062 0.997425 0.00669244 -40.4929 -0.468136 -0.0394373 0.882776 310.769 
0.892757 0.0581274 0.446772 65.3905 -0.0701122 0.997486 0.0103228 -40.5246 -0.445049 -0.0405399 0.894588 312.792 
0.904893 0.0579678 0.421673 66.3406 -0.06975 0.997485 0.0125553 -40.536 -0.419885 -0.0407729 0.906661 314.827 
0.915493 0.0645744 0.397118 67.2251 -0.0757569 0.997048 0.012518 -40.5579 -0.395138 -0.0415446 0.917682 316.878 
0.922746 0.0742703 0.378186 68.0321 -0.0857988 0.996218 0.0136997 -40.5675 -0.375738 -0.0450893 0.925628 318.955 
0.927394 0.0763003 0.366221 68.8226 -0.0876265 0.99605 0.0143778 -40.5785 -0.363677 -0.0454245 0.930417 321.028 
0.93097 0.074195 0.357477 69.601 -0.0848294 0.996295 0.0141365 -40.583 -0.355104 -0.0434852 0.933815 323.106 
0.935089 0.0709377 0.347242 70.3626 -0.0803786 0.996682 0.0128407 -40.5894 -0.345179 -0.039918 0.937688 325.181 
0.93876 0.072646 0.336827 71.1015 -0.0806882 0.99669 0.00992003 -40.6046 -0.334991 -0.0364905 0.941514 327.253 
0.942877 0.0746654 0.324667 71.7823 -0.0827884 0.996504 0.0112576 -40.6143 -0.322691 -0.0374932 0.945762 329.34 
0.946634 0.0767584 0.313037 72.4354 -0.0866269 0.996083 0.0177175 -40.6214 -0.31045 -0.0438894 0.949576 331.442 
0.949655 0.0766009 0.303789 73.0528 -0.0846204 0.996324 0.0133014 -40.6269 -0.301654 -0.0383385 0.952646 333.524 
0.952029 0.0720547 0.297405 73.708 -0.0794087 0.996761 0.0127033 -40.6437 -0.295526 -0.0357105 0.954667 335.586 
0.949426 0.07869 0.30397 74.3183 -0.0874341 0.996054 0.0152408 -40.6662 -0.301571 -0.0410473 0.95256 337.63 
0.941799 0.0855727 0.325104 74.9653 -0.0955573 0.995313 0.0148388 -40.6836 -0.32231 -0.0450412 0.945562 339.604 
0.934607 0.0837406 0.345685 75.6238 -0.0948146 0.995379 0.0152181 -40.7137 -0.342813 -0.0469989 0.938227 341.509 
0.93024 0.0802614 0.358066 76.3102 -0.0912279 0.995734 0.0138098 -40.7333 -0.35543 -0.0455121 0.933594 343.334 
0.929308 0.0785697 0.36085 76.9805 -0.0879747 0.996076 0.00968336 -40.7576 -0.358673 -0.0407445 0.932573 345.117 
0.931324 0.0742563 0.356542 77.3376 -0.0828498 0.996523 0.00886833 -40.7643 -0.354644 -0.0377988 0.934237 345.992 
0.937558 0.0681986 0.341077 77.9761 -0.0758784 0.997075 0.00920999 -40.7976 -0.339451 -0.0345153 0.93999 347.768 
0.946427 0.0646737 0.316376 78.564 -0.0715286 0.997388 0.0100889 -40.812 -0.314897 -0.0321783 0.94858 349.553 
0.958095 0.0577016 0.28058 79.0987 -0.0637065 0.997893 0.0123204 -40.8263 -0.279278 -0.0296789 0.959752 351.332 
0.969938 0.0546811 0.237128 79.5404 -0.0592676 0.998167 0.012251 -40.835 -0.236023 -0.0259367 0.971401 353.118 
0.980468 0.0584132 0.187805 79.8567 -0.0617973 0.998014 0.0122098 -40.8478 -0.186719 -0.0235772 0.98213 354.945 
0.989462 0.0615519 0.131058 80.1064 -0.0635295 0.99792 0.0109584 -40.8497 -0.130111 -0.019169 0.991314 356.764 
0.995661 0.0607095 0.0705262 80.2312 -0.0619148 0.997968 0.0150288 -40.8599 -0.0694705 -0.0193302 0.997397 358.596 
0.997981 0.0629549 0.00840305 80.2636 -0.0630764 0.997895 0.015079 -40.8518 -0.00743606 -0.0155786 0.999851 360.42 
0.996662 0.0671608 -0.0464176 80.1803 -0.0665888 0.997686 0.0137641 -40.8463 0.0472346 -0.0106273 0.998827 362.266 
0.993646 0.0747871 -0.0841134 79.9878 -0.073451 0.99712 0.0188728 -40.8258 0.0852826 -0.0125747 0.996277 364.132 
0.991386 0.0851897 -0.0994862 79.7506 -0.0830894 0.996227 0.0250741 -40.8067 0.101247 -0.0165918 0.994723 366.01 
0.990732 0.0904361 -0.101353 79.3964 -0.0896901 0.995899 0.0119026 -40.778 0.102013 -0.00270195 0.994779 368.853 
0.991453 0.0890942 -0.0953029 79.1922 -0.0883154 0.996016 0.0123668 -40.7816 0.0960251 -0.00384442 0.995371 370.818 
0.992307 0.0840955 -0.0908537 79.0014 -0.0839818 0.996454 0.00508065 -40.7846 0.0909589 0.0025885 0.995851 372.815 
0.993052 0.0792148 -0.0870233 78.7325 -0.0796068 0.996826 -0.00103821 -40.8177 0.0866649 0.00795865 0.996206 375.905 
0.992844 0.0823925 -0.0864425 78.5403 -0.082491 0.996589 0.00243807 -40.8423 0.0863486 0.00471011 0.996254 378.028 
0.992413 0.0871653 -0.0867118 78.3276 -0.0873008 0.996179 0.00223591 -40.8602 0.0865754 0.00535106 0.996231 380.19 
0.992187 0.0882523 -0.0881846 78.1021 -0.0886322 0.996064 -0.000394268 -40.8715 0.0878028 0.00820718 0.996104 382.377 
0.991953 0.0849824 -0.0938488 77.9049 -0.0858403 0.996296 -0.00513529 -40.9139 0.0930647 0.01315 0.995573 384.599 
0.991564 0.0732933 -0.106908 77.6961 -0.0739773 0.997257 -0.00244084 -40.9607 0.106436 0.010329 0.994266 386.832 
0.989888 0.0637595 -0.126714 77.4335 -0.0646115 0.997907 -0.00262031 -41.0022 0.126281 0.010781 0.991936 389.057 
0.987328 0.0597004 -0.147036 77.1479 -0.0609955 0.998129 -0.00431119 -41.0449 0.146503 0.0132251 0.989122 391.284 
0.984309 0.0570015 -0.166994 76.8103 -0.0582106 0.998302 -0.00235079 -41.0914 0.166576 0.0120347 0.985955 393.504 
0.981151 0.0557294 -0.185033 76.3936 -0.0572797 0.998354 -0.00303945 -41.1326 0.184559 0.0135808 0.982728 395.7 
0.977915 0.05533 -0.201545 75.9233 -0.0575907 0.998326 -0.00536593 -41.1789 0.200911 0.0168546 0.979464 397.866 
0.974798 0.0560604 -0.215929 75.4467 -0.0586749 0.998261 -0.00571162 -41.2204 0.215233 0.0182373 0.976392 400.023 
0.972481 0.050545 -0.227435 74.9417 -0.0537978 0.998519 -0.00812183 -41.2654 0.226688 0.0201338 0.973759 402.157 
0.970238 0.0404732 -0.238746 74.4246 -0.0459757 0.998789 -0.0175214 -41.3237 0.237748 0.0279765 0.970924 404.282 
0.967726 0.035798 -0.249447 73.8735 -0.0407116 0.999065 -0.014565 -41.3866 0.248693 0.0242504 0.968279 406.405 
0.965615 0.0348604 -0.257629 73.3141 -0.0398307 0.999107 -0.0140971 -41.4528 0.256908 0.0238739 0.966141 408.539 
0.964119 0.0347533 -0.263185 72.713 -0.0390814 0.999173 -0.011226 -41.511 0.262577 0.0211089 0.96468 410.662 
0.963448 0.0310577 -0.266088 72.1254 -0.0336802 0.999419 -0.00529701 -41.5672 0.265768 0.0140653 0.963934 412.803 
0.963216 0.0215716 -0.267861 71.5225 -0.0235033 0.999716 -0.00400703 -41.6081 0.267698 0.0101553 0.963449 414.938 
0.96288 0.0155838 -0.269481 70.9124 -0.0175135 0.999835 -0.00475792 -41.649 0.269363 0.00930085 0.962994 417.079 
0.96219 0.0127782 -0.272079 70.3059 -0.0143357 0.99989 -0.00373753 -41.6956 0.272001 0.00749667 0.962268 419.238 
0.961551 0.0169378 -0.274105 69.6663 -0.0174079 0.999848 0.000717471 -41.7435 0.274076 0.00408171 0.961699 421.392 
0.961083 0.0220847 -0.275377 69.0533 -0.0213652 0.999756 0.00561258 -41.773 0.275434 0.000489328 0.96132 423.546 
0.961735 0.0241247 -0.272918 68.404 -0.0227831 0.999708 0.00808455 -41.788 0.273034 -0.00155727 0.962003 425.675 
0.962758 0.0252317 -0.269183 67.7717 -0.0227693 0.999665 0.0122666 -41.798 0.269403 -0.00568065 0.963011 427.815 
0.963465 0.0287756 -0.266284 67.1664 -0.025219 0.999541 0.016767 -41.8004 0.266644 -0.00943896 0.963749 429.937 
0.964689 0.0308513 -0.261579 66.2602 -0.0271369 0.999473 0.0178009 -41.8055 0.261991 -0.0100739 0.965018 433.108 
0.965782 0.0271321 -0.257933 65.3743 -0.0212401 0.999447 0.0256026 -41.8002 0.258485 -0.019248 0.965824 436.254 
0.966654 0.0216189 -0.255173 64.566 -0.0153477 0.99953 0.026542 -41.7572 0.255627 -0.0217406 0.966531 439.37 
0.966978 0.0148936 -0.254424 64.0113 -0.00823876 0.999596 0.0272023 -41.7359 0.254726 -0.0242079 0.96671 441.418 
0.966933 0.0128608 -0.254706 63.4923 -0.00625176 0.999623 0.0267403 -41.726 0.254954 -0.0242637 0.966649 443.447 
0.966477 0.013197 -0.256415 62.7234 -0.0052088 0.99948 0.0318078 -41.7046 0.256701 -0.0294059 0.966043 446.463 
0.966399 0.0124554 -0.256746 62.182 -0.00473357 0.999518 0.0306718 -41.6735 0.257005 -0.0284258 0.965992 448.421 
0.965928 0.0117547 -0.258544 61.4032 -0.00293561 0.999401 0.0344704 -41.6298 0.258794 -0.032537 0.965384 451.339 
0.965561 0.0144906 -0.259771 60.6382 -0.00552811 0.999365 0.035199 -41.5801 0.260116 -0.0325507 0.965028 454.193 
0.965634 0.0189821 -0.259212 59.8661 -0.00875798 0.999139 0.0405411 -41.5187 0.259758 -0.0368777 0.964969 457.022 
0.965432 0.020434 -0.259852 59.3592 -0.00854493 0.998868 0.0468009 -41.4712 0.260514 -0.0429627 0.964514 458.88 
0.964447 0.0203906 -0.263488 58.8575 -0.00621973 0.998494 0.0545046 -41.4268 0.264203 -0.050928 0.963122 460.732 
0.963421 0.0177997 -0.267402 58.3597 -0.00229961 0.998304 0.0581672 -41.3521 0.267984 -0.0554246 0.961828 462.566 
0.962677 0.0167399 -0.270136 57.8215 -0.000502778 0.998194 0.0600647 -41.2795 0.270654 -0.057687 0.960947 464.369 
0.961957 0.0143859 -0.272822 57.3552 0.00250937 0.998105 0.0614781 -41.2194 0.27319 -0.0598239 0.960098 466.156 
0.962364 0.014058 -0.271402 56.8552 0.00288237 0.998077 0.0619187 -41.1507 0.27175 -0.0603706 0.960472 467.906 
0.962486 0.00700928 -0.271239 56.1851 0.0105312 0.997948 0.0631583 -41.0252 0.271125 -0.0636454 0.960438 470.485 
0.964342 0.00580338 -0.264596 55.3795 0.00994641 0.998259 0.0581452 -40.9316 0.264473 -0.0587037 0.962605 472.887 
0.965863 0.00643036 -0.258972 54.6494 0.00857202 0.998351 0.0567596 -40.871 0.25891 -0.0570419 0.964216 475.208 
0.968111 0.00500605 -0.250473 53.9974 0.00892167 0.998477 0.0544394 -40.7895 0.250364 -0.054938 0.966592 477.509 
0.973714 0.00661784 -0.227677 53.4136 0.00576111 0.998542 0.0536632 -40.7197 0.2277 -0.0535643 0.972257 479.821 
0.982881 0.0130516 -0.183777 52.9063 -0.000626929 0.997719 0.0675035 -40.6229 0.184239 -0.0662327 0.980647 482.149 
0.992461 0.0172813 -0.121339 52.5772 -0.00862957 0.997406 0.0714689 -40.5057 0.12226 -0.0698829 0.990035 484.499 
0.997429 0.0158474 -0.0698896 52.4595 -0.0107033 0.997247 0.0733729 -40.4204 0.07086 -0.0724362 0.994853 486.07 
0.999798 0.0136963 -0.0146774 52.4035 -0.0126733 0.997628 0.0676611 -40.3338 0.0155693 -0.0674614 0.9976 487.654 
0.999238 0.0100393 0.0377131 52.466 -0.0125266 0.997721 0.0663068 -40.2601 -0.0369615 -0.0667287 0.997086 489.213 
0.995895 0.00494942 0.0903774 52.5971 -0.0111109 0.997637 0.0677997 -40.192 -0.0898283 -0.0685256 0.993597 490.796 
0.990211 -0.00117903 0.139576 52.827 -0.00839805 0.99765 0.0680065 -40.1154 -0.139328 -0.068513 0.987873 492.38 
0.98218 -0.00720677 0.187802 53.1482 -0.00553725 0.997721 0.067246 -40.0481 -0.187859 -0.0670876 0.979902 493.967 
0.972115 -0.0103612 0.234277 53.5396 -0.00482148 0.997929 0.064141 -39.9843 -0.234456 -0.063482 0.970052 495.538 
0.960968 -0.012265 0.276387 53.9491 -0.00474943 0.998138 0.0608069 -39.9071 -0.276619 -0.0597462 0.959121 497.117 
0.949613 -0.0122263 0.313186 54.4613 -0.00640685 0.998273 0.0583974 -39.8263 -0.313359 -0.0574615 0.947895 498.707 
0.937562 -0.0134554 0.347557 55.0375 -0.00683838 0.998345 0.0570973 -39.7632 -0.34775 -0.055909 0.935919 500.291 
0.924439 -0.0161945 0.380985 55.705 -0.00571443 0.998397 0.0563046 -39.6964 -0.381287 -0.0542273 0.922865 501.845 
0.910008 -0.0221194 0.414001 56.4175 -0.00256108 0.998257 0.0589647 -39.6287 -0.414583 -0.0547186 0.908365 503.402 
0.894298 -0.0221757 0.446923 57.1698 -0.00301142 0.99845 0.0555676 -39.5559 -0.447463 -0.0510398 0.892845 504.955 
0.877363 -0.0193706 0.479435 57.9752 -0.00490512 0.998771 0.0493297 -39.4915 -0.479802 -0.0456317 0.87619 506.492 
0.846036 -0.0168116 0.53286 59.3297 -0.0110486 0.998735 0.049052 -39.4137 -0.533011 -0.0473871 0.84478 508.738 
0.804133 -0.0194525 0.594132 60.8819 -0.0148364 0.998496 0.0527722 -39.3466 -0.594265 -0.0512506 0.802635 510.933 
0.753029 -0.0245003 0.657531 62.599 -0.0119996 0.998629 0.0509524 -39.2598 -0.657878 -0.0462587 0.751702 512.937 
0.700462 -0.0337383 0.712892 64.4274 -0.00502189 0.998624 0.0521953 -39.1735 -0.713672 -0.0401409 0.699329 514.779 
0.669163 -0.03516 0.742284 65.7197 -0.00274721 0.998756 0.049785 -39.1196 -0.743111 -0.0353534 0.668234 515.931 
0.640876 -0.0410266 0.766547 67.0802 -0.00114694 0.998519 0.0544009 -39.0625 -0.767644 -0.0357434 0.639879 517.028 
0.610593 -0.0387043 0.790998 68.4433 -0.0038404 0.998649 0.0518293 -39.0098 -0.791935 -0.0346844 0.609619 518.113 
0.578986 -0.0430757 0.814199 69.8786 -0.00183874 0.998532 0.0541354 -38.9308 -0.815336 -0.0328408 0.578057 519.143 
0.544083 -0.0491782 0.837589 71.3631 -0.00568931 0.998042 0.0622948 -38.8632 -0.839012 -0.0386588 0.542738 520.134 
0.483864 -0.0512488 0.873641 73.7048 -0.00336217 0.998168 0.0604158 -38.7601 -0.875137 -0.0321703 0.482805 521.481 
0.417426 -0.0576223 0.906882 76.1619 0.00537126 0.998127 0.0609475 -38.6419 -0.908695 -0.02057 0.416954 522.649 
0.346581 -0.0590524 0.936159 78.7564 0.00524274 0.998123 0.0610201 -38.526 -0.938005 -0.0162404 0.34624 523.665 
0.271197 -0.0551823 0.960941 81.4577 -0.00177367 0.998325 0.0578297 -38.4181 -0.962522 -0.0173877 0.270645 524.52 
0.191645 -0.0573688 0.979786 84.2627 -0.00298049 0.998252 0.0590329 -38.3067 -0.98146 -0.0142336 0.191139 525.181 
0.139922 -0.0589687 0.988405 86.1954 0.000508326 0.998229 0.0594829 -38.2308 -0.990162 -0.00782053 0.139704 525.453 
0.0852887 -0.058453 0.99464 88.1479 -0.000433546 0.998275 0.0587038 -38.1578 -0.996356 -0.00543799 0.0851162 525.731 
0.0326951 -0.057376 0.997817 90.1446 -0.00202849 0.998345 0.0574728 -38.0749 -0.999463 -0.00390314 0.0325246 525.853 
-0.0200998 -0.0618901 0.997881 92.1678 -0.00629039 0.99807 0.0617751 -37.9899 -0.999778 -0.00503539 -0.0204503 525.901 
-0.0691108 -0.0627263 0.995635 94.2153 -0.0102302 0.998013 0.0621661 -37.903 -0.997557 -0.00588924 -0.0696152 525.803 
-0.119114 -0.0599445 0.991069 96.2784 -0.0116704 0.998191 0.0589726 -37.8198 -0.992812 -0.00454174 -0.119598 525.589 
-0.16705 -0.0593694 0.984159 98.3528 -0.0101024 0.998236 0.0585038 -37.738 -0.985897 -0.000169336 -0.167355 525.246 
-0.212934 -0.0594097 0.975259 100.44 -0.00573677 0.998209 0.0595552 -37.661 -0.97705 0.00708649 -0.212893 524.838 
-0.254622 -0.0553921 0.965453 102.5 -0.00717103 0.998439 0.0553934 -37.5859 -0.967014 0.00718109 -0.254622 524.346 
-0.295053 -0.0538049 0.953965 104.58 -0.00922146 0.998527 0.0534661 -37.5062 -0.955436 0.0069784 -0.295115 523.739 
-0.356965 -0.0493171 0.932815 107.69 -0.0151371 0.99878 0.047012 -37.4075 -0.933995 0.00266157 -0.357276 522.708 
-0.395387 -0.0513966 0.917075 109.745 -0.0177347 0.998674 0.0483236 -37.3428 -0.918343 0.00284245 -0.395775 521.882 
-0.425997 -0.0534269 0.903146 111.786 -0.017187 0.998553 0.0509641 -37.2766 -0.904561 0.0061882 -0.426299 520.968 
-0.44536 -0.0474504 0.894093 113.807 -0.0101669 0.998798 0.0479429 -37.2052 -0.895294 0.0122617 -0.445307 519.979 
-0.459142 -0.0434198 0.887301 116.833 0.00416092 0.998689 0.0510236 -37.099 -0.888353 0.0271191 -0.458359 518.421 
-0.463521 -0.0477702 0.884797 119.936 0.00543405 0.998374 0.0567489 -36.9959 -0.886069 0.0311123 -0.462507 516.818 
-0.465469 -0.0550624 0.88335 122.019 0.00220757 0.997988 0.0633715 -36.8965 -0.885061 0.0314476 -0.464411 515.728 
-0.467953 -0.0493998 0.882371 125.191 0.00659586 0.998213 0.0593833 -36.7443 -0.883729 0.0336086 -0.466791 514.069 
-0.470355 -0.0478859 0.881177 127.23 0.0076554 0.998268 0.0583353 -36.6499 -0.882444 0.034184 -0.469173 512.989 
-0.472703 -0.0521097 0.87968 129.397 0.00622621 0.998028 0.0624659 -36.5418 -0.8812 0.0350049 -0.471446 511.878 
-0.475085 -0.0553488 0.878198 131.577 0.00539263 0.997818 0.0658052 -36.4347 -0.879924 0.0359988 -0.47375 510.731 
-0.476449 -0.0557126 0.877435 133.765 0.00468466 0.997815 0.0658999 -36.3122 -0.87919 0.0355084 -0.475147 509.563 
-0.477649 -0.0500529 0.877124 135.966 0.00960565 0.998019 0.0621826 -36.204 -0.878498 0.0381268 -0.476222 508.373 
-0.476812 -0.0527716 0.87742 138.199 0.00938256 0.997834 0.0651125 -36.0924 -0.878955 0.0392789 -0.475284 507.16 
-0.476535 -0.050394 0.87771 140.444 0.00668304 0.998119 0.0609358 -35.9769 -0.87913 0.0349038 -0.475302 505.949 
-0.475914 -0.0443677 0.878372 142.726 0.00655102 0.99852 0.053986 -35.8672 -0.879467 0.0314469 -0.474919 504.737 
-0.476664 -0.0487248 0.877734 145.051 0.00798916 0.998181 0.0597496 -35.7492 -0.879049 0.0354929 -0.475408 503.509 
-0.477 -0.0489987 0.877536 147.394 0.00545374 0.998261 0.058704 -35.6372 -0.878886 0.0327877 -0.475903 502.258 
-0.477454 -0.0513366 0.877156 149.752 0.00288762 0.998195 0.0599924 -35.5259 -0.878652 0.0311765 -0.476443 500.995 
-0.477905 -0.0493358 0.877025 152.142 0.0041669 0.998283 0.0584276 -35.4081 -0.878402 0.0315773 -0.476879 499.71 
-0.478593 -0.0485161 0.876695 154.554 0.00500232 0.998305 0.0579767 -35.3024 -0.878022 0.0321328 -0.47754 498.409 
-0.479236 -0.0510396 0.876201 156.994 0.00525755 0.998123 0.0610173 -35.2009 -0.87767 0.0338483 -0.478068 497.102 
-0.479913 -0.0518113 0.875785 159.465 -0.00215896 0.998321 0.0578775 -35.0901 -0.877313 0.0258854 -0.479219 495.798 
