1 1.19763e-11 1.70464e-10 5.55111e-17 1.19763e-11 1 3.5625e-10 0 1.70464e-10 3.5625e-10 1 2.22045e-16 
0.999814 -0.00516771 0.018566 0.0387903 0.00514125 0.999986 0.00147307 -0.0151378 -0.0185733 -0.00137735 0.999827 0.580734 
0.999775 -0.00946307 0.0189937 0.0651508 0.00949635 0.999954 -0.00166256 -0.0247415 -0.018977 0.00184255 0.999818 1.18521 
0.999901 -0.0140506 0.000504162 0.0697684 0.014053 0.999888 -0.00509479 -0.0344022 -0.00043252 0.00510137 0.999987 1.82433 
0.99936 -0.00884888 -0.0346539 0.0349382 0.00867917 0.99995 -0.00504468 -0.05404 0.0346968 0.00474069 0.999387 2.51677 
0.99852 -0.00519683 -0.0541452 0.00341514 0.004866 0.999969 -0.00623997 -0.0630497 0.0541759 0.00596726 0.998514 2.87551 
0.997237 -0.00450796 -0.0741536 -0.030863 0.00401261 0.999969 -0.0068277 -0.0708538 0.0741821 0.00651129 0.997224 3.24715 
0.995456 -0.0059497 -0.0950316 -0.0713028 0.00537901 0.999966 -0.00626034 -0.0774298 0.0950656 0.00572072 0.995455 3.63071 
0.991085 -0.00626009 -0.133084 -0.193124 0.00565728 0.999972 -0.00490715 -0.0948039 0.133111 0.00411051 0.991093 4.41836 
0.986685 -0.00375923 -0.1626 -0.355562 0.0031539 0.999987 -0.00398076 -0.113755 0.162613 0.00341493 0.986684 5.24872 
0.982722 -0.00843207 -0.184895 -0.52767 0.00728958 0.99995 -0.00685808 -0.13162 0.184944 0.00539178 0.982734 6.12782 
0.97974 -0.00723613 -0.200145 -0.727014 0.00521548 0.99993 -0.0106213 -0.14955 0.200208 0.00936229 0.979709 7.05753 
0.976306 -0.0114973 -0.216088 -0.941959 0.00848762 0.999854 -0.0148511 -0.172982 0.216227 0.0126651 0.976261 8.04159 
0.974445 -0.0179421 -0.22391 -1.05287 0.014605 0.999756 -0.0165511 -0.187051 0.224152 0.0128579 0.974469 8.55498 
0.970381 -0.0147765 -0.241127 -1.31795 0.00962766 0.9997 -0.0225173 -0.21944 0.241388 0.0195289 0.970232 9.60761 
0.968217 -0.0117573 -0.249833 -1.46151 0.00541003 0.999645 -0.0260775 -0.243439 0.250051 0.0238971 0.967938 10.149 
0.965998 -0.013826 -0.258178 -1.60092 0.00693571 0.999595 -0.0275799 -0.273656 0.258454 0.0248515 0.965704 10.6997 
0.961395 -0.0166012 -0.274673 -1.9029 0.00799167 0.999442 -0.0324343 -0.327927 0.275058 0.028987 0.960991 11.8293 
0.956795 -0.0164272 -0.290299 -2.24733 0.00478174 0.999157 -0.0407793 -0.386295 0.290724 0.0376293 0.956067 13.0013 
0.954999 -0.017963 -0.296066 -2.43094 0.00386345 0.998833 -0.0481395 -0.414923 0.296585 0.0448293 0.953954 13.6035 
0.95371 -0.0184829 -0.300158 -2.62093 0.00161928 0.998411 -0.0563342 -0.442032 0.300723 0.0532405 0.952225 14.2169 
0.951174 -0.0179842 -0.308132 -3.02473 -0.00504506 0.997262 -0.0737789 -0.519018 0.308615 0.071731 0.948478 15.4771 
0.948193 -0.0153812 -0.317321 -3.47158 -0.0130072 0.99611 -0.0871505 -0.630815 0.317428 0.086763 0.944305 16.7949 
0.944906 -0.012224 -0.327113 -3.95102 -0.0211499 0.994935 -0.098274 -0.769005 0.326657 0.0997781 0.939861 18.1139 
0.941412 -0.0080758 -0.33716 -4.46663 -0.0282631 0.994308 -0.102732 -0.923399 0.336071 0.106242 0.935825 19.4975 
0.936868 -0.0075193 -0.349602 -5.00232 -0.0294695 0.994514 -0.100363 -1.09105 0.348439 0.10433 0.931507 20.9243 
0.931099 -0.00694884 -0.364699 -5.57559 -0.0300374 0.994962 -0.0956449 -1.26005 0.363527 0.10001 0.9262 22.3896 
0.927739 -0.00507723 -0.373195 -5.89573 -0.0307004 0.995481 -0.0898626 -1.35312 0.371964 0.0948263 0.923391 23.1412 
0.924286 -0.00152434 -0.381697 -6.21501 -0.0331749 0.995887 -0.0843108 -1.43896 0.380255 0.0905901 0.920434 23.8785 
0.916801 0.00348662 -0.39933 -6.89367 -0.0379648 0.996194 -0.0784635 -1.60697 0.397536 0.0870958 0.913444 25.3849 
0.908864 0.00326854 -0.417081 -7.60633 -0.0387532 0.996305 -0.0766397 -1.76197 0.415289 0.0858182 0.905632 26.9144 
0.904883 0.00460814 -0.425635 -7.98219 -0.0402168 0.996394 -0.0747117 -1.83986 0.423756 0.084723 0.901805 27.6887 
0.901122 0.00356121 -0.433551 -8.36227 -0.0388233 0.996612 -0.0725067 -1.91576 0.431824 0.0821693 0.898207 28.4691 
0.893453 0.00628626 -0.449113 -9.16441 -0.0386365 0.997271 -0.0629036 -2.06021 0.447492 0.0735536 0.891258 30.0597 
0.885829 0.00584929 -0.463975 -10.0071 -0.0361449 0.997752 -0.0564299 -2.19645 0.462602 0.0667576 0.884049 31.675 
0.882564 0.00476447 -0.470168 -10.4443 -0.034988 0.997842 -0.0555652 -2.25826 0.468888 0.06549 0.880826 32.4921 
0.879358 0.00539833 -0.476131 -10.895 -0.0352284 0.997933 -0.0537483 -2.31948 0.474857 0.0640373 0.87773 33.317 
0.876405 0.0044446 -0.481554 -11.3541 -0.0336562 0.998078 -0.0520406 -2.38108 0.480397 0.0618159 0.87487 34.1521 
0.871601 0.00216716 -0.490212 -12.3023 -0.0319671 0.998113 -0.0524253 -2.50533 0.489173 0.0613646 0.870025 35.8444 
0.869749 0.00252515 -0.493488 -13.2883 -0.0322997 0.998134 -0.0518192 -2.63809 0.492437 0.0610092 0.868207 37.6162 
0.869414 0.00187386 -0.49408 -14.2895 -0.0303751 0.998304 -0.0496637 -2.77514 0.493149 0.058186 0.867997 39.4271 
0.868773 1.96643e-05 -0.49521 -14.808 -0.0285815 0.998335 -0.0501023 -2.84176 0.494385 0.0576814 0.867327 40.3431 
0.867693 -0.00258007 -0.497094 -15.3346 -0.0261242 0.998368 -0.0507824 -2.90914 0.496414 0.0570497 0.866209 41.2652 
0.864027 -0.00213553 -0.503441 -16.4055 -0.0236476 0.998715 -0.0448213 -3.04362 0.50289 0.050632 0.862866 43.1146 
0.857317 -0.00232274 -0.514784 -17.4925 -0.020298 0.99906 -0.038312 -3.17307 0.514389 0.0432946 0.856464 44.9497 
0.852081 -0.00580495 -0.523377 -18.0467 -0.0181624 0.999008 -0.0406495 -3.23564 0.523094 0.0441424 0.851131 45.8569 
0.845979 -0.00982191 -0.533125 -18.6194 -0.0161719 0.998898 -0.0440651 -3.29854 0.53297 0.0458998 0.844888 46.7661 
0.839803 -0.0103353 -0.542793 -19.2123 -0.0160177 0.998912 -0.0438028 -3.35651 0.542655 0.04548 0.838724 47.6623 
0.828712 -0.00160584 -0.559674 -20.4338 -0.0205063 0.999237 -0.0332308 -3.46527 0.5593 0.0390155 0.828047 49.4334 
0.820883 -0.00430657 -0.57108 -21.6751 -0.0222318 0.998973 -0.0394898 -3.57473 0.570664 0.0451126 0.819944 51.1581 
0.817964 -0.00641238 -0.575233 -22.2986 -0.0249715 0.998599 -0.0466406 -3.63503 0.574727 0.0525148 0.816659 52.0118 
0.81458 -0.00693314 -0.580009 -22.9253 -0.0249219 0.998587 -0.0469375 -3.69662 0.579515 0.0526893 0.813257 52.8739 
0.811107 -0.00617406 -0.584865 -23.5601 -0.0243609 0.99872 -0.0443273 -3.76156 0.58439 0.050202 0.809919 53.7342 
0.807862 -0.00279969 -0.589364 -24.2013 -0.0243917 0.998973 -0.03818 -3.82252 0.588866 0.0452197 0.806965 54.5969 
0.804763 -0.00107241 -0.593595 -24.8457 -0.0245564 0.999082 -0.0350972 -3.8757 0.593088 0.0428215 0.803998 55.4567 
0.80164 -0.000716807 -0.597807 -25.4948 -0.0255765 0.999043 -0.0354952 -3.92143 0.59726 0.0437442 0.800854 56.3134 
0.798095 -0.00190662 -0.602529 -26.1483 -0.0256941 0.998978 -0.0371949 -3.97158 0.601984 0.0451665 0.79723 57.1703 
0.794043 -0.00449012 -0.607845 -26.809 -0.0246916 0.998909 -0.0396343 -4.0193 0.607359 0.04648 0.793066 58.0151 
0.789638 -0.00588399 -0.613545 -27.4825 -0.0238154 0.998907 -0.0402303 -4.07062 0.613111 0.0463792 0.788634 58.8646 
0.785123 -0.00569829 -0.619313 -28.1597 -0.0235569 0.998959 -0.0390552 -4.12609 0.618891 0.0452522 0.784172 59.6958 
0.780153 -0.00523078 -0.625567 -28.845 -0.0239325 0.998984 -0.0381997 -4.18729 0.625131 0.0447729 0.779235 60.5311 
0.774757 -0.0065275 -0.632225 -29.5412 -0.0236716 0.998946 -0.039322 -4.24826 0.631815 0.0454308 0.773787 61.3609 
0.763546 -0.00912752 -0.645688 -30.9578 -0.0227302 0.998901 -0.0409997 -4.36913 0.645353 0.0459818 0.762499 63.0178 
0.757811 -0.0105098 -0.65239 -31.6783 -0.0222484 0.998873 -0.0419351 -4.43169 0.652095 0.0462935 0.756722 63.8405 
0.751598 -0.0125318 -0.659502 -32.4174 -0.0214244 0.998828 -0.0433958 -4.49539 0.659273 0.0467456 0.750449 64.6696 
0.739035 -0.0135369 -0.673531 -33.9024 -0.0196637 0.998939 -0.0416532 -4.62179 0.67338 0.0440272 0.737985 66.2939 
0.732543 -0.013498 -0.680587 -34.6737 -0.019273 0.998991 -0.0405571 -4.69083 0.680448 0.0428267 0.731544 67.0945 
0.726076 -0.015436 -0.687442 -35.4526 -0.017872 0.998987 -0.0413079 -4.75947 0.687383 0.0422787 0.725064 67.891 
0.713385 -0.0164426 -0.70058 -37.0546 -0.019198 0.998891 -0.0429928 -4.90623 0.700509 0.0441201 0.712278 69.473 
0.707877 -0.0155886 -0.706164 -37.8752 -0.0197217 0.99893 -0.041821 -4.98138 0.706061 0.0435309 0.706812 70.262 
0.702843 -0.0150363 -0.711187 -38.6925 -0.0208797 0.99891 -0.0417542 -5.05786 0.711039 0.044196 0.701762 71.0526 
0.692649 -0.0178025 -0.721055 -40.3516 -0.0214703 0.998743 -0.045283 -5.21417 0.720955 0.0468465 0.691396 72.6231 
0.687532 -0.020307 -0.72587 -41.1928 -0.0211282 0.998626 -0.0479499 -5.29236 0.725846 0.0483034 0.686159 73.4057 
0.677418 -0.0202918 -0.735318 -42.9145 -0.0214254 0.998651 -0.047297 -5.44397 0.735286 0.0477944 0.676069 74.9579 
0.667116 -0.0212421 -0.744651 -44.6583 -0.0199325 0.998726 -0.046347 -5.60232 0.744687 0.0457616 0.665843 76.5097 
0.662209 -0.0221648 -0.748991 -45.5383 -0.0191289 0.998737 -0.046468 -5.67712 0.749075 0.0450989 0.660949 77.2778 
0.657692 -0.0232386 -0.752929 -46.4323 -0.0180077 0.998753 -0.0465557 -5.7518 0.753072 0.0441778 0.656453 78.0513 
0.653799 -0.0238256 -0.756293 -47.334 -0.0171033 0.998783 -0.0462502 -5.82484 0.756475 0.0431734 0.652596 78.8248 
0.649816 -0.0259303 -0.759649 -48.239 -0.0145525 0.99881 -0.0465424 -5.89842 0.759953 0.0412988 0.648665 79.5962 
0.645509 -0.0306692 -0.763137 -49.1522 -0.0111693 0.998707 -0.0495841 -5.97852 0.763671 0.0405306 0.644332 80.3613 
0.640457 -0.0354895 -0.767173 -50.076 -0.00685873 0.998628 -0.0519224 -6.06436 0.767963 0.0385159 0.639335 81.1292 
0.633965 -0.0393573 -0.77236 -51.0016 -0.00163804 0.998634 -0.0522321 -6.1534 0.77336 0.0343785 0.633034 81.8906 
0.625504 -0.042666 -0.779053 -51.9408 0.00293722 0.998625 -0.0523329 -6.24048 0.780215 0.0304462 0.62477 82.6467 
0.607344 -0.0424892 -0.793302 -53.8665 0.00668987 0.998807 -0.0483743 -6.41201 0.794411 0.0240728 0.606904 84.1349 
0.588564 -0.043998 -0.807253 -55.8416 0.005492 0.998713 -0.0504291 -6.57787 0.808432 0.0252473 0.588047 85.5773 
0.568499 -0.0474455 -0.821314 -57.8592 0.00643129 0.998561 -0.0532331 -6.74772 0.822659 0.0249808 0.567987 86.9837 
0.547628 -0.0482313 -0.835331 -59.9165 0.010468 0.998654 -0.0507988 -6.92835 0.836657 0.0190746 0.547395 88.3591 
0.526713 -0.0496383 -0.848592 -62.0219 0.0103153 0.998593 -0.0520099 -7.10298 0.849981 0.0186408 0.526484 89.6838 
0.506467 -0.0511064 -0.860743 -64.1713 0.00765584 0.998469 -0.0547791 -7.28391 0.862225 0.0211541 0.506083 90.9595 
0.487756 -0.0491068 -0.871598 -66.3733 0.00582533 0.998577 -0.0530011 -7.46567 0.872961 0.0207743 0.487348 92.2009 
0.471932 -0.0473256 -0.880364 -68.6065 0.00642676 0.998716 -0.0502427 -7.64359 0.881612 0.0180533 0.47163 93.4083 
0.457092 -0.0538699 -0.887787 -70.8583 0.0109974 0.99843 -0.0549214 -7.82005 0.889352 0.0153408 0.456967 94.5834 
0.445296 -0.06019 -0.893358 -73.1306 0.0138246 0.998081 -0.0603549 -8.01191 0.895277 0.0145255 0.445274 95.7283 
0.440436 -0.0611829 -0.895697 -74.2625 0.0164841 0.998058 -0.0600694 -8.11009 0.897633 0.011692 0.44059 96.2881 
0.436156 -0.0585899 -0.897962 -75.4027 0.0178072 0.998245 -0.0564839 -8.20952 0.899695 0.00864566 0.436434 96.8445 
0.432213 -0.0565396 -0.899997 -76.5802 0.0211231 0.998393 -0.0525769 -8.30801 0.901524 0.00371369 0.432713 97.4151 
0.428845 -0.0558798 -0.901648 -77.6761 0.0228107 0.998437 -0.051029 -8.39673 0.90309 0.00131627 0.429449 97.9397 
0.425912 -0.0562438 -0.903015 -78.8072 0.0244544 0.998417 -0.0506519 -8.48698 0.904434 -0.000509444 0.426613 98.4755 
0.423285 -0.0552364 -0.904311 -79.9353 0.0262915 0.998468 -0.0486813 -8.57492 0.905615 -0.00316968 0.424089 99.0067 
0.420922 -0.054206 -0.905476 -81.0631 0.0277344 0.998515 -0.0468831 -8.66199 0.906673 -0.00537875 0.4218 99.5329 
0.418667 -0.0552625 -0.906457 -82.1801 0.030379 0.99844 -0.0468392 -8.74144 0.907632 -0.00792726 0.419693 100.057 
0.413407 -0.0547541 -0.908899 -84.3708 0.0357078 0.998397 -0.0439042 -8.91461 0.909846 -0.0143045 0.414699 101.063 
0.409303 -0.0547943 -0.910752 -86.5468 0.0397918 0.998317 -0.0421796 -9.07269 0.911531 -0.0189762 0.410794 102.033 
0.407274 -0.0574136 -0.9115 -88.6828 0.0412123 0.998161 -0.0444579 -9.2276 0.912376 -0.0194585 0.408891 102.977 
0.409655 -0.0577658 -0.91041 -90.7863 0.0379973 0.998207 -0.046239 -9.38358 0.911449 -0.0156511 0.411116 103.874 
0.419059 -0.0580605 -0.906101 -92.8503 0.0339684 0.998257 -0.0482558 -9.54042 0.907324 -0.0105568 0.4203 104.784 
0.431814 -0.0570946 -0.900154 -94.8824 0.0322541 0.998334 -0.0478493 -9.68029 0.901386 -0.00837171 0.432935 105.733 
0.448845 -0.0551755 -0.891904 -96.8816 0.0302683 0.998458 -0.0465349 -9.81891 0.893097 -0.0061094 0.449823 106.71 
0.468177 -0.0551241 -0.881914 -98.8429 0.0285159 0.998475 -0.0472717 -9.95809 0.883174 -0.00301704 0.469035 107.719 
0.490094 -0.0574627 -0.869774 -100.755 0.0249701 0.998341 -0.0518867 -10.0936 0.871312 0.00371105 0.490715 108.779 
0.51521 -0.0531555 -0.855414 -102.636 0.0212831 0.998561 -0.049232 -10.2166 0.8568 0.007159 0.515599 109.9 
0.539687 -0.0504039 -0.840355 -104.475 0.020775 0.998699 -0.0465593 -10.3255 0.841609 0.00766912 0.540033 111.065 
0.562429 -0.0517523 -0.825224 -106.259 0.021376 0.998616 -0.0480574 -10.4273 0.826569 0.0093889 0.562757 112.256 
0.584307 -0.0536682 -0.809756 -107.976 0.0241716 0.998519 -0.048737 -10.5389 0.811172 0.00890429 0.584739 113.472 
0.605264 -0.0484412 -0.794549 -109.641 0.0232941 0.998797 -0.0431488 -10.6555 0.795684 0.00760816 0.605665 114.711 
0.615348 -0.0466776 -0.786873 -110.448 0.0219338 0.998873 -0.0421009 -10.7145 0.787951 0.00864758 0.615678 115.333 
0.635275 -0.0458613 -0.770923 -112.022 0.0183267 0.998849 -0.0443183 -10.8275 0.772069 0.0140258 0.635384 116.59 
0.653929 -0.043555 -0.755301 -113.542 0.0179591 0.998954 -0.0420567 -10.9407 0.756342 0.0139376 0.654027 117.859 
0.671133 -0.0409619 -0.740205 -115.015 0.0183221 0.999084 -0.0386755 -11.0507 0.741111 0.0123943 0.671269 119.133 
0.68663 -0.0393402 -0.725942 -116.434 0.016544 0.999122 -0.0384962 -11.1556 0.726819 0.0144227 0.686678 120.414 
0.701959 -0.0341544 -0.711398 -117.79 0.014903 0.999335 -0.0332731 -11.2426 0.712061 0.0127543 0.702001 121.689 
0.717465 -0.0317896 -0.695869 -119.079 0.0132068 0.999399 -0.0320393 -11.3261 0.69647 0.0137969 0.717454 122.948 
0.72569 -0.0289604 -0.687412 -119.702 0.0105753 0.999465 -0.0309429 -11.3678 0.687941 0.0151854 0.725608 123.578 
0.734817 -0.0258078 -0.677774 -120.305 0.0094602 0.999569 -0.0278045 -11.4058 0.678199 0.0140194 0.734744 124.211 
0.754753 -0.0203938 -0.655691 -121.473 0.00611715 0.999692 -0.0240518 -11.4777 0.65598 0.0141423 0.754646 125.506 
0.774603 -0.0201804 -0.632125 -122.564 0.00457804 0.999644 -0.0263033 -11.543 0.632431 0.0174808 0.77442 126.794 
0.794839 -0.0183472 -0.606542 -123.611 0.00402513 0.99968 -0.0249645 -11.6082 0.606807 0.0174014 0.794659 128.115 
0.814858 -0.0149236 -0.579468 -124.609 0.00409895 0.999792 -0.0199845 -11.6702 0.579646 0.0139093 0.81475 129.464 
0.839677 -0.0132747 -0.542924 -126.01 0.00684725 0.99988 -0.0138576 -11.7777 0.543043 0.00791839 0.839668 131.55 
0.860018 -0.0110049 -0.510145 -127.326 0.00528633 0.999906 -0.0126582 -11.8648 0.510237 0.00818952 0.859995 133.694 
0.877562 -0.0117784 -0.479319 -128.575 0.00621132 0.999894 -0.0131987 -11.9381 0.479423 0.00860546 0.877541 135.915 
0.888738 -0.0102415 -0.458302 -129.799 0.00630721 0.999929 -0.0101141 -11.9762 0.458373 0.00609818 0.888739 138.221 
0.895269 -0.00310999 -0.445515 -130.625 0.00215284 0.999994 -0.00265445 -11.9994 0.44552 0.00141732 0.895271 139.817 
0.90857 0.00265766 -0.417724 -132.254 5.30822e-06 0.99998 0.00637366 -12.0193 0.417733 -0.00579313 0.908551 143.168 
0.923746 -0.00241959 -0.382998 -133.832 0.00489341 0.999973 0.005485 -12.025 0.382974 -0.00694091 0.923733 146.748 
0.933369 -0.00259191 -0.358908 -134.589 0.00355721 0.999992 0.00202922 -12.0371 0.358899 -0.00317072 0.933371 148.626 
0.946079 0.00530193 -0.323893 -135.286 -0.00334096 0.999973 0.00661012 -12.061 0.323919 -0.00517158 0.946071 150.585 
0.959268 0.0100817 -0.282318 -135.912 -0.00781379 0.999927 0.00915806 -12.0754 0.28239 -0.00657905 0.959277 152.613 
0.971037 0.0117623 -0.23864 -136.447 -0.00900955 0.99988 0.0126226 -12.0932 0.23876 -0.0101069 0.971026 154.717 
0.980922 0.0157022 -0.193769 -136.902 -0.0119964 0.999722 0.0202836 -12.098 0.194033 -0.0175721 0.980838 156.886 
0.988745 0.0194142 -0.148348 -137.267 -0.0160264 0.999583 0.0239985 -12.0886 0.148752 -0.0213509 0.988644 159.125 
0.99432 0.0183433 -0.104843 -137.536 -0.016294 0.99966 0.0203701 -12.0652 0.105181 -0.0185461 0.99428 161.425 
0.997808 0.0175376 -0.0638029 -137.716 -0.0160158 0.999577 0.0242858 -12.0363 0.0642018 -0.0232107 0.997667 163.797 
0.999566 0.0189688 -0.022535 -137.802 -0.0183825 0.999494 0.0259496 -11.9995 0.0230159 -0.0255241 0.999409 166.228 
0.999587 0.021493 0.0190853 -137.798 -0.0219817 0.999426 0.02578 -11.9724 -0.0185203 -0.0261889 0.999485 168.692 
0.997983 0.0227321 0.0592705 -137.693 -0.0240857 0.999463 0.0222244 -11.9517 -0.0587335 -0.0236072 0.997995 171.19 
0.994869 0.0249369 0.0980525 -137.488 -0.0268326 0.999477 0.0180628 -11.9371 -0.0975508 -0.0206011 0.995017 173.74 
0.990339 0.0262899 0.136155 -137.176 -0.0278592 0.999565 0.00963305 -11.9503 -0.135842 -0.0133332 0.990641 176.307 
0.984619 0.0298031 0.172153 -136.765 -0.0298578 0.999552 -0.00227227 -11.9838 -0.172143 -0.00290278 0.985068 178.911 
0.977574 0.034351 0.207773 -136.257 -0.033116 0.999407 -0.00942041 -12.0426 -0.207973 0.00232853 0.978132 181.545 
0.96951 0.0331708 0.242798 -135.639 -0.0318933 0.999449 -0.00919136 -12.1233 -0.242969 0.00116747 0.970033 184.219 
0.960556 0.0333809 0.276075 -134.921 -0.0291931 0.999388 -0.019266 -12.2152 -0.276549 0.0104466 0.960943 186.888 
0.949969 0.0378993 0.310036 -134.118 -0.0334572 0.999247 -0.0196349 -12.3157 -0.310547 0.00827957 0.950522 189.577 
0.93773 0.0425724 0.344746 -133.204 -0.0355967 0.999014 -0.0265423 -12.4157 -0.345535 0.0126177 0.938321 192.272 
0.924396 0.0441532 0.37887 -132.176 -0.0340295 0.998863 -0.0333789 -12.5392 -0.379913 0.0179626 0.924848 194.968 
0.907064 0.0499974 0.418013 -131.035 -0.0348534 0.998433 -0.04379 -12.6947 -0.419547 0.0251511 0.907385 197.647 
0.883007 0.0579988 0.465763 -129.756 -0.0404824 0.998049 -0.0475337 -12.8757 -0.467611 0.0231173 0.883632 200.306 
0.855062 0.0657078 0.514345 -128.325 -0.0440673 0.997558 -0.0541796 -13.0777 -0.516649 0.0236611 0.85587 202.908 
0.825168 0.0684833 0.56072 -126.731 -0.0432265 0.997369 -0.0582001 -13.2946 -0.56323 0.0237869 0.825957 205.446 
0.793555 0.0726658 0.604145 -124.994 -0.0391401 0.996884 -0.0684927 -13.5373 -0.607239 0.0307063 0.793925 207.898 
0.761812 0.0760651 0.643317 -123.116 -0.0361587 0.996527 -0.0750094 -13.8093 -0.646788 0.0338816 0.761916 210.266 
0.731189 0.0770162 0.677814 -121.112 -0.0322545 0.996398 -0.0784209 -14.0987 -0.681412 0.0354779 0.731039 212.554 
0.701866 0.0791592 0.707897 -119.004 -0.0271963 0.996059 -0.0844178 -14.3972 -0.711789 0.0399979 0.701253 214.748 
0.672341 0.0832307 0.735548 -116.798 -0.0230406 0.99553 -0.0915883 -14.7179 -0.739883 0.0446311 0.671253 216.868 
0.640903 0.0850592 0.762895 -114.501 -0.0221509 0.995477 -0.0923822 -15.06 -0.767302 0.0423092 0.639888 218.899 
0.623725 0.0860337 0.776895 -113.327 -0.0241943 0.995573 -0.090826 -15.2293 -0.78127 0.037854 0.623045 219.882 
0.588341 0.0884689 0.803759 -110.946 -0.0295791 0.995686 -0.0879427 -15.5659 -0.808072 0.0279659 0.58842 221.745 
0.552815 0.0950467 0.827866 -108.535 -0.0319238 0.99516 -0.0929363 -15.8986 -0.832692 0.0249479 0.553173 223.465 
0.513424 0.0942652 0.852942 -106.071 -0.0329122 0.99538 -0.0901958 -16.2328 -0.857504 0.0182365 0.514155 225.055 
0.471096 0.091264 0.877348 -103.583 -0.0333863 0.995765 -0.0856552 -16.5541 -0.88145 0.0110605 0.472149 226.502 
0.428665 0.0896088 0.899009 -101.071 -0.031666 0.995948 -0.0841723 -16.8614 -0.902909 0.00761373 0.429766 227.793 
0.387206 0.089209 0.917667 -98.5491 -0.0266526 0.995975 -0.0855756 -17.1616 -0.921608 0.00867709 0.388025 228.935 
0.345936 0.0866898 0.934245 -96.0257 -0.0203263 0.996181 -0.0849105 -17.4558 -0.938038 0.0103839 0.346377 229.936 
0.305397 0.0904669 0.947918 -93.5117 -0.0191822 0.995859 -0.0888622 -17.749 -0.952032 0.00895509 0.305868 230.819 
0.266852 0.108134 0.957652 -91.0401 -0.0216851 0.994107 -0.106208 -18.0604 -0.963494 0.00757505 0.267624 231.573 
0.2269 0.112763 0.967368 -88.5775 -0.0268599 0.993621 -0.109523 -18.3936 -0.973548 -0.00113258 0.228481 232.223 
0.187395 0.113145 0.975747 -86.1384 -0.0321106 0.993519 -0.109039 -18.7242 -0.98176 -0.0108985 0.189813 232.764 
0.149539 0.111724 0.982423 -83.7128 -0.0316205 0.993628 -0.108185 -19.0486 -0.98825 -0.0148868 0.152119 233.199 
0.111784 0.115377 0.987012 -81.3171 -0.0332629 0.993115 -0.112324 -19.3698 -0.993176 -0.0202749 0.114852 233.532 
0.0753281 0.114561 0.990556 -78.953 -0.0338641 0.993099 -0.11228 -19.687 -0.996584 -0.0250865 0.0786879 233.774 
0.045705 0.106235 0.99329 -76.5971 -0.0305118 0.994014 -0.104909 -20.0032 -0.998489 -0.0255122 0.0486728 233.929 
0.02258 0.102634 0.994463 -74.3374 -0.0276361 0.9944 -0.102 -20.295 -0.999363 -0.0251799 0.02529 234.018 
0.00711642 0.107023 0.994231 -72.1143 -0.0286288 0.99387 -0.10678 -20.5793 -0.999565 -0.0277037 0.0101367 234.07 
-0.00419388 0.118896 0.992898 -69.9512 -0.0285793 0.992487 -0.118967 -20.8751 -0.999583 -0.0288753 -0.000764409 234.094 
-0.0127112 0.114916 0.993294 -67.8108 -0.0295388 0.992897 -0.115248 -21.1677 -0.999483 -0.0308057 -0.00922648 234.097 
-0.0165002 0.100636 0.994786 -65.6953 -0.0272839 0.994506 -0.10106 -21.4353 -0.999492 -0.0288092 -0.0136638 234.082 
-0.016591 0.102264 0.994619 -64.6588 -0.0279295 0.99432 -0.102699 -21.5617 -0.999472 -0.0294831 -0.0136406 234.077 
-0.014548 0.108023 0.994042 -62.6125 -0.0294356 0.99367 -0.108413 -21.818 -0.999461 -0.0308374 -0.0112762 234.073 
-0.00936038 0.110221 0.993863 -60.5882 -0.0327238 0.99334 -0.110471 -22.0761 -0.999421 -0.033557 -0.0056912 234.081 
-0.00112466 0.113437 0.993545 -58.5896 -0.0367538 0.992869 -0.113402 -22.3345 -0.999324 -0.036644 0.00305261 234.109 
0.00492835 0.112802 0.993605 -57.59 -0.0383704 0.992907 -0.112532 -22.4645 -0.999251 -0.0375704 0.00922164 234.13 
0.01166 0.109901 0.993874 -56.593 -0.0375214 0.99329 -0.109397 -22.5944 -0.999228 -0.0360159 0.0157054 234.154 
0.0191743 0.109927 0.993755 -55.6126 -0.0354265 0.993388 -0.109203 -22.723 -0.999188 -0.0331114 0.0229419 234.183 
0.0265786 0.11087 0.993479 -54.6313 -0.0344327 0.993342 -0.109934 -22.8488 -0.999054 -0.0312863 0.0302192 234.221 
0.0336 0.110685 0.993287 -53.6495 -0.034713 0.993378 -0.109521 -22.976 -0.998832 -0.0308001 0.0372197 234.267 
0.0470411 0.107961 0.993042 -51.6918 -0.0370849 0.993645 -0.10627 -23.2296 -0.998204 -0.0318278 0.0507459 234.381 
0.0608597 0.106565 0.992441 -49.7524 -0.0371441 0.993838 -0.104437 -23.4779 -0.997455 -0.0305073 0.0644429 234.521 
0.0746412 0.110376 0.991083 -47.8287 -0.0369629 0.993479 -0.107859 -23.7182 -0.996525 -0.0285825 0.0782342 234.685 
0.0877187 0.112992 0.989716 -45.9147 -0.0409743 0.993114 -0.109749 -23.9657 -0.995302 -0.0309259 0.0917445 234.881 
0.101026 0.11031 0.988749 -44.0088 -0.0428326 0.993395 -0.106452 -24.2145 -0.993961 -0.0315963 0.105084 235.101 
0.114095 0.107849 0.987599 -42.1097 -0.0432448 0.993687 -0.103518 -24.4546 -0.992528 -0.0308977 0.118038 235.348 
0.128276 0.109404 0.985685 -40.2266 -0.04158 0.993616 -0.104873 -24.6872 -0.990866 -0.0275321 0.132006 235.615 
0.146659 0.113581 0.982645 -38.3606 -0.0401121 0.993252 -0.10882 -24.9222 -0.988374 -0.0234565 0.150225 235.911 
0.164274 0.113956 0.97981 -36.5165 -0.0426152 0.993197 -0.108368 -25.1504 -0.985494 -0.0239528 0.168013 236.243 
0.173534 0.112132 0.978423 -34.6718 -0.0469443 0.993309 -0.105512 -25.3786 -0.983708 -0.0276215 0.177637 236.603 
0.179136 0.11591 0.976972 -32.8112 -0.0470737 0.992908 -0.10917 -25.6026 -0.982698 -0.0264334 0.183322 236.971 
0.185396 0.114956 0.975917 -30.928 -0.0446095 0.993094 -0.108505 -25.8331 -0.981651 -0.0234187 0.189244 237.349 
0.192539 0.116576 0.97434 -29.03 -0.0436867 0.992952 -0.11017 -26.0741 -0.980316 -0.0213536 0.196275 237.739 
0.199995 0.11096 0.973494 -27.1205 -0.0411431 0.993641 -0.104804 -26.3238 -0.978933 -0.0190923 0.203288 238.152 
0.209656 0.111422 0.971406 -25.2064 -0.0396639 0.993637 -0.105411 -26.5759 -0.97697 -0.0164296 0.212742 238.575 
0.216276 0.11278 0.969796 -24.2477 -0.0381699 0.993523 -0.107027 -26.6951 -0.975586 -0.0138696 0.21918 238.792 
0.222471 0.112559 0.96842 -23.2884 -0.0379311 0.99356 -0.106768 -26.8181 -0.974201 -0.0129805 0.225308 239.015 
0.229685 0.111209 0.966891 -22.3264 -0.0373416 0.993726 -0.105425 -26.9405 -0.972549 -0.0118906 0.232396 239.249 
0.238246 0.11015 0.964938 -21.3629 -0.0365136 0.993861 -0.104436 -27.0613 -0.970518 -0.0103518 0.240806 239.49 
0.247754 0.109895 0.96257 -20.4201 -0.034385 0.993917 -0.104623 -27.1824 -0.968213 -0.00717704 0.250026 239.738 
0.270045 0.110181 0.956523 -18.5276 -0.0303682 0.993911 -0.105914 -27.4226 -0.962369 -0.000446302 0.271747 240.269 
0.29184 0.106502 0.950519 -16.651 -0.0317561 0.994312 -0.101659 -27.6642 -0.95594 -0.000516554 0.293562 240.855 
0.313104 0.110478 0.943271 -14.7877 -0.0359189 0.993878 -0.104483 -27.9021 -0.94904 -0.00116728 0.315155 241.484 
0.333613 0.111125 0.936138 -12.9442 -0.0406579 0.9938 -0.103481 -28.1455 -0.941833 -0.00353884 0.336063 242.152 
0.350434 0.10877 0.93025 -11.1123 -0.0428724 0.994055 -0.10008 -28.3862 -0.935606 -0.00481083 0.353014 242.853 
0.366174 0.106519 0.92443 -9.29703 -0.0446264 0.994294 -0.0968921 -28.6227 -0.929476 -0.00577464 0.368838 243.59 
0.381873 0.108034 0.917879 -7.50411 -0.0468517 0.994131 -0.0975161 -28.855 -0.923027 -0.00576542 0.384693 244.352 
0.397962 0.109107 0.910891 -5.73669 -0.0487867 0.994015 -0.0977489 -29.0834 -0.916104 -0.00553904 0.400903 245.139 
0.415369 0.10618 0.903435 -4.00089 -0.0489163 0.994334 -0.0943729 -29.3058 -0.908337 -0.00499311 0.41821 245.95 
0.432472 0.0993495 0.896157 -2.27928 -0.0491877 0.99503 -0.0865736 -29.5182 -0.900305 -0.00663932 0.435209 246.794 
0.44943 0.100763 0.887615 -0.608991 -0.052652 0.994879 -0.0862799 -29.7175 -0.891763 -0.0079579 0.452433 247.661 
0.465803 0.0981733 0.879426 1.04535 -0.0555864 0.99511 -0.0816453 -29.9107 -0.883141 -0.0108535 0.468982 248.561 
0.48258 0.0984124 0.870305 2.67098 -0.0562045 0.995099 -0.0813587 -30.095 -0.874047 -0.00965297 0.485746 249.481 
0.499148 0.0981703 0.860938 4.27192 -0.0569693 0.99513 -0.0804426 -30.2745 -0.864642 -0.00889432 0.502309 250.429 
0.513375 0.0940467 0.852996 5.86499 -0.0575275 0.995512 -0.0751369 -30.4506 -0.856234 -0.0104973 0.516481 251.41 
0.52242 0.090227 0.847901 7.45074 -0.0591806 0.995825 -0.0695048 -30.6179 -0.850632 -0.0138685 0.525579 252.416 
0.52815 0.0849965 0.844887 9.01696 -0.0597492 0.996232 -0.0628719 -30.8014 -0.847047 -0.0172756 0.531238 253.495 
0.531608 0.0840087 0.842814 10.5837 -0.0603619 0.996297 -0.0612338 -30.9749 -0.844837 -0.0183214 0.53471 254.573 
0.533178 0.0859192 0.841629 11.3695 -0.0603145 0.996158 -0.0634849 -31.0576 -0.84385 -0.0169137 0.536312 255.107 
0.536706 0.085185 0.839458 12.9533 -0.059276 0.996239 -0.0631965 -31.2265 -0.841684 -0.0158418 0.539737 256.177 
0.5398 0.0789024 0.838087 14.5484 -0.054663 0.996782 -0.0586352 -31.3919 -0.840017 -0.0141611 0.542376 257.244 
0.540872 0.0757949 0.837683 15.3464 -0.0546308 0.996994 -0.0549358 -31.4676 -0.839329 -0.0160501 0.543387 257.781 
0.542098 0.0727815 0.837158 16.1492 -0.0547312 0.997185 -0.0512532 -31.5397 -0.838531 -0.0180344 0.544555 258.322 
0.543359 0.0722412 0.836386 17.751 -0.0544838 0.997225 -0.0507378 -31.6777 -0.83773 -0.0180006 0.545787 259.4 
0.544199 0.0701377 0.83602 19.3692 -0.0558322 0.997318 -0.0473264 -31.815 -0.837097 -0.0209218 0.546655 260.486 
0.545397 0.0652764 0.835632 21.0087 -0.0552106 0.997595 -0.0418937 -31.9445 -0.836357 -0.023287 0.54769 261.577 
0.547454 0.0626292 0.834488 22.6477 -0.0545284 0.997746 -0.0391093 -32.0667 -0.835057 -0.0240928 0.549636 262.667 
0.550167 0.0581159 0.83303 24.2841 -0.0537142 0.997972 -0.034148 -32.1828 -0.833325 -0.0259584 0.552173 263.758 
0.554615 0.0558631 0.830229 25.9096 -0.0532038 0.998083 -0.0316158 -32.2934 -0.830404 -0.0266368 0.556524 264.854 
0.56021 0.0515094 0.826748 27.5258 -0.0522613 0.998274 -0.0267835 -32.3937 -0.8267 -0.0282025 0.561935 265.954 
0.570692 0.0452448 0.819917 29.1395 -0.0495642 0.998558 -0.0206042 -32.4877 -0.819667 -0.0288799 0.572111 267.067 
0.582785 0.0452008 0.811368 30.7219 -0.0481606 0.998618 -0.0210399 -32.5716 -0.811198 -0.0268142 0.584157 268.202 
0.595203 0.0430943 0.802419 32.2861 -0.0489316 0.998652 -0.0173375 -32.6457 -0.802085 -0.0289443 0.596509 269.361 
0.609398 0.0376337 0.791971 33.8396 -0.046572 0.998847 -0.0116285 -32.7145 -0.791495 -0.0297972 0.610448 270.546 
0.617583 0.0377524 0.785599 34.6062 -0.0446984 0.998918 -0.0128649 -32.7432 -0.785235 -0.0271699 0.618602 271.144 
0.626872 0.0359169 0.778294 35.3743 -0.0426313 0.999022 -0.0117661 -32.7692 -0.777955 -0.0258038 0.62779 271.763 
0.635902 0.0351635 0.770968 36.1231 -0.0416152 0.99907 -0.0112425 -32.796 -0.770647 -0.0249349 0.636774 272.38 
0.645163 0.0341784 0.76328 36.8852 -0.0406639 0.999119 -0.0103677 -32.8224 -0.762962 -0.0243491 0.645985 273.027 
0.663038 0.0307428 0.747954 38.3607 -0.0416773 0.999123 -0.00412085 -32.8696 -0.747425 -0.0284404 0.663737 274.326 
0.681151 0.0277724 0.731616 39.8325 -0.0407506 0.999169 1.08341e-05 -32.9069 -0.731008 -0.0298211 0.681717 275.686 
0.689751 0.0241462 0.723644 40.5627 -0.040219 0.999178 0.00499519 -32.9224 -0.722929 -0.0325497 0.690155 276.384 
0.69842 0.0187629 0.715442 41.2908 -0.0381621 0.99921 0.0110493 -32.9328 -0.714669 -0.0350198 0.698585 277.097 
0.707249 0.0144253 0.706818 42.011 -0.0345938 0.9993 0.0142204 -32.9405 -0.706118 -0.0345089 0.707253 277.814 
0.726589 0.0090017 0.687013 43.4393 -0.0265977 0.999533 0.0150334 -32.9423 -0.686557 -0.0291961 0.726489 279.297 
0.736318 0.00622278 0.676606 44.1389 -0.0248782 0.99953 0.017881 -32.9411 -0.676178 -0.0299989 0.736128 280.056 
0.745738 0.00318813 0.666231 44.8305 -0.0236353 0.999486 0.021673 -32.9389 -0.66582 -0.0319089 0.74543 280.834 
0.754921 0.000640367 0.655815 45.5132 -0.0217149 0.999476 0.0240205 -32.9316 -0.655456 -0.0323746 0.754539 281.622 
0.773232 -0.00415567 0.634109 46.857 -0.0178972 0.999437 0.0283737 -32.9081 -0.63387 -0.0332882 0.772723 283.24 
0.782149 -0.00393819 0.62308 47.5142 -0.01879 0.999376 0.0299036 -32.8956 -0.622809 -0.0350968 0.781587 284.071 
0.796905 -0.00181212 0.604102 48.8009 -0.021343 0.999287 0.0311522 -32.867 -0.603727 -0.0377187 0.796298 285.763 
0.802785 0.000431403 0.596268 49.4318 -0.0249484 0.999148 0.0328663 -32.8512 -0.595746 -0.0412605 0.802112 286.627 
0.808479 0.00259819 0.588519 50.0565 -0.0266213 0.999128 0.0321601 -32.8339 -0.587923 -0.041668 0.807843 287.501 
0.814131 0.00547863 0.580656 50.6781 -0.0288567 0.999102 0.0310329 -32.8186 -0.579964 -0.0420206 0.813557 288.383 
0.8246 0.00708737 0.565671 51.9033 -0.0347232 0.99867 0.0381048 -32.7814 -0.564649 -0.0510631 0.82375 290.18 
0.829154 0.00997911 0.558932 52.5038 -0.0388397 0.998453 0.039791 -32.7584 -0.55767 -0.0547016 0.828259 291.092 
0.83343 0.0127744 0.552477 53.1013 -0.0425174 0.998252 0.0410572 -32.7322 -0.550987 -0.0577082 0.832516 292.012 
0.83698 0.0155114 0.547013 53.6939 -0.0468585 0.997958 0.0433992 -32.7041 -0.545223 -0.0619565 0.835998 292.94 
0.839839 0.0178492 0.542542 54.2851 -0.0501769 0.997733 0.0448477 -32.6779 -0.540512 -0.0648878 0.838831 293.874 
0.842884 0.0279789 0.537368 55.4626 -0.0552605 0.997868 0.0347229 -32.6281 -0.53525 -0.0589626 0.842633 295.748 
0.844217 0.0340783 0.534918 56.6464 -0.0595557 0.997761 0.0304271 -32.5922 -0.532683 -0.0575444 0.844356 297.643 
0.845167 0.0323358 0.533523 57.844 -0.0590907 0.997702 0.0331383 -32.5585 -0.531225 -0.0595336 0.845136 299.554 
0.845655 0.0314004 0.532805 58.4455 -0.0576465 0.997802 0.0326907 -32.5429 -0.530607 -0.0583594 0.845607 300.513 
0.846214 0.0310037 0.531941 59.0466 -0.0565172 0.997897 0.0317463 -32.5256 -0.529838 -0.0569279 0.846186 301.474 
0.848075 0.0301329 0.529018 60.2525 -0.0538845 0.99811 0.0295303 -32.4999 -0.527129 -0.0535498 0.848096 303.405 
0.851957 0.0265533 0.522938 61.4546 -0.0505321 0.998221 0.0316388 -32.4766 -0.521168 -0.0533801 0.851783 305.353 
0.859993 0.025092 0.509688 62.6268 -0.0480946 0.99833 0.0320018 -32.4529 -0.508034 -0.0520346 0.859764 307.313 
0.865464 0.0231134 0.500438 63.2007 -0.0458112 0.998401 0.0331141 -32.441 -0.498872 -0.0515847 0.865139 308.299 
0.871464 0.0233743 0.489902 63.7612 -0.0464904 0.998303 0.0350685 -32.4286 -0.488251 -0.0533367 0.871072 309.296 
0.877811 0.0239362 0.478409 64.3056 -0.0460108 0.998346 0.034473 -32.416 -0.476792 -0.0522727 0.87746 310.296 
0.890032 0.0250621 0.455209 65.3499 -0.0473087 0.998174 0.0375429 -32.3861 -0.453437 -0.0549497 0.889593 312.312 
0.895924 0.023939 0.443561 65.8496 -0.0466008 0.998102 0.0402588 -32.3691 -0.441756 -0.0567392 0.895339 313.328 
0.901886 0.0232722 0.431348 66.3362 -0.0452686 0.998141 0.0407981 -32.3494 -0.429596 -0.0563217 0.901263 314.343 
0.907761 0.022899 0.418861 66.8068 -0.0441488 0.998179 0.0411096 -32.329 -0.417157 -0.0558099 0.907119 315.364 
0.913344 0.0239146 0.406486 67.2617 -0.0449973 0.998088 0.0423854 -32.3085 -0.404695 -0.0570032 0.912673 316.393 
0.918664 0.0268138 0.39413 67.6976 -0.0475122 0.997951 0.042851 -32.2872 -0.392173 -0.0580916 0.918055 317.423 
0.923714 0.0306715 0.381853 68.1161 -0.0504824 0.997843 0.0419689 -32.2656 -0.379742 -0.0580441 0.92327 318.458 
0.928002 0.0348991 0.370937 68.519 -0.0542433 0.997651 0.0418421 -32.2426 -0.368605 -0.0589503 0.927715 319.497 
0.933815 0.0423602 0.35524 69.2966 -0.0617023 0.997155 0.0432911 -32.1959 -0.352396 -0.062345 0.933772 321.58 
0.937596 0.0414824 0.345243 70.0644 -0.059955 0.997275 0.0429964 -32.1471 -0.342519 -0.0610123 0.937528 323.661 
0.93936 0.0398119 0.340613 70.4443 -0.0576238 0.99744 0.0423342 -32.1238 -0.338055 -0.0593945 0.93925 324.702 
0.941197 0.0383977 0.335669 70.8184 -0.0558012 0.997543 0.0423529 -32.1014 -0.333218 -0.0585931 0.941027 325.743 
0.943082 0.0372062 0.330473 71.1851 -0.0537316 0.997713 0.0410083 -32.0804 -0.328192 -0.056431 0.942924 326.783 
0.944827 0.0369859 0.325474 71.5445 -0.0526263 0.997838 0.039379 -32.0606 -0.323313 -0.0543348 0.944731 327.823 
0.946629 0.0381883 0.320056 71.8974 -0.053136 0.99786 0.0380982 -32.0425 -0.317916 -0.0530713 0.946632 328.869 
0.950832 0.0395839 0.307168 72.5791 -0.0539597 0.997803 0.0384468 -32.0082 -0.304971 -0.0531311 0.950878 330.963 
0.954874 0.0408187 0.294193 73.2254 -0.0568003 0.997326 0.0459817 -31.9682 -0.29153 -0.060617 0.954639 333.066 
0.956606 0.0409809 0.288489 73.5376 -0.0560783 0.997445 0.0442602 -31.9463 -0.285938 -0.0585175 0.95646 334.11 
0.957991 0.0396536 0.284045 73.8468 -0.0536511 0.99769 0.0416671 -31.9283 -0.281736 -0.055156 0.957905 335.152 
0.959984 0.0359468 0.277737 74.4568 -0.0492177 0.997948 0.0409566 -31.8909 -0.275695 -0.0529872 0.959784 337.228 
0.958282 0.0407414 0.282906 75.0417 -0.0547301 0.997629 0.0417169 -31.8601 -0.280536 -0.05546 0.95824 339.278 
0.951383 0.0475674 0.304315 75.6466 -0.0633685 0.997095 0.0422537 -31.8304 -0.301421 -0.0594834 0.951634 341.266 
0.944591 0.0458603 0.325031 76.2867 -0.0631094 0.997092 0.0427209 -31.8026 -0.322126 -0.0608662 0.944738 343.179 
0.940157 0.0420844 0.338131 76.9406 -0.0597743 0.997325 0.0420708 -31.7755 -0.335456 -0.0597647 0.940158 345.02 
0.939069 0.0409643 0.341279 77.2641 -0.0579841 0.997523 0.0398156 -31.7614 -0.338803 -0.0571784 0.939118 345.919 
0.93907 0.0400968 0.341379 77.588 -0.056207 0.997717 0.0374276 -31.7489 -0.339099 -0.054335 0.93918 346.811 
0.940185 0.0379668 0.338542 77.9057 -0.0535242 0.997891 0.036734 -31.7352 -0.336433 -0.052657 0.940234 347.705 
0.945726 0.0327766 0.323308 78.5169 -0.0469942 0.998237 0.0362649 -31.7069 -0.32155 -0.0494902 0.945599 349.49 
0.954039 0.0282855 0.298344 79.0765 -0.0409278 0.998506 0.0362116 -31.6729 -0.296874 -0.0467579 0.953771 351.282 
0.964625 0.0216156 0.262737 79.5717 -0.0326206 0.99876 0.0375962 -31.6409 -0.261599 -0.0448369 0.964135 353.078 
0.970172 0.0186512 0.2417 79.7884 -0.0283887 0.998917 0.0368679 -31.6251 -0.24075 -0.0426297 0.96965 353.971 
0.980713 0.0193476 0.194494 80.1468 -0.0267539 0.999011 0.0355254 -31.5914 -0.193614 -0.0400437 0.98026 355.783 
0.989794 0.0200942 0.141083 80.4021 -0.0248282 0.999183 0.031875 -31.5598 -0.140327 -0.0350525 0.989484 357.594 
0.993433 0.022638 0.112153 80.4873 -0.0262634 0.999176 0.0309544 -31.5418 -0.11136 -0.0336967 0.993209 358.514 
0.996342 0.0231953 0.0822429 80.5442 -0.0258269 0.999183 0.03108 -31.5256 -0.0814548 -0.0330904 0.996128 359.423 
0.998429 0.0224357 0.0513339 80.5779 -0.0241229 0.999181 0.0324869 -31.5089 -0.0505629 -0.0336742 0.998153 360.347 
0.999653 0.024178 -0.010437 80.554 -0.023848 0.999245 0.0306638 -31.4812 0.0111705 -0.0304043 0.999475 362.182 
0.997447 0.0278688 -0.0657493 80.4224 -0.0261127 0.999283 0.0274182 -31.4585 0.0664663 -0.0256313 0.997459 364.022 
0.995719 0.0303776 -0.0872941 80.3253 -0.0281073 0.999237 0.0271202 -31.4474 0.0880513 -0.0245505 0.995813 364.95 
0.993888 0.0356711 -0.104475 80.2083 -0.0326203 0.998994 0.0307662 -31.43 0.105468 -0.0271701 0.994051 365.886 
0.992349 0.0436087 -0.115502 80.0779 -0.0395309 0.99852 0.0373641 -31.4145 0.11696 -0.0325124 0.992604 366.824 
0.990974 0.0491986 -0.124697 79.8154 -0.0457444 0.99849 0.030416 -31.375 0.126006 -0.0244373 0.991729 368.705 
0.990911 0.0527084 -0.12376 79.5529 -0.0501812 0.998465 0.0234515 -31.3423 0.124806 -0.017028 0.992035 370.624 
0.991654 0.052528 -0.117741 79.3057 -0.050011 0.998455 0.0242328 -31.3244 0.118832 -0.0181422 0.992749 372.585 
0.992085 0.0500654 -0.115154 79.1899 -0.0477996 0.998607 0.0223567 -31.3167 0.116113 -0.0166755 0.993096 373.576 
0.992793 0.0450163 -0.111064 78.9618 -0.0439078 0.998958 0.0124078 -31.3058 0.111507 -0.00744183 0.993736 375.591 
0.993209 0.0435249 -0.107893 78.7307 -0.0425924 0.999033 0.0109329 -31.3034 0.108265 -0.0062632 0.994102 377.661 
0.993185 0.0477171 -0.106332 78.4872 -0.0464277 0.998815 0.0145708 -31.3029 0.106901 -0.00953477 0.994224 379.779 
0.9931 0.0497306 -0.106204 78.3639 -0.0484299 0.998717 0.0147934 -31.3001 0.106803 -0.00954788 0.994234 380.853 
0.99292 0.0523491 -0.106627 78.2369 -0.0510949 0.998589 0.014462 -31.2977 0.107234 -0.00891147 0.994194 381.936 
0.992644 0.0539043 -0.108405 77.9805 -0.0528826 0.998525 0.0122808 -31.2953 0.108907 -0.00645769 0.994031 384.12 
0.992315 0.0499864 -0.113195 77.7243 -0.0495175 0.998749 0.00695231 -31.3122 0.113401 -0.00129375 0.993548 386.332 
0.991343 0.0409603 -0.124742 77.4537 -0.0401437 0.999153 0.00905375 -31.336 0.125007 -0.00396778 0.992148 388.562 
0.989042 0.0327088 -0.143963 77.1443 -0.0318782 0.999459 0.00807251 -31.3627 0.14415 -0.00339475 0.98955 390.785 
0.986162 0.0289146 -0.163242 76.7857 -0.0284082 0.999582 0.00543655 -31.3927 0.16333 -0.000723926 0.986571 392.998 
0.982921 0.0274968 -0.181962 76.3813 -0.0267002 0.99962 0.00682635 -31.4246 0.18208 -0.00185134 0.983282 395.209 
0.981216 0.0265329 -0.191077 76.1643 -0.0256588 0.999646 0.00704765 -31.4401 0.191196 -0.00201246 0.98155 396.308 
0.977632 0.0275159 -0.208515 75.6981 -0.0273237 0.999619 0.00380297 -31.4738 0.20854 0.00197949 0.978012 398.486 
0.975848 0.02682 -0.216798 75.4531 -0.0268934 0.999635 0.00261256 -31.4923 0.216789 0.00328097 0.976213 399.564 
0.974138 0.0271448 -0.224319 75.2019 -0.0272609 0.999625 0.0025798 -31.515 0.224305 0.00360208 0.974512 400.641 
0.972544 0.02735 -0.231105 74.9473 -0.0275637 0.999617 0.00230466 -31.5408 0.231079 0.00412871 0.972926 401.713 
0.97113 0.0256412 -0.23717 74.6878 -0.0261003 0.999659 0.00120443 -31.5655 0.23712 0.00502053 0.971468 402.778 
