1 1.19763e-11 1.70464e-10 -5.55111e-17 1.19763e-11 1 3.5625e-10 0 1.70464e-10 3.5625e-10 1 2.22045e-16 
0.999997 -0.00256081 -0.000214624 -0.0377795 0.00256093 0.999997 0.000594871 -0.0577402 0.000213099 -0.000595419 1 3.94179 
0.999993 -0.00364307 -0.000566948 -0.0443199 0.00364405 0.999992 0.00172754 -0.103323 0.00056065 -0.0017296 0.999998 6.58201 
0.999984 -0.00544743 -0.00126681 -0.0505673 0.00545167 0.999979 0.00336748 -0.141507 0.00124844 -0.00337433 0.999994 9.24097 
0.999997 -0.00171572 -0.00178225 -0.0718692 0.00171555 0.999999 -9.42843e-05 -0.188762 0.00178241 9.12265e-05 0.999998 11.9073 
0.99998 0.00605567 0.00153776 -0.156132 -0.00605313 0.99998 -0.00165026 -0.227598 -0.00154772 0.00164092 0.999997 14.5862 
0.999993 0.00211959 0.0031145 -0.20062 -0.00213128 0.999991 0.00375631 -0.292131 -0.00310651 -0.00376292 0.999988 18.6456 
0.999996 -0.00185003 0.00232963 -0.200646 0.00185087 0.999998 -0.000356737 -0.338175 -0.00232897 0.000361047 0.999997 21.3508 
0.999993 0.00179905 0.00319524 -0.199022 -0.00179953 0.999998 0.000146549 -0.382824 -0.00319497 -0.000152298 0.999995 24.0798 
0.999989 0.000583483 0.00460023 -0.201456 -0.000609845 0.999983 0.00573133 -0.422865 -0.00459681 -0.00573407 0.999973 26.834 
0.999985 -0.00321797 0.0043912 -0.208432 0.00321244 0.999994 0.00126616 -0.450418 -0.00439525 -0.00125204 0.99999 29.5841 
0.999984 0.000305853 0.0056269 -0.213637 -0.000294758 0.999998 -0.00197247 -0.495546 -0.00562749 0.00197078 0.999982 32.3475 
0.999978 0.0025309 0.00616936 -0.210472 -0.00250699 0.999989 -0.00387961 -0.543819 -0.00617911 0.00386406 0.999973 35.1232 
0.999972 0.00474869 0.00586424 -0.222082 -0.00474113 0.999988 -0.00130246 -0.59438 -0.00587036 0.00127462 0.999982 37.9118 
0.999936 0.00929184 0.00643125 -0.273305 -0.00928048 0.999955 -0.00179295 -0.619319 -0.00644762 0.00173315 0.999978 40.7089 
0.99988 0.013961 0.00678275 -0.269112 -0.01395 0.999901 -0.00166904 -0.66577 -0.00680538 0.00157422 0.999976 43.5234 
0.999922 0.0113797 0.00511111 -0.270539 -0.0113679 0.999933 -0.00232636 -0.714462 -0.00513724 0.00226808 0.999984 46.3252 
0.999913 0.0127138 0.00355731 -0.271376 -0.0127086 0.999918 -0.00148282 -0.758366 -0.00357587 0.00143748 0.999993 49.1595 
0.999914 0.0130202 0.0016826 -0.310636 -0.0130176 0.999914 -0.00154675 -0.805622 -0.0017026 0.00152471 0.999997 52.0069 
0.999932 0.0116613 -0.000376572 -0.310799 -0.0116613 0.999932 9.08983e-05 -0.85449 0.000377606 -8.65008e-05 1 54.8638 
0.999969 0.00754302 -0.00205489 -0.318648 -0.00754452 0.999971 -0.000724651 -0.899703 0.00204936 0.000740132 0.999998 57.7238 
0.999986 0.00491427 -0.00197505 -0.324303 -0.00491436 0.999988 -3.67861e-05 -0.947248 0.00197484 4.64917e-05 0.999998 60.5875 
0.999995 0.00295743 -0.00110778 -0.338767 -0.00295751 0.999996 -6.97021e-05 -0.990456 0.00110756 7.29781e-05 0.999999 63.4345 
0.999998 0.00199372 -2.46229e-05 -0.364245 -0.00199375 0.999997 -0.00127295 -1.05039 2.2085e-05 0.001273 0.999999 66.2724 
0.999983 0.00585692 0.000754372 -0.36383 -0.00585688 0.999983 -5.73607e-05 -1.10407 -0.000754695 5.29415e-05 1 69.0955 
0.999904 0.013624 0.00232912 -0.384643 -0.0136271 0.999906 0.0013059 -1.1514 -0.00231111 -0.00133751 0.999996 71.9164 
0.999765 0.0214446 0.00331762 -0.377127 -0.0214455 0.99977 0.000246032 -1.20629 -0.00331159 -0.000317122 0.999994 74.7199 
0.999789 0.0204576 0.00157721 -0.342772 -0.020458 0.999791 0.000211008 -1.23987 -0.00157257 -0.000243231 0.999999 77.5221 
0.999842 0.0177387 0.000924953 -0.350884 -0.0177378 0.999842 -0.000981636 -1.29106 -0.00094222 0.000965074 0.999999 80.3042 
0.99982 0.0189375 0.00107251 -0.365243 -0.0189364 0.99982 -0.00103059 -1.34272 -0.00109184 0.0010101 0.999999 83.0746 
0.999827 0.0185826 0.000186949 -0.400954 -0.0185824 0.999827 -0.000866043 -1.40048 -0.00020301 0.000862419 1 85.8443 
0.999888 0.0147883 -0.00238934 -0.433285 -0.0147867 0.99989 0.000683271 -1.44409 0.00239918 -0.000647864 0.999997 88.6041 
0.999933 0.0108771 -0.00405151 -0.455303 -0.0108726 0.99994 0.00114282 -1.49153 0.0040637 -0.0010987 0.999991 91.3499 
0.999961 0.00731894 -0.0049634 -0.504769 -0.00731737 0.999973 0.00033337 -1.5435 0.00496571 -0.000297038 0.999988 94.0756 
0.99996 0.00688121 -0.0056524 -0.528852 -0.0068844 0.999976 -0.000543721 -1.60337 0.00564852 0.000582613 0.999984 96.7881 
0.999942 0.00924194 -0.00554218 -0.558419 -0.00925009 0.999956 -0.00144597 -1.65269 0.00552857 0.00149715 0.999984 99.4878 
0.999932 0.0107837 -0.00443546 -0.601274 -0.0107779 0.999941 0.00132534 -1.70964 0.00444949 -0.00127745 0.999989 102.177 
0.999941 0.00989925 -0.00448162 -0.609256 -0.00990993 0.999948 -0.00236748 -1.76497 0.00445795 0.00241175 0.999987 104.856 
0.999964 0.00677041 -0.00519861 -0.636625 -0.00678335 0.999974 -0.00247507 -1.81933 0.00518172 0.00251024 0.999983 107.53 
0.999986 0.00332438 -0.004197 -0.646308 -0.00332455 0.999994 -3.32333e-05 -1.87191 0.00419687 4.7186e-05 0.999991 110.208 
0.999988 0.00345448 -0.00342351 -0.660341 -0.00346785 0.999986 -0.00390681 -1.92418 0.00340997 0.00391863 0.999987 112.87 
0.999965 0.00821263 -0.00126301 -0.689881 -0.00822035 0.999947 -0.00624099 -1.98276 0.00121168 0.00625115 0.99998 115.523 
0.999977 0.00679778 -0.000390789 -0.674465 -0.00679867 0.999974 -0.00231525 -2.0385 0.00037504 0.00231785 0.999997 118.182 
0.999969 0.00763889 0.00211547 -0.714003 -0.00763308 0.999967 -0.00274169 -2.0868 -0.00213634 0.00272545 0.999994 120.855 
0.999935 0.0106055 0.00428881 -0.70572 -0.0105901 0.999937 -0.00358912 -2.14065 -0.0043266 0.00354347 0.999984 123.587 
0.99991 0.011724 0.00648095 -0.702407 -0.0116895 0.999917 -0.00533487 -2.2024 -0.00654296 0.00525863 0.999965 126.306 
0.999949 0.00803408 0.00607886 -0.664259 -0.00800268 0.999955 -0.0051715 -2.2517 -0.00612013 0.00512259 0.999968 129.015 
0.999947 0.00803828 0.00645998 -0.659382 -0.00800589 0.999955 -0.00502478 -2.31152 -0.00650008 0.0049728 0.999967 131.725 
0.999965 0.00519938 0.00658828 -0.673252 -0.00517057 0.999977 -0.00438243 -2.35619 -0.00661091 0.00434822 0.999969 134.433 
0.999975 0.00367801 0.00604048 -0.693536 -0.00365053 0.999983 -0.00455523 -2.42121 -0.00605713 0.00453307 0.999971 137.135 
0.999992 0.000619954 0.00388026 -0.695113 -0.000606529 0.999994 -0.00346001 -2.48122 -0.00388238 0.00345763 0.999986 139.836 
0.999998 0.000653204 0.00211266 -0.723118 -0.000644022 0.99999 -0.00434375 -2.53082 -0.00211548 0.00434238 0.999988 142.537 
0.999997 -0.0025032 -0.000213173 -0.726783 0.00250161 0.999971 -0.00712419 -2.59117 0.000231 0.00712363 0.999975 145.231 
0.999887 -0.0148312 -0.00261236 -0.702876 0.014817 0.999876 -0.00537402 -2.65465 0.00269174 0.0053347 0.999982 147.925 
0.999732 -0.0226913 -0.00465726 -0.709214 0.0226557 0.999715 -0.00756692 -2.70892 0.00482763 0.00745938 0.999961 150.621 
0.999817 -0.0188323 -0.00324245 -0.739628 0.0187905 0.999745 -0.0124933 -2.78777 0.00347691 0.0124301 0.999917 153.307 
0.999734 -0.0228575 -0.00293945 -0.731529 0.0228303 0.999699 -0.00897688 -2.87264 0.00314376 0.00890739 0.999955 156 
0.999511 -0.0311807 -0.00255094 -0.730016 0.0311673 0.999501 -0.00511856 -2.93695 0.00270927 0.00503655 0.999984 158.69 
0.999487 -0.0319872 -0.00146914 -0.742773 0.0319809 0.99948 -0.00414888 -3.00424 0.00160108 0.00409977 0.99999 161.379 
0.999679 -0.0253195 0.000432851 -0.768486 0.025322 0.999655 -0.00701977 -3.07008 -0.000254964 0.00702848 0.999975 164.076 
0.999785 -0.0207054 0.000970281 -0.771922 0.0207107 0.999768 -0.00588545 -3.146 -0.000848196 0.00590428 0.999982 166.782 
0.999854 -0.0170636 0.000195151 -0.789989 0.0170646 0.999817 -0.00869393 -3.21207 -4.67656e-05 0.00869599 0.999962 169.507 
0.999958 -0.00910977 -0.0014089 -0.807028 0.0090907 0.999874 -0.0129939 -3.27893 0.00152709 0.0129805 0.999915 172.231 
0.999997 -0.00222295 -0.000576144 -0.840577 0.002217 0.999946 -0.0101448 -3.35461 0.000598665 0.0101435 0.999948 174.975 
0.999985 -0.00534541 -0.000992788 -0.863572 0.0053385 0.999962 -0.00684006 -3.42034 0.00102931 0.00683465 0.999976 177.756 
0.999966 -0.00725924 -0.00391885 -0.889836 0.00721394 0.999908 -0.0114541 -3.48388 0.00400164 0.0114254 0.999927 180.511 
0.999977 -0.00183803 -0.00647826 -0.91742 0.00173047 0.999861 -0.0165699 -3.55374 0.00650782 0.0165583 0.999842 183.278 
0.99997 0.00398294 -0.00670284 -0.952912 -0.00406792 0.999911 -0.0127131 -3.6241 0.0066516 0.01274 0.999897 186.069 
0.999957 0.0055794 -0.00739855 -0.868286 -0.00565136 0.999937 -0.00974124 -3.73163 0.00734373 0.00978263 0.999925 188.825 
0.999975 0.00379494 -0.00588586 -0.933708 -0.00384585 0.999955 -0.0086623 -3.80942 0.00585272 0.00868473 0.999945 191.64 
0.999987 -0.00131432 -0.00499038 -0.962045 0.00127494 0.999968 -0.00788651 -3.87001 0.00500059 0.00788005 0.999956 194.464 
0.999957 -0.00827805 -0.0041781 -0.990505 0.00825146 0.999946 -0.00634276 -3.93946 0.00423038 0.00630802 0.999971 197.306 
0.999995 0.000461223 -0.00312141 -1.04503 -0.000509903 0.999878 -0.0156127 -4.02451 0.00311383 0.0156142 0.999873 200.149 
0.999836 0.0181114 -6.28855e-05 -1.09542 -0.0181109 0.999765 -0.0119234 -4.11115 -0.000153079 0.0119226 0.999929 203.03 
0.999863 0.016512 -0.000944958 -1.1009 -0.0165204 0.999817 -0.0096303 -4.17665 0.00078577 0.00964459 0.999953 205.899 
0.999915 0.0127231 -0.00280072 -1.1334 -0.0127527 0.99986 -0.0108422 -4.28761 0.00266238 0.010877 0.999937 210.259 
0.999869 0.0159846 -0.00251114 -1.17887 -0.0160099 0.999818 -0.010394 -4.35545 0.00234453 0.0104328 0.999943 213.182 
0.999883 0.0151603 -0.00226826 -1.23611 -0.0151869 0.99981 -0.0122484 -4.42671 0.00208214 0.0122814 0.999922 216.125 
0.999877 0.0155441 -0.0020191 -1.28752 -0.0155695 0.999791 -0.0132723 -4.49792 0.00181237 0.0133021 0.99991 219.088 
0.999869 0.0159571 -0.00254051 -1.30458 -0.0159908 0.999776 -0.0138447 -4.58052 0.00231902 0.0138835 0.999901 222.05 
0.99985 0.01697 -0.00336208 -1.33599 -0.0170164 0.999753 -0.0142889 -4.67556 0.00311877 0.0143439 0.999892 225.027 
0.999843 0.0173232 -0.00381625 -1.3594 -0.0173756 0.999749 -0.0141441 -4.77215 0.00357027 0.0142081 0.999893 228.011 
0.999885 0.0146797 -0.0039288 -1.38468 -0.0147339 0.999791 -0.0141492 -4.86556 0.00372027 0.0142055 0.999892 230.995 
0.999903 0.0134219 -0.0037072 -1.40365 -0.0134691 0.999824 -0.0130242 -4.96535 0.00353174 0.0130729 0.999908 233.989 
0.99989 0.0144271 -0.00347093 -1.43128 -0.0144752 0.999794 -0.0142423 -5.05138 0.00326474 0.0142909 0.999893 236.992 
0.99987 0.0158684 -0.00268069 -1.44934 -0.0158993 0.999803 -0.0119131 -5.12976 0.00249112 0.0119541 0.999925 240.004 
0.999865 0.0163545 -0.00152551 -1.46595 -0.0163732 0.999779 -0.0131788 -5.21438 0.00130964 0.013202 0.999912 243.031 
0.999846 0.017545 -0.0007322 -1.49077 -0.0175536 0.999746 -0.0141156 -5.30671 0.000484355 0.0141263 0.9999 246.062 
0.999862 0.0165221 -0.00161119 -1.50213 -0.0165411 0.999784 -0.0125723 -5.40017 0.00140312 0.0125973 0.99992 249.113 
0.99985 0.0171676 -0.00239247 -1.51929 -0.0171963 0.999774 -0.0125229 -5.48422 0.00217694 0.0125622 0.999919 252.17 
0.999841 0.0177401 -0.00196814 -1.56199 -0.0177627 0.999769 -0.0121304 -5.57115 0.00175249 0.0121634 0.999924 255.232 
0.999888 0.0148915 -0.00176965 -1.59324 -0.0149106 0.999825 -0.0113409 -5.66509 0.00160045 0.011366 0.999934 258.303 
0.999918 0.0126951 -0.00173834 -1.61217 -0.0127146 0.99985 -0.0117371 -5.74203 0.00158908 0.0117582 0.99993 261.378 
0.999962 0.00859925 -0.00108225 -1.64512 -0.0086106 0.999903 -0.0109567 -5.8226 0.00098792 0.0109656 0.999939 264.458 
0.999987 0.00474662 -0.00163256 -1.63499 -0.00476326 0.999935 -0.0103427 -5.89737 0.00158337 0.0103504 0.999945 267.546 
0.999979 0.00635013 -0.000984014 -1.66603 -0.00636133 0.99991 -0.0118353 -5.98815 0.000908769 0.0118413 0.999929 270.622 
0.999956 0.00924297 0.00162701 -1.6825 -0.00922283 0.999886 -0.0119759 -6.07315 -0.00173752 0.0119604 0.999927 273.738 
0.999893 0.0137656 0.00496497 -1.74144 -0.0137046 0.999832 -0.0121319 -6.17351 -0.00513114 0.0120626 0.999914 276.831 
0.999904 0.0124153 0.00622281 -1.74484 -0.0123301 0.999832 -0.0135486 -6.25911 -0.00638998 0.0134705 0.999889 279.923 
0.999895 0.0117511 0.0085031 -1.7407 -0.0116462 0.999857 -0.0122795 -6.3608 -0.00864618 0.0121792 0.999888 283.028 
0.999904 0.0106738 0.00885652 -1.71938 -0.0105445 0.999839 -0.0145235 -6.46667 -0.00901012 0.0144288 0.999855 286.129 
0.999936 0.00950972 0.00619799 -1.63083 -0.00940761 0.999823 -0.0163008 -6.58478 -0.00635191 0.0162415 0.999848 289.242 
0.999959 0.00805536 0.00423672 -1.63008 -0.00798344 0.999828 -0.0167268 -6.68811 -0.00437073 0.0166923 0.999851 292.353 
0.999954 0.00897539 0.00338532 -1.63795 -0.00891775 0.999821 -0.0166727 -6.78638 -0.00353436 0.0166418 0.999855 295.485 
0.999979 0.00638425 0.000740486 -1.62414 -0.0063721 0.999861 -0.0153845 -6.88378 -0.000838602 0.0153795 0.999881 298.631 
0.999966 0.00820919 0.000835848 -1.64608 -0.00819623 0.999862 -0.0144805 -6.96513 -0.000954605 0.0144731 0.999895 301.806 
0.99997 0.00737621 0.00226567 -1.68979 -0.00734144 0.999861 -0.0149876 -7.06204 -0.00237591 0.0149705 0.999885 304.992 
0.999989 0.00389853 0.00263194 -1.68222 -0.00385077 0.999832 -0.0179103 -7.16446 -0.00270133 0.0179 0.999836 308.194 
0.999996 0.00190139 -0.00224293 -1.66035 -0.00194567 0.9998 -0.0199068 -7.2728 0.00220463 0.019911 0.999799 311.409 
0.999981 0.00399473 -0.00467047 -1.68334 -0.004068 0.999867 -0.0157869 -7.39164 0.00460678 0.0158056 0.999864 314.641 
0.999993 0.00209201 -0.00316972 -1.72613 -0.00213375 0.99991 -0.0132235 -7.54284 0.00314177 0.0132302 0.999908 319.533 
0.999996 0.000617414 -0.00279056 -1.74956 -0.000654249 0.999912 -0.0132184 -7.63735 0.00278215 0.0132202 0.999909 322.793 
0.999995 0.00239797 -0.00193691 -1.7707 -0.00242464 0.999901 -0.0138845 -7.747 0.00190343 0.0138891 0.999902 326.046 
0.999999 0.00123723 -0.00106693 -1.77452 -0.0012506 0.99992 -0.0126241 -7.85228 0.00105123 0.0126254 0.99992 329.296 
1 -0.000290902 -0.000680046 -1.78139 0.00028194 0.999914 -0.013141 -7.95649 0.00068381 0.0131408 0.999913 332.546 
0.999996 0.00291862 -0.000617123 -1.80829 -0.0029276 0.999882 -0.0150933 -8.05898 0.000572999 0.015095 0.999886 335.783 
0.999984 0.00510124 -0.00235591 -1.85185 -0.00514203 0.999831 -0.0176441 -8.16858 0.00226551 0.017656 0.999842 338.987 
0.999964 0.0073682 -0.00423378 -1.91911 -0.00741728 0.999904 -0.0116975 -8.26503 0.00414719 0.0117285 0.999923 342.208 
0.999952 0.0061032 -0.00760692 -1.95904 -0.00621159 0.999878 -0.0143075 -8.36007 0.00751867 0.0143541 0.999869 345.414 
0.999948 0.00437552 -0.00920922 -2.01671 -0.00448699 0.999916 -0.0121186 -8.46887 0.00915543 0.0121593 0.999884 348.618 
0.999946 0.00395544 -0.00956107 -2.06747 -0.00408319 0.999902 -0.013379 -8.57705 0.00950721 0.0134173 0.999865 351.811 
0.999942 0.00200561 -0.0105385 -2.11457 -0.0021497 0.999904 -0.0136789 -8.67893 0.0105101 0.0137008 0.999851 355 
0.999944 0.000809411 -0.0105311 -2.1574 -0.000966483 0.999888 -0.0149186 -8.78267 0.0105178 0.0149279 0.999833 358.186 
0.999948 0.00222438 -0.00993231 -2.21683 -0.00238224 0.999871 -0.0159104 -8.87981 0.00989564 0.0159332 0.999824 361.349 
0.999935 -0.00209466 -0.0111782 -2.2366 0.00192567 0.999884 -0.0151071 -8.9892 0.0112085 0.0150846 0.999823 364.511 
0.999911 -0.00549467 -0.012153 -2.27573 0.00529997 0.999858 -0.0159961 -9.07262 0.0122391 0.0159303 0.999798 367.694 
0.999916 -0.00370034 -0.0124126 -2.32106 0.0035033 0.999868 -0.0158589 -9.18092 0.0124696 0.0158141 0.999797 370.894 
0.999945 -0.00101372 -0.0103935 -2.40484 0.000864903 0.999897 -0.0143128 -9.30353 0.0104069 0.0143031 0.999844 374.155 
0.99994 -0.00159018 -0.0108552 -2.44104 0.00142637 0.999885 -0.0150814 -9.41029 0.0108779 0.015065 0.999827 377.29 
0.999953 -0.000260092 -0.00967248 -2.49158 0.00011526 0.999888 -0.0149712 -9.51282 0.00967529 0.0149693 0.999841 380.502 
0.999956 0.00210311 -0.00916567 -2.53775 -0.00223986 0.999886 -0.0149354 -9.61698 0.00913322 0.0149553 0.999846 383.725 
0.999955 0.00416874 -0.00848393 -2.58382 -0.00429861 0.999873 -0.015348 -9.72282 0.00841887 0.0153838 0.999846 386.95 
0.999943 0.00753028 -0.00753831 -2.65662 -0.00763841 0.999867 -0.0144192 -9.81953 0.00742872 0.014476 0.999868 390.184 
0.999933 0.00870461 -0.00758114 -2.70114 -0.00881233 0.999859 -0.0142938 -9.93071 0.00745564 0.0143596 0.999869 393.439 
