1 1.19763e-11 1.70464e-10 5.55111e-17 1.19763e-11 1 3.5625e-10 0 1.70464e-10 3.5625e-10 1 2.22045e-16 
0.999851 -0.0118584 0.0125396 0.0705324 0.0118954 0.999925 -0.0028753 -0.0288315 -0.0125046 0.00302403 0.999917 1.50086 
0.99936 -0.00884888 -0.0346539 0.0349382 0.00867917 0.99995 -0.00504468 -0.05404 0.0346968 0.00474069 0.999387 2.51677 
0.997237 -0.00450796 -0.0741536 -0.030863 0.00401261 0.999969 -0.0068277 -0.0708538 0.0741821 0.00651129 0.997224 3.24715 
0.988853 -0.00473132 -0.148821 -0.271424 0.00421114 0.999984 -0.00381028 -0.104355 0.148837 0.0031411 0.988857 4.82831 
0.982722 -0.00843207 -0.184895 -0.52767 0.00728958 0.99995 -0.00685808 -0.13162 0.184944 0.00539178 0.982734 6.12782 
0.978032 -0.00786601 -0.208306 -0.834805 0.00520747 0.999898 -0.013308 -0.160426 0.20839 0.0119309 0.977973 7.54838 
0.974445 -0.0179421 -0.22391 -1.05287 0.014605 0.999756 -0.0165511 -0.187051 0.224152 0.0128579 0.974469 8.55498 
0.970381 -0.0147765 -0.241127 -1.31795 0.00962766 0.9997 -0.0225173 -0.21944 0.241388 0.0195289 0.970232 9.60761 
0.961395 -0.0166012 -0.274673 -1.9029 0.00799167 0.999442 -0.0324343 -0.327927 0.275058 0.028987 0.960991 11.8293 
0.954999 -0.017963 -0.296066 -2.43094 0.00386345 0.998833 -0.0481395 -0.414923 0.296585 0.0448293 0.953954 13.6035 
0.952471 -0.018583 -0.304062 -2.81937 -0.00121639 0.997898 -0.0647976 -0.478137 0.304627 0.0620877 0.950446 14.8415 
0.949837 -0.0176562 -0.312246 -3.23733 -0.00804806 0.996695 -0.0808407 -0.570138 0.312642 0.0792985 0.946555 16.1246 
0.946582 -0.0144355 -0.322139 -3.70362 -0.0164963 0.995522 -0.0930837 -0.696851 0.32204 0.0934254 0.942105 17.4415 
0.943182 -0.00961 -0.332138 -4.20623 -0.0256314 0.994499 -0.101561 -0.844372 0.331287 0.104303 0.937747 18.801 
0.936868 -0.0075193 -0.349602 -5.00232 -0.0294695 0.994514 -0.100363 -1.09105 0.348439 0.10433 0.931507 20.9243 
0.931099 -0.00694884 -0.364699 -5.57559 -0.0300374 0.994962 -0.0956449 -1.26005 0.363527 0.10001 0.9262 22.3896 
0.920624 0.00224746 -0.390443 -6.55319 -0.0364877 0.996103 -0.0803005 -1.52649 0.388741 0.0881729 0.917118 24.6298 
0.908864 0.00326854 -0.417081 -7.60633 -0.0387532 0.996305 -0.0766397 -1.76197 0.415289 0.0858182 0.905632 26.9144 
0.897202 0.00400336 -0.441603 -8.75708 -0.0382014 0.996914 -0.068576 -1.99023 0.439966 0.0783964 0.894586 29.2614 
0.885829 0.00584929 -0.463975 -10.0071 -0.0361449 0.997752 -0.0564299 -2.19645 0.462602 0.0667576 0.884049 31.675 
0.876405 0.0044446 -0.481554 -11.3541 -0.0336562 0.998078 -0.0520406 -2.38108 0.480397 0.0618159 0.87487 34.1521 
0.870192 0.00231948 -0.492707 -12.7925 -0.0326558 0.998062 -0.0529764 -2.57088 0.491629 0.0621894 0.868581 36.722 
0.869635 0.00297516 -0.493686 -13.7845 -0.0319506 0.998225 -0.0502656 -2.70734 0.492661 0.0594863 0.868186 38.5166 
0.868773 1.96643e-05 -0.49521 -14.808 -0.0285815 0.998335 -0.0501023 -2.84176 0.494385 0.0576814 0.867327 40.3431 
0.866109 -0.00315282 -0.499846 -15.8674 -0.0247012 0.998488 -0.0490991 -2.97659 0.499245 0.0548719 0.864722 42.1904 
0.861212 -0.00251556 -0.508239 -16.9452 -0.0211271 0.998946 -0.0407442 -3.1089 0.507806 0.045827 0.860251 44.0351 
0.852081 -0.00580495 -0.523377 -18.0467 -0.0181624 0.999008 -0.0406495 -3.23564 0.523094 0.0441424 0.851131 45.8569 
0.839803 -0.0103353 -0.542793 -19.2123 -0.0160177 0.998912 -0.0438028 -3.35651 0.542655 0.04548 0.838724 47.6623 
0.828712 -0.00160584 -0.559674 -20.4338 -0.0205063 0.999237 -0.0332308 -3.46527 0.5593 0.0390155 0.828047 49.4334 
0.817964 -0.00641238 -0.575233 -22.2986 -0.0249715 0.998599 -0.0466406 -3.63503 0.574727 0.0525148 0.816659 52.0118 
0.807862 -0.00279969 -0.589364 -24.2013 -0.0243917 0.998973 -0.03818 -3.82252 0.588866 0.0452197 0.806965 54.5969 
0.80164 -0.000716807 -0.597807 -25.4948 -0.0255765 0.999043 -0.0354952 -3.92143 0.59726 0.0437442 0.800854 56.3134 
0.789638 -0.00588399 -0.613545 -27.4825 -0.0238154 0.998907 -0.0402303 -4.07062 0.613111 0.0463792 0.788634 58.8646 
0.780153 -0.00523078 -0.625567 -28.845 -0.0239325 0.998984 -0.0381997 -4.18729 0.625131 0.0447729 0.779235 60.5311 
0.769223 -0.00810874 -0.63893 -30.245 -0.0229943 0.99892 -0.0403608 -4.30839 0.638567 0.0457382 0.768206 62.1921 
0.751598 -0.0125318 -0.659502 -32.4174 -0.0214244 0.998828 -0.0433958 -4.49539 0.659273 0.0467456 0.750449 64.6696 
0.732543 -0.013498 -0.680587 -34.6737 -0.019273 0.998991 -0.0405571 -4.69083 0.680448 0.0428267 0.731544 67.0945 
0.719491 -0.0170822 -0.694292 -36.2506 -0.0177557 0.998918 -0.0429773 -4.83498 0.694275 0.0432494 0.718409 68.682 
0.702843 -0.0150363 -0.711187 -38.6925 -0.0208797 0.99891 -0.0417542 -5.05786 0.711039 0.044196 0.701762 71.0526 
0.687532 -0.020307 -0.72587 -41.1928 -0.0211282 0.998626 -0.0479499 -5.29236 0.725846 0.0483034 0.686159 73.4057 
0.677418 -0.0202918 -0.735318 -42.9145 -0.0214254 0.998651 -0.047297 -5.44397 0.735286 0.0477944 0.676069 74.9579 
0.667116 -0.0212421 -0.744651 -44.6583 -0.0199325 0.998726 -0.046347 -5.60232 0.744687 0.0457616 0.665843 76.5097 
0.657692 -0.0232386 -0.752929 -46.4323 -0.0180077 0.998753 -0.0465557 -5.7518 0.753072 0.0441778 0.656453 78.0513 
0.649816 -0.0259303 -0.759649 -48.239 -0.0145525 0.99881 -0.0465424 -5.89842 0.759953 0.0412988 0.648665 79.5962 
0.640457 -0.0354895 -0.767173 -50.076 -0.00685873 0.998628 -0.0519224 -6.06436 0.767963 0.0385159 0.639335 81.1292 
0.616297 -0.0442673 -0.786269 -52.8957 0.00631046 0.998664 -0.051279 -6.32682 0.787489 0.0266414 0.615753 83.3966 
0.578477 -0.0457728 -0.814413 -56.8446 0.0061903 0.998642 -0.0517301 -6.66071 0.815675 0.0248832 0.577975 86.2849 
0.547628 -0.0482313 -0.835331 -59.9165 0.010468 0.998654 -0.0507988 -6.92835 0.836657 0.0190746 0.547395 88.3591 
0.506467 -0.0511064 -0.860743 -64.1713 0.00765584 0.998469 -0.0547791 -7.28391 0.862225 0.0211541 0.506083 90.9595 
0.471932 -0.0473256 -0.880364 -68.6065 0.00642676 0.998716 -0.0502427 -7.64359 0.881612 0.0180533 0.47163 93.4083 
0.445296 -0.06019 -0.893358 -73.1306 0.0138246 0.998081 -0.0603549 -8.01191 0.895277 0.0145255 0.445274 95.7283 
0.432213 -0.0565396 -0.899997 -76.5802 0.0211231 0.998393 -0.0525769 -8.30801 0.901524 0.00371369 0.432713 97.4151 
0.423285 -0.0552364 -0.904311 -79.9353 0.0262915 0.998468 -0.0486813 -8.57492 0.905615 -0.00316968 0.424089 99.0067 
0.41603 -0.0555315 -0.907654 -83.2801 0.0324628 0.998404 -0.0462042 -8.828 0.908771 -0.0102426 0.417169 100.563 
0.40792 -0.0562215 -0.911285 -87.6204 0.0410825 0.998222 -0.0431952 -9.14951 0.912093 -0.0198177 0.409504 102.509 
0.413915 -0.057771 -0.90848 -91.8228 0.0356433 0.998247 -0.0472399 -9.46262 0.909617 -0.0128279 0.415249 104.327 
0.431814 -0.0570946 -0.900154 -94.8824 0.0322541 0.998334 -0.0478493 -9.68029 0.901386 -0.00837171 0.432935 105.733 
0.458354 -0.0547039 -0.887084 -97.8684 0.0295935 0.99849 -0.0462831 -9.88676 0.888277 -0.00503785 0.459281 107.211 
0.490094 -0.0574627 -0.869774 -100.755 0.0249701 0.998341 -0.0518867 -10.0936 0.871312 0.00371105 0.490715 108.779 
0.527775 -0.0508167 -0.847863 -103.56 0.0203956 0.998679 -0.0471601 -10.2764 0.849139 0.00759722 0.528114 110.48 
0.562429 -0.0517523 -0.825224 -106.259 0.021376 0.998616 -0.0480574 -10.4273 0.826569 0.0093889 0.562757 112.256 
0.595181 -0.051216 -0.801958 -108.816 0.0230414 0.998644 -0.0466768 -10.5997 0.803261 0.00930296 0.595554 114.087 
0.615348 -0.0466776 -0.786873 -110.448 0.0219338 0.998873 -0.0421009 -10.7145 0.787951 0.00864758 0.615678 115.333 
0.635275 -0.0458613 -0.770923 -112.022 0.0183267 0.998849 -0.0443183 -10.8275 0.772069 0.0140258 0.635384 116.59 
0.653929 -0.043555 -0.755301 -113.542 0.0179591 0.998954 -0.0420567 -10.9407 0.756342 0.0139376 0.654027 117.859 
0.671133 -0.0409619 -0.740205 -115.015 0.0183221 0.999084 -0.0386755 -11.0507 0.741111 0.0123943 0.671269 119.133 
0.68663 -0.0393402 -0.725942 -116.434 0.016544 0.999122 -0.0384962 -11.1556 0.726819 0.0144227 0.686678 120.414 
0.701959 -0.0341544 -0.711398 -117.79 0.014903 0.999335 -0.0332731 -11.2426 0.712061 0.0127543 0.702001 121.689 
0.717465 -0.0317896 -0.695869 -119.079 0.0132068 0.999399 -0.0320393 -11.3261 0.69647 0.0137969 0.717454 122.948 
0.744327 -0.022132 -0.667448 -120.896 0.00771939 0.999669 -0.0245396 -11.4425 0.667771 0.0131132 0.744252 124.857 
0.784607 -0.0207519 -0.619646 -123.091 0.00494286 0.999617 -0.0272183 -11.5757 0.619974 0.0182929 0.784409 127.45 
0.814858 -0.0149236 -0.579468 -124.609 0.00409895 0.999792 -0.0199845 -11.6702 0.579646 0.0139093 0.81475 129.464 
0.853378 -0.0125866 -0.521141 -126.901 0.00657125 0.999889 -0.0133887 -11.838 0.521252 0.00800111 0.853365 132.986 
0.885507 -0.0118537 -0.464475 -129.39 0.00635088 0.99989 -0.01341 -11.9648 0.464583 0.00892481 0.885485 137.439 
0.905145 0.00265696 -0.425095 -131.85 -0.00098345 0.999991 0.00415619 -12.017 0.425102 -0.00334389 0.905139 142.308 
0.923746 -0.00241959 -0.382998 -133.832 0.00489341 0.999973 0.005485 -12.025 0.382974 -0.00694091 0.923733 146.748 
0.9395 0.00116569 -0.342548 -134.944 -1.171e-05 0.999994 0.00337087 -12.0506 0.34255 -0.00316292 0.939494 149.597 
0.959268 0.0100817 -0.282318 -135.912 -0.00781379 0.999927 0.00915806 -12.0754 0.28239 -0.00657905 0.959277 152.613 
0.976227 0.0139896 -0.216299 -136.683 -0.0107177 0.99981 0.0162929 -12.0991 0.216486 -0.0135873 0.976191 155.79 
0.988745 0.0194142 -0.148348 -137.267 -0.0160264 0.999583 0.0239985 -12.0886 0.148752 -0.0213509 0.988644 159.125 
0.996307 0.0169664 -0.0841671 -137.639 -0.015153 0.99964 0.0221385 -12.0515 0.0845125 -0.0207813 0.996206 162.601 
0.999566 0.0189688 -0.022535 -137.802 -0.0183825 0.999494 0.0259496 -11.9995 0.0230159 -0.0255241 0.999409 166.228 
0.997983 0.0227321 0.0592705 -137.693 -0.0240857 0.999463 0.0222244 -11.9517 -0.0587335 -0.0236072 0.997995 171.19 
0.99278 0.0251548 0.117286 -137.342 -0.0270906 0.999521 0.0149402 -11.9431 -0.116854 -0.0180096 0.992986 175.019 
0.981281 0.03197 0.18991 -136.522 -0.0313867 0.999489 -0.00607944 -12.0114 -0.190008 4.98218e-06 0.981783 180.228 
0.96951 0.0331708 0.242798 -135.639 -0.0318933 0.999449 -0.00919136 -12.1233 -0.242969 0.00116747 0.970033 184.219 
0.949969 0.0378993 0.310036 -134.118 -0.0334572 0.999247 -0.0196349 -12.3157 -0.310547 0.00827957 0.950522 189.577 
0.924396 0.0441532 0.37887 -132.176 -0.0340295 0.998863 -0.0333789 -12.5392 -0.379913 0.0179626 0.924848 194.968 
0.883007 0.0579988 0.465763 -129.756 -0.0404824 0.998049 -0.0475337 -12.8757 -0.467611 0.0231173 0.883632 200.306 
0.840394 0.0670996 0.537807 -127.547 -0.0435947 0.99746 -0.0563261 -13.1825 -0.540221 0.0238905 0.841184 204.19 
0.793555 0.0726658 0.604145 -124.994 -0.0391401 0.996884 -0.0684927 -13.5373 -0.607239 0.0307063 0.793925 207.898 
0.746315 0.0763897 0.661195 -122.129 -0.0339956 0.99647 -0.076753 -13.9531 -0.664724 0.0348042 0.746278 211.424 
0.701866 0.0791592 0.707897 -119.004 -0.0271963 0.996059 -0.0844178 -14.3972 -0.711789 0.0399979 0.701253 214.748 
0.672341 0.0832307 0.735548 -116.798 -0.0230406 0.99553 -0.0915883 -14.7179 -0.739883 0.0446311 0.671253 216.868 
0.640903 0.0850592 0.762895 -114.501 -0.0221509 0.995477 -0.0923822 -15.06 -0.767302 0.0423092 0.639888 218.899 
0.60602 0.0870936 0.790667 -112.14 -0.0267884 0.995659 -0.0891414 -15.3987 -0.794998 0.0328408 0.605722 220.829 
0.57079 0.0913652 0.815997 -109.742 -0.0300313 0.995448 -0.0904511 -15.7325 -0.820547 0.0271231 0.570935 222.622 
0.533866 0.0952362 0.840189 -107.307 -0.0325133 0.995214 -0.0921492 -16.0668 -0.844944 0.021878 0.534407 224.281 
0.492281 0.0924665 0.865511 -104.83 -0.0332856 0.995614 -0.087434 -16.3948 -0.8698 0.014233 0.493199 225.798 
0.449783 0.0899501 0.888597 -102.33 -0.0326211 0.995906 -0.0843009 -16.7091 -0.892542 0.00893008 0.450876 227.163 
0.408017 0.0887384 0.908651 -99.8146 -0.0291652 0.996024 -0.084175 -17.0112 -0.912508 0.00784385 0.408983 228.383 
0.345936 0.0866898 0.934245 -96.0257 -0.0203263 0.996181 -0.0849105 -17.4558 -0.938038 0.0103839 0.346377 229.936 
0.286058 0.0997708 0.953004 -92.2741 -0.0200026 0.99497 -0.0981602 -17.9027 -0.958004 0.0090169 0.286614 231.208 
0.2269 0.112763 0.967368 -88.5775 -0.0268599 0.993621 -0.109523 -18.3936 -0.973548 -0.00113258 0.228481 232.223 
0.168344 0.112246 0.979317 -84.9236 -0.0318471 0.993596 -0.108408 -18.8878 -0.985214 -0.0129386 0.17084 232.993 
0.111784 0.115377 0.987012 -81.3171 -0.0332629 0.993115 -0.112324 -19.3698 -0.993176 -0.0202749 0.114852 233.532 
0.0600304 0.110194 0.992096 -77.7781 -0.0313674 0.993605 -0.108464 -19.8473 -0.997704 -0.0246083 0.063103 233.86 
0.02258 0.102634 0.994463 -74.3374 -0.0276361 0.9944 -0.102 -20.295 -0.999363 -0.0251799 0.02529 234.018 
0.0011021 0.110341 0.993893 -71.0234 -0.0293055 0.99347 -0.110262 -20.7249 -0.99957 -0.029005 0.0043285 234.086 
-0.0127112 0.114916 0.993294 -67.8108 -0.0295388 0.992897 -0.115248 -21.1677 -0.999483 -0.0308057 -0.00922648 234.097 
-0.0165002 0.100636 0.994786 -65.6953 -0.0272839 0.994506 -0.10106 -21.4353 -0.999492 -0.0288092 -0.0136638 234.082 
-0.014548 0.108023 0.994042 -62.6125 -0.0294356 0.99367 -0.108413 -21.818 -0.999461 -0.0308374 -0.0112762 234.073 
-0.00936038 0.110221 0.993863 -60.5882 -0.0327238 0.99334 -0.110471 -22.0761 -0.999421 -0.033557 -0.0056912 234.081 
-0.00112466 0.113437 0.993545 -58.5896 -0.0367538 0.992869 -0.113402 -22.3345 -0.999324 -0.036644 0.00305261 234.109 
0.01166 0.109901 0.993874 -56.593 -0.0375214 0.99329 -0.109397 -22.5944 -0.999228 -0.0360159 0.0157054 234.154 
0.0265786 0.11087 0.993479 -54.6313 -0.0344327 0.993342 -0.109934 -22.8488 -0.999054 -0.0312863 0.0302192 234.221 
0.040326 0.109381 0.993182 -52.6695 -0.036086 0.993501 -0.107951 -23.1039 -0.998535 -0.0314867 0.044011 234.321 
0.0608597 0.106565 0.992441 -49.7524 -0.0371441 0.993838 -0.104437 -23.4779 -0.997455 -0.0305073 0.0644429 234.521 
0.0746412 0.110376 0.991083 -47.8287 -0.0369629 0.993479 -0.107859 -23.7182 -0.996525 -0.0285825 0.0782342 234.685 
0.0877187 0.112992 0.989716 -45.9147 -0.0409743 0.993114 -0.109749 -23.9657 -0.995302 -0.0309259 0.0917445 234.881 
0.101026 0.11031 0.988749 -44.0088 -0.0428326 0.993395 -0.106452 -24.2145 -0.993961 -0.0315963 0.105084 235.101 
0.114095 0.107849 0.987599 -42.1097 -0.0432448 0.993687 -0.103518 -24.4546 -0.992528 -0.0308977 0.118038 235.348 
0.128276 0.109404 0.985685 -40.2266 -0.04158 0.993616 -0.104873 -24.6872 -0.990866 -0.0275321 0.132006 235.615 
0.156337 0.114613 0.981031 -37.4365 -0.040405 0.993155 -0.109591 -25.0356 -0.986877 -0.0225054 0.159898 236.072 
0.169695 0.112362 0.97907 -35.5959 -0.0442997 0.993344 -0.106322 -25.2648 -0.9845 -0.0253301 0.173544 236.421 
0.176242 0.114705 0.977641 -33.7445 -0.0474819 0.993022 -0.10795 -25.49 -0.983201 -0.0273949 0.180459 236.786 
0.182185 0.116047 0.976392 -31.8721 -0.0463081 0.992922 -0.109371 -25.7165 -0.982173 -0.0252891 0.18627 237.159 
0.189024 0.116124 0.975082 -29.9809 -0.0438139 0.992992 -0.109763 -25.952 -0.980995 -0.0219743 0.192787 237.542 
0.196288 0.115196 0.973756 -28.0779 -0.0434901 0.993121 -0.10872 -26.2 -0.979581 -0.0210082 0.199948 237.945 
0.204227 0.109446 0.972786 -26.1642 -0.0406432 0.993822 -0.10328 -26.4524 -0.97808 -0.0184446 0.207413 238.361 
0.216276 0.11278 0.969796 -24.2477 -0.0381699 0.993523 -0.107027 -26.6951 -0.975586 -0.0138696 0.21918 238.792 
0.229685 0.111209 0.966891 -22.3264 -0.0373416 0.993726 -0.105425 -26.9405 -0.972549 -0.0118906 0.232396 239.249 
0.258753 0.111175 0.959524 -19.4733 -0.0315619 0.993797 -0.106635 -27.3034 -0.965428 -0.00269221 0.260657 239.999 
0.29184 0.106502 0.950519 -16.651 -0.0317561 0.994312 -0.101659 -27.6642 -0.95594 -0.000516554 0.293562 240.855 
0.313104 0.110478 0.943271 -14.7877 -0.0359189 0.993878 -0.104483 -27.9021 -0.94904 -0.00116728 0.315155 241.484 
0.342456 0.110289 0.933038 -12.0278 -0.0423245 0.993889 -0.101947 -28.2667 -0.93858 -0.00457791 0.345031 242.498 
0.366174 0.106519 0.92443 -9.29703 -0.0446264 0.994294 -0.0968921 -28.6227 -0.929476 -0.00577464 0.368838 243.59 
0.397962 0.109107 0.910891 -5.73669 -0.0487867 0.994015 -0.0977489 -29.0834 -0.916104 -0.00553904 0.400903 245.139 
0.423856 0.102159 0.89995 -3.1383 -0.0483927 0.994754 -0.090129 -29.4136 -0.904436 -0.00534925 0.426576 246.366 
0.44943 0.100763 0.887615 -0.608991 -0.052652 0.994879 -0.0862799 -29.7175 -0.891763 -0.0079579 0.452433 247.661 
0.48258 0.0984124 0.870305 2.67098 -0.0562045 0.995099 -0.0813587 -30.095 -0.874047 -0.00965297 0.485746 249.481 
0.513375 0.0940467 0.852996 5.86499 -0.0575275 0.995512 -0.0751369 -30.4506 -0.856234 -0.0104973 0.516481 251.41 
0.52815 0.0849965 0.844887 9.01696 -0.0597492 0.996232 -0.0628719 -30.8014 -0.847047 -0.0172756 0.531238 253.495 
0.531608 0.0840087 0.842814 10.5837 -0.0603619 0.996297 -0.0612338 -30.9749 -0.844837 -0.0183214 0.53471 254.573 
0.535014 0.0865159 0.840402 12.1562 -0.0591251 0.996138 -0.0649083 -31.143 -0.842772 -0.014962 0.538063 255.643 
0.538312 0.0815971 0.838786 13.7491 -0.0562279 0.996561 -0.0608598 -31.3114 -0.840868 -0.0144016 0.541049 256.711 
0.540872 0.0757949 0.837683 15.3464 -0.0546308 0.996994 -0.0549358 -31.4676 -0.839329 -0.0160501 0.543387 257.781 
0.542594 0.0715917 0.836939 16.9528 -0.0542755 0.997267 -0.050119 -31.6105 -0.83824 -0.018231 0.544997 258.864 
0.543784 0.0720797 0.836124 18.5572 -0.0558182 0.997205 -0.049664 -31.7454 -0.837367 -0.0196645 0.546287 259.943 
0.545397 0.0652764 0.835632 21.0087 -0.0552106 0.997595 -0.0418937 -31.9445 -0.836357 -0.023287 0.54769 261.577 
0.548641 0.0606274 0.833857 23.4653 -0.0538552 0.997859 -0.0371172 -32.1241 -0.834322 -0.0245435 0.550731 263.212 
0.554615 0.0558631 0.830229 25.9096 -0.0532038 0.998083 -0.0316158 -32.2934 -0.830404 -0.0266368 0.556524 264.854 
0.564641 0.0472749 0.823982 28.3374 -0.0503485 0.998472 -0.0227842 -32.4411 -0.8238 -0.0286213 0.566158 266.511 
0.582785 0.0452008 0.811368 30.7219 -0.0481606 0.998618 -0.0210399 -32.5716 -0.811198 -0.0268142 0.584157 268.202 
0.601943 0.0390396 0.797584 33.0674 -0.0479605 0.998769 -0.0126909 -32.681 -0.797097 -0.0306133 0.603075 269.951 
0.617583 0.0377524 0.785599 34.6062 -0.0446984 0.998918 -0.0128649 -32.7432 -0.785235 -0.0271699 0.618602 271.144 
0.635902 0.0351635 0.770968 36.1231 -0.0416152 0.99907 -0.0112425 -32.796 -0.770647 -0.0249349 0.636774 272.38 
0.654068 0.0316858 0.755772 37.619 -0.0401563 0.999168 -0.00713776 -32.8471 -0.755369 -0.0256804 0.654796 273.665 
0.681151 0.0277724 0.731616 39.8325 -0.0407506 0.999169 1.08341e-05 -32.9069 -0.731008 -0.0298211 0.681717 275.686 
0.69842 0.0187629 0.715442 41.2908 -0.0381621 0.99921 0.0110493 -32.9328 -0.714669 -0.0350198 0.698585 277.097 
0.716681 0.0114509 0.697307 42.7283 -0.0301532 0.999439 0.0145785 -32.9414 -0.696749 -0.0314742 0.716624 278.548 
0.736318 0.00622278 0.676606 44.1389 -0.0248782 0.99953 0.017881 -32.9411 -0.676178 -0.0299989 0.736128 280.056 
0.754921 0.000640367 0.655815 45.5132 -0.0217149 0.999476 0.0240205 -32.9316 -0.655456 -0.0323746 0.754539 281.622 
0.773232 -0.00415567 0.634109 46.857 -0.0178972 0.999437 0.0283737 -32.9081 -0.63387 -0.0332882 0.772723 283.24 
0.789966 -0.00327042 0.613142 48.1619 -0.0193935 0.999352 0.0303168 -32.8838 -0.612844 -0.0358402 0.789391 284.909 
0.802785 0.000431403 0.596268 49.4318 -0.0249484 0.999148 0.0328663 -32.8512 -0.595746 -0.0412605 0.802112 286.627 
0.814131 0.00547863 0.580656 50.6781 -0.0288567 0.999102 0.0310329 -32.8186 -0.579964 -0.0420206 0.813557 288.383 
0.829154 0.00997911 0.558932 52.5038 -0.0388397 0.998453 0.039791 -32.7584 -0.55767 -0.0547016 0.828259 291.092 
0.83698 0.0155114 0.547013 53.6939 -0.0468585 0.997958 0.0433992 -32.7041 -0.545223 -0.0619565 0.835998 292.94 
0.841744 0.022007 0.539429 54.8752 -0.0521235 0.997814 0.0406277 -32.6516 -0.537355 -0.0623151 0.841051 294.81 
0.843591 0.0323464 0.536011 56.0538 -0.0576123 0.997874 0.0304538 -32.6091 -0.533887 -0.0565714 0.843661 296.691 
0.844685 0.0328333 0.534256 57.2467 -0.0587194 0.997777 0.0315188 -32.5763 -0.532034 -0.0579947 0.844735 298.599 
0.845655 0.0314004 0.532805 58.4455 -0.0576465 0.997802 0.0326907 -32.5429 -0.530607 -0.0583594 0.845607 300.513 
0.846979 0.0311971 0.530711 59.6482 -0.0558093 0.997978 0.0304032 -32.5121 -0.528689 -0.0553694 0.847008 302.439 
0.849588 0.0283791 0.526683 60.8558 -0.052109 0.998182 0.0302718 -32.4882 -0.524867 -0.0531635 0.849523 304.377 
0.855331 0.0260421 0.517427 62.0439 -0.0499537 0.998228 0.0323348 -32.4637 -0.515668 -0.0535043 0.855116 306.331 
0.865464 0.0231134 0.500438 63.2007 -0.0458112 0.998401 0.0331141 -32.441 -0.498872 -0.0515847 0.865139 308.299 
0.877811 0.0239362 0.478409 64.3056 -0.0460108 0.998346 0.034473 -32.416 -0.476792 -0.0522727 0.87746 310.296 
0.890032 0.0250621 0.455209 65.3499 -0.0473087 0.998174 0.0375429 -32.3861 -0.453437 -0.0549497 0.889593 312.312 
0.901886 0.0232722 0.431348 66.3362 -0.0452686 0.998141 0.0407981 -32.3494 -0.429596 -0.0563217 0.901263 314.343 
0.913344 0.0239146 0.406486 67.2617 -0.0449973 0.998088 0.0423854 -32.3085 -0.404695 -0.0570032 0.912673 316.393 
0.923714 0.0306715 0.381853 68.1161 -0.0504824 0.997843 0.0419689 -32.2656 -0.379742 -0.0580441 0.92327 318.458 
0.931221 0.0401163 0.362241 68.9112 -0.0594466 0.997332 0.0423714 -32.2196 -0.359575 -0.0609911 0.931121 320.538 
0.937596 0.0414824 0.345243 70.0644 -0.059955 0.997275 0.0429964 -32.1471 -0.342519 -0.0610123 0.937528 323.661 
0.941197 0.0383977 0.335669 70.8184 -0.0558012 0.997543 0.0423529 -32.1014 -0.333218 -0.0585931 0.941027 325.743 
0.944827 0.0369859 0.325474 71.5445 -0.0526263 0.997838 0.039379 -32.0606 -0.323313 -0.0543348 0.944731 327.823 
0.948548 0.039578 0.31415 72.2398 -0.0539337 0.997854 0.0371338 -32.0242 -0.312006 -0.0521664 0.948647 329.914 
0.954874 0.0408187 0.294193 73.2254 -0.0568003 0.997326 0.0459817 -31.9682 -0.29153 -0.060617 0.954639 333.066 
0.959298 0.036565 0.280017 74.1539 -0.0494025 0.99802 0.0389227 -31.9105 -0.27804 -0.051172 0.959206 336.19 
0.959897 0.036673 0.277946 74.7513 -0.0499238 0.997922 0.040745 -31.8743 -0.275874 -0.0529871 0.959732 338.257 
0.955177 0.0449287 0.292607 75.3394 -0.0599294 0.997297 0.0425005 -31.845 -0.289906 -0.0581312 0.955288 340.28 
0.947698 0.0480819 0.315526 75.962 -0.0646559 0.997012 0.042266 -31.8169 -0.312551 -0.060456 0.947975 342.229 
0.942047 0.04302 0.332712 76.6143 -0.060776 0.997219 0.0431409 -31.7889 -0.32993 -0.0608616 0.942041 344.109 
0.939069 0.0409643 0.341279 77.2641 -0.0579841 0.997523 0.0398156 -31.7614 -0.338803 -0.0571784 0.939118 345.919 
0.940185 0.0379668 0.338542 77.9057 -0.0535242 0.997891 0.036734 -31.7352 -0.336433 -0.052657 0.940234 347.705 
0.945726 0.0327766 0.323308 78.5169 -0.0469942 0.998237 0.0362649 -31.7069 -0.32155 -0.0494902 0.945599 349.49 
0.954039 0.0282855 0.298344 79.0765 -0.0409278 0.998506 0.0362116 -31.6729 -0.296874 -0.0467579 0.953771 351.282 
0.964625 0.0216156 0.262737 79.5717 -0.0326206 0.99876 0.0375962 -31.6409 -0.261599 -0.0448369 0.964135 353.078 
0.975557 0.0187498 0.218947 79.9816 -0.0273287 0.99897 0.0362198 -31.6084 -0.218042 -0.0413179 0.975064 354.876 
0.985553 0.0190285 0.168297 80.2892 -0.0251812 0.999087 0.0345 -31.5773 -0.167487 -0.0382395 0.985132 356.68 
0.993433 0.022638 0.112153 80.4873 -0.0262634 0.999176 0.0309544 -31.5418 -0.11136 -0.0336967 0.993209 358.514 
0.998429 0.0224357 0.0513339 80.5779 -0.0241229 0.999181 0.0324869 -31.5089 -0.0505629 -0.0336742 0.998153 360.347 
0.999653 0.024178 -0.010437 80.554 -0.023848 0.999245 0.0306638 -31.4812 0.0111705 -0.0304043 0.999475 362.182 
0.997447 0.0278688 -0.0657493 80.4224 -0.0261127 0.999283 0.0274182 -31.4585 0.0664663 -0.0256313 0.997459 364.022 
0.993888 0.0356711 -0.104475 80.2083 -0.0326203 0.998994 0.0307662 -31.43 0.105468 -0.0271701 0.994051 365.886 
0.991494 0.0466837 -0.121488 79.9483 -0.0424367 0.998402 0.0373153 -31.3969 0.123036 -0.0318423 0.991891 367.765 
0.990911 0.0527084 -0.12376 79.5529 -0.0501812 0.998465 0.0234515 -31.3423 0.124806 -0.017028 0.992035 370.624 
0.992085 0.0500654 -0.115154 79.1899 -0.0477996 0.998607 0.0223567 -31.3167 0.116113 -0.0166755 0.993096 373.576 
0.993052 0.0434954 -0.109339 78.8477 -0.0426985 0.999042 0.00962092 -31.3038 0.109653 -0.00488547 0.993958 376.617 
0.993207 0.0460982 -0.10684 78.6094 -0.0449313 0.998901 0.0133051 -31.3039 0.107336 -0.00841431 0.994187 378.714 
0.99292 0.0523491 -0.106627 78.2369 -0.0510949 0.998589 0.014462 -31.2977 0.107234 -0.00891147 0.994194 381.936 
0.992644 0.0539043 -0.108405 77.9805 -0.0528826 0.998525 0.0122808 -31.2953 0.108907 -0.00645769 0.994031 384.12 
0.992315 0.0499864 -0.113195 77.7243 -0.0495175 0.998749 0.00695231 -31.3122 0.113401 -0.00129375 0.993548 386.332 
0.990302 0.0368595 -0.133956 77.3037 -0.0359418 0.999311 0.00926316 -31.3483 0.134205 -0.00435869 0.990944 389.673 
0.987636 0.030648 -0.153738 76.971 -0.0300032 0.999529 0.00651363 -31.3771 0.153865 -0.00182047 0.98809 391.893 
0.984602 0.0280526 -0.172547 76.5888 -0.027478 0.999606 0.00571808 -31.4087 0.17264 -0.000888764 0.984985 394.104 
0.981216 0.0265329 -0.191077 76.1643 -0.0256588 0.999646 0.00704765 -31.4401 0.191196 -0.00201246 0.98155 396.308 
0.977632 0.0275159 -0.208515 75.6981 -0.0273237 0.999619 0.00380297 -31.4738 0.20854 0.00197949 0.978012 398.486 
0.974138 0.0271448 -0.224319 75.2019 -0.0272609 0.999625 0.0025798 -31.515 0.224305 0.00360208 0.974512 400.641 
0.97113 0.0256412 -0.23717 74.6878 -0.0261003 0.999659 0.00120443 -31.5655 0.23712 0.00502053 0.971468 402.778 
0.96847 0.018869 -0.248416 74.1568 -0.0205275 0.999781 -0.00408743 -31.6178 0.248285 0.0090579 0.968645 404.901 
0.965526 0.00876119 -0.260161 73.5954 -0.0119268 0.999873 -0.0105919 -31.6694 0.260035 0.0133297 0.965507 407.019 
0.962899 0.00613165 -0.269791 73.0016 -0.00853517 0.999934 -0.00773658 -31.7244 0.269726 0.00975226 0.962888 409.14 
0.960369 0.00814162 -0.278613 72.077 -0.0098749 0.99994 -0.0048182 -31.8039 0.278557 0.00737853 0.960391 412.325 
0.959611 0.00507931 -0.281286 71.4523 -0.00485955 0.999987 0.00147885 -31.8418 0.28129 -5.21939e-05 0.959623 414.455 
0.959022 -0.00510013 -0.283284 70.8311 0.00582576 0.999981 0.00171911 -31.8719 0.28327 -0.00329901 0.959035 416.589 
0.958384 -0.0115053 -0.285252 70.1995 0.0123743 0.999923 0.00124416 -31.9002 0.285215 -0.00472217 0.958452 418.733 
0.957619 -0.0143205 -0.287683 69.5554 0.0155612 0.999877 0.00202619 -31.9304 0.287618 -0.00641699 0.957724 420.879 
0.956934 -0.0103718 -0.290122 68.8972 0.0127763 0.999898 0.00639487 -31.9587 0.290026 -0.00982613 0.956968 423.028 
0.9566 -0.00533712 -0.291356 68.2361 0.0089361 0.999899 0.0110233 -31.9793 0.291268 -0.0131484 0.956551 425.167 
0.957611 -0.00104011 -0.288063 67.2608 0.00584966 0.999857 0.0158359 -31.9934 0.288006 -0.0168497 0.95748 428.364 
0.95809 -0.00107637 -0.286464 66.9449 0.00650288 0.999817 0.0179924 -31.9984 0.286392 -0.0191012 0.957922 429.428 
0.958979 0.00269273 -0.283463 66.3132 0.00393023 0.999733 0.0227932 -32.0034 0.283448 -0.0229723 0.958712 431.553 
0.960261 0.0051698 -0.279056 65.3917 0.00160655 0.99971 0.0240489 -32.0079 0.279099 -0.0235416 0.959974 434.718 
0.961188 0.00188303 -0.275888 64.5017 0.00720436 0.999464 0.0319215 -32.0015 0.2758 -0.0326702 0.96066 437.857 
0.962059 -0.00428424 -0.272808 63.6349 0.0139431 0.999342 0.0334765 -31.9743 0.272485 -0.0360102 0.961486 440.951 
0.962095 -0.0107514 -0.272501 63.0684 0.0209441 0.999184 0.0345231 -31.9518 0.271907 -0.0389218 0.961536 442.995 
0.961939 -0.0134534 -0.272931 62.235 0.0243094 0.99904 0.0364327 -31.9228 0.272179 -0.0416809 0.961343 446.017 
0.961573 -0.0133531 -0.274224 61.4055 0.0249738 0.99893 0.0389293 -31.887 0.273411 -0.0442818 0.960878 448.987 
0.961222 -0.0143817 -0.275401 60.5885 0.0266867 0.998803 0.0409851 -31.8394 0.274482 -0.0467453 0.960455 451.906 
0.96075 -0.0148161 -0.277021 59.7736 0.0275126 0.998739 0.0420016 -31.7727 0.27605 -0.0479746 0.959945 454.771 
0.9609 -0.00955592 -0.276731 58.9594 0.023352 0.998641 0.046601 -31.6879 0.27591 -0.0512411 0.959817 457.599 
0.960765 -0.00655818 -0.277285 58.1387 0.0226788 0.99823 0.0549701 -31.5928 0.276434 -0.0591018 0.959214 460.379 
0.959803 -0.00596861 -0.28061 57.5952 0.0244655 0.997748 0.06246 -31.5162 0.279605 -0.0668146 0.957787 462.219 
0.958704 -0.00830628 -0.284283 57.0547 0.0282909 0.997401 0.0662648 -31.4303 0.282994 -0.071571 0.956448 464.035 
0.957625 -0.00937175 -0.287866 56.5131 0.0303643 0.997186 0.0685466 -31.3505 0.286413 -0.0743828 0.955214 465.838 
0.957107 -0.0115958 -0.289504 55.9752 0.0331265 0.997026 0.0695817 -31.2685 0.287836 -0.0761874 0.954644 467.616 
0.957609 -0.0113001 -0.287849 55.4431 0.0328739 0.996989 0.0702253 -31.1895 0.286189 -0.0767111 0.955098 469.359 
0.958089 -0.0170345 -0.285963 54.6862 0.0392712 0.996616 0.0722067 -31.0678 0.283765 -0.0804106 0.955516 471.908 
0.958344 -0.0193575 -0.284959 54.1961 0.0406058 0.9968 0.0688477 -30.9899 0.282715 -0.0775508 0.956064 473.54 
0.958851 -0.019138 -0.283266 53.7209 0.0395257 0.997008 0.066434 -30.9141 0.281147 -0.0748965 0.956738 475.119 
0.959563 -0.0225366 -0.28059 53.0299 0.0421084 0.997066 0.0639195 -30.8057 0.278326 -0.07315 0.957697 477.435 
0.962391 -0.024588 -0.270553 52.3682 0.0428478 0.997169 0.0617917 -30.7038 0.268268 -0.0710604 0.96072 479.727 
0.970004 -0.0182275 -0.242405 51.7612 0.0352847 0.997182 0.0662123 -30.6042 0.240515 -0.0727794 0.967913 482.029 
0.97703 -0.0144838 -0.21261 51.4126 0.0318145 0.99642 0.0783212 -30.5256 0.210714 -0.0832862 0.973993 483.574 
0.984822 -0.0120341 -0.173151 51.1298 0.0265588 0.996294 0.0818142 -30.4358 0.171524 -0.0851711 0.981491 485.131 
0.992042 -0.0104665 -0.12547 50.9237 0.0215212 0.995969 0.0870777 -30.3384 0.124053 -0.089085 0.988268 486.686 
0.997303 -0.0136526 -0.0721195 50.8129 0.0198857 0.996059 0.0864295 -30.2384 0.0706553 -0.0876305 0.993644 488.249 
0.999686 -0.0167616 -0.018622 50.7827 0.0182629 0.996331 0.0836114 -30.1407 0.0171522 -0.0839252 0.996324 489.815 
0.999182 -0.0207728 0.0346983 50.8376 0.0177411 0.99618 0.0855049 -30.0446 -0.036342 -0.0848194 0.995733 491.404 
0.995934 -0.0276267 0.0857433 50.9787 0.0199959 0.995865 0.0886124 -29.9415 -0.0878368 -0.0865376 0.992369 492.985 
0.990152 -0.0323901 0.136197 51.2003 0.0202714 0.995786 0.0894432 -29.8357 -0.13852 -0.0858015 0.986636 494.567 
0.98198 -0.0359764 0.185528 51.5074 0.0197724 0.995883 0.0884622 -29.7301 -0.187947 -0.0831998 0.978649 496.154 
0.97249 -0.0400262 0.229479 51.889 0.0207988 0.996112 0.0856025 -29.622 -0.232013 -0.0784747 0.969542 497.738 
0.962521 -0.0425283 0.267853 52.3348 0.0203428 0.996168 0.0850654 -29.5123 -0.270444 -0.0764283 0.959697 499.34 
0.951977 -0.0422929 0.303234 52.8371 0.0175241 0.996316 0.0839436 -29.4036 -0.305667 -0.0745985 0.949212 500.93 
0.939981 -0.0443708 0.33833 53.4072 0.0170243 0.996373 0.0833722 -29.296 -0.340802 -0.0726084 0.937327 502.515 
0.926323 -0.0487357 0.373564 54.0487 0.0178656 0.996164 0.0856598 -29.187 -0.376306 -0.0726747 0.923641 504.096 
0.912111 -0.0496318 0.406927 54.7547 0.0152997 0.996074 0.0871947 -29.0832 -0.409657 -0.0733054 0.90929 505.671 
0.896999 -0.0502037 0.439173 55.5186 0.0158733 0.996547 0.0814989 -28.9745 -0.441748 -0.0661333 0.894698 507.215 
0.869817 -0.0417376 0.491606 56.765 0.00372672 0.996943 0.0780472 -28.8194 -0.49336 -0.0660547 0.867313 509.509 
0.833634 -0.0469222 0.550321 58.192 9.12955e-05 0.996396 0.0848179 -28.6705 -0.552318 -0.0706568 0.830634 511.73 
0.7858 -0.0515462 0.616329 59.789 -0.00143537 0.996366 0.0851604 -28.5172 -0.618479 -0.0678037 0.782871 513.824 
0.733624 -0.0600899 0.676894 61.5404 0.00140659 0.996215 0.0869125 -28.3636 -0.679554 -0.062809 0.730932 515.753 
0.699885 -0.0626816 0.7115 62.7741 0.00156302 0.996274 0.086232 -28.2659 -0.714254 -0.0592403 0.697375 516.948 
0.670288 -0.0670743 0.739063 64.0636 0.00386688 0.996209 0.0869048 -28.1632 -0.742091 -0.0553934 0.668006 518.099 
0.641254 -0.0701501 0.764115 65.3979 0.00110322 0.995896 0.090503 -28.059 -0.767328 -0.0571924 0.638699 519.217 
0.595721 -0.0723168 0.799929 67.4967 -0.000368414 0.995914 0.090309 -27.8838 -0.803192 -0.0540936 0.59326 520.815 
0.542583 -0.0795709 0.836225 69.7206 -0.00700653 0.99504 0.0992292 -27.6985 -0.839973 -0.0596991 0.539335 522.307 
0.480226 -0.0829038 0.873218 72.0677 -0.00531621 0.99523 0.0974113 -27.4962 -0.877129 -0.0514217 0.477495 523.642 
0.411913 -0.0896396 0.906804 74.5493 -0.00030128 0.995136 0.0985084 -27.2949 -0.911223 -0.04085 0.409882 524.809 
0.339919 -0.0883776 0.936293 77.1539 -0.0046577 0.995404 0.0956482 -27.0905 -0.940443 -0.0368736 0.337946 525.815 
0.2639 -0.0871038 0.960609 79.882 -0.0133469 0.995489 0.0939333 -26.8951 -0.964458 -0.0376101 0.261546 526.633 
0.184423 -0.0893801 0.978774 82.7154 -0.0123426 0.995567 0.0932393 -26.6943 -0.982769 -0.0292761 0.182502 527.212 
0.132089 -0.0921512 0.986945 84.662 -0.0115584 0.995458 0.094493 -26.5521 -0.99117 -0.0238891 0.130424 527.496 
0.0815332 -0.0899164 0.992606 86.6344 -0.0115447 0.99577 0.0911513 -26.4093 -0.996604 -0.0188912 0.0801502 527.669 
0.0313321 -0.0926842 0.995202 88.6443 -0.0134752 0.995562 0.0931419 -26.2693 -0.999418 -0.0163288 0.0299441 527.749 
-0.0172363 -0.0971677 0.995119 90.686 -0.0157703 0.995169 0.0968995 -26.1243 -0.999727 -0.0140231 -0.0186854 527.745 
-0.0667737 -0.0952386 0.993212 92.7424 -0.0209662 0.995348 0.0940339 -25.9789 -0.997548 -0.0145448 -0.0684599 527.632 
-0.116931 -0.0929672 0.988779 94.8118 -0.0232653 0.995592 0.0908564 -25.8355 -0.992868 -0.0123804 -0.118578 527.412 
-0.164627 -0.0949003 0.98178 96.8923 -0.022649 0.995462 0.092425 -25.6915 -0.986096 -0.00702067 -0.166029 527.084 
-0.207728 -0.0902972 0.97401 98.9759 -0.019421 0.995915 0.088186 -25.5494 -0.977994 -0.000597577 -0.208633 526.669 
-0.24807 -0.0896357 0.964586 101.063 -0.0223753 0.995975 0.0867981 -25.4125 -0.968484 -5.09108e-05 -0.249077 526.158 
-0.309121 -0.0831082 0.947384 104.195 -0.0299898 0.996531 0.0776342 -25.2245 -0.95055 -0.00441353 -0.310541 525.225 
-0.367657 -0.0864269 0.925937 107.306 -0.0365716 0.996246 0.0784682 -25.0472 -0.929242 -0.00501366 -0.369437 524.079 
-0.410357 -0.0870865 0.907757 110.385 -0.0350061 0.9962 0.0797467 -24.855 -0.911253 0.000947573 -0.411847 522.744 
-0.430787 -0.0798693 0.898912 113.46 -0.0211811 0.996696 0.0784069 -24.6615 -0.902205 0.0147367 -0.431056 521.282 
-0.437589 -0.0809387 0.895525 116.567 -0.0131784 0.996411 0.0836175 -24.4551 -0.899078 0.0247886 -0.437085 519.769 
-0.440884 -0.0903899 0.893001 119.739 -0.0169685 0.995578 0.0923952 -24.226 -0.897404 0.0255827 -0.440468 518.237 
-0.44386 -0.0856858 0.89199 122.982 -0.0139579 0.995958 0.0887276 -23.9808 -0.895988 0.0269323 -0.443262 516.641 
-0.445947 -0.0836997 0.891137 125.078 -0.0118467 0.996083 0.0876283 -23.8307 -0.894981 0.0285205 -0.445192 515.601 
-0.448051 -0.0879835 0.889668 127.26 -0.012906 0.995678 0.0919676 -23.6728 -0.893915 0.0297241 -0.44725 514.516 
-0.450409 -0.0917926 0.888091 129.459 -0.0140146 0.995305 0.0957664 -23.5003 -0.892712 0.0306879 -0.449581 513.419 
-0.452194 -0.092258 0.887135 131.674 -0.0137644 0.995239 0.0964843 -23.321 -0.891814 0.0314187 -0.451311 512.304 
-0.453639 -0.0859985 0.887027 133.9 -0.00835828 0.9957 0.09226 -23.1418 -0.891146 0.0344387 -0.452407 511.172 
-0.452968 -0.0901139 0.886961 136.165 -0.00957589 0.995313 0.0962319 -22.9628 -0.891476 0.0350965 -0.451707 510.03 
-0.452964 -0.0878117 0.887194 138.449 -0.0124565 0.995664 0.092188 -22.7822 -0.891442 0.0307066 -0.452094 508.889 
-0.452354 -0.0806272 0.888186 140.757 -0.0108998 0.99633 0.084893 -22.6106 -0.891772 0.0287207 -0.451573 507.73 
-0.452994 -0.0859236 0.887363 143.11 -0.0101675 0.995778 0.091231 -22.4397 -0.891455 0.0323049 -0.451955 506.549 
-0.453415 -0.0856968 0.88717 145.478 -0.0111271 0.995834 0.0905063 -22.2564 -0.89123 0.0311652 -0.452479 505.36 
-0.454241 -0.0879536 0.886527 149.083 -0.0132343 0.995671 0.0920009 -21.9825 -0.890781 0.030058 -0.453438 503.55 
-0.455406 -0.0850305 0.886214 152.738 -0.0112176 0.995897 0.08979 -21.7056 -0.890213 0.0309497 -0.454491 501.704 
-0.455962 -0.0878414 0.885654 155.205 -0.0115797 0.995619 0.0927864 -21.5136 -0.889924 0.0320515 -0.454982 500.459 
-0.456369 -0.0882759 0.885401 157.696 -0.0187912 0.995801 0.0895973 -21.3178 -0.889592 0.0242516 -0.456111 499.214 
-0.456845 -0.0930563 0.884666 160.202 -0.0275439 0.995516 0.0904927 -21.125 -0.88912 0.016974 -0.45736 497.968 
-0.456856 -0.090562 0.884919 162.709 -0.0244307 0.995706 0.0892871 -20.9296 -0.889205 0.0191721 -0.457107 496.697 
-0.456455 -0.0882878 0.885355 166.472 -0.0139261 0.995652 0.0921068 -20.6443 -0.889637 0.029713 -0.4557 494.777 
-0.456158 -0.0902495 0.885311 168.985 -0.015341 0.995494 0.0935773 -20.4539 -0.889767 0.0291045 -0.455487 493.501 
-0.456188 -0.0881752 0.885504 171.492 -0.0148885 0.995696 0.0914775 -20.2645 -0.889759 0.0285471 -0.455537 492.227 
-0.455266 -0.0837958 0.886403 174.002 -0.00890762 0.99594 0.0895758 -20.0751 -0.890311 0.0328851 -0.454165 490.949 
-0.453065 -0.08778 0.887145 176.518 -0.0123604 0.995663 0.092205 -19.8903 -0.891392 0.0308094 -0.452185 489.689 
-0.449989 -0.0957207 0.887889 179.042 -0.0197819 0.995063 0.0972492 -19.6886 -0.892815 0.026197 -0.449662 488.441 
-0.444164 -0.0891414 0.8915 182.791 -0.0187305 0.995745 0.0902329 -19.4004 -0.89575 0.02338 -0.443944 486.582 
-0.44181 -0.0931826 0.892256 186.535 -0.0212783 0.995399 0.0934182 -19.1283 -0.896856 0.0222874 -0.44176 484.746 
-0.442091 -0.0920909 0.89223 189.023 -0.0221016 0.995532 0.0918019 -18.9351 -0.896698 0.0208651 -0.442151 483.529 
-0.443498 -0.0900646 0.891739 190.26 -0.0211989 0.995714 0.090023 -18.8396 -0.896025 0.0210212 -0.443507 482.92 
-0.447044 -0.0857247 0.890395 192.73 -0.0173639 0.996041 0.0871781 -18.659 -0.894343 0.0235117 -0.446763 481.695 
-0.452424 -0.0869494 0.887554 195.18 -0.0149274 0.995835 0.089948 -18.4817 -0.891678 0.0274458 -0.451837 480.47 
-0.458575 -0.0900409 0.884082 197.613 -0.0157679 0.995521 0.0932118 -18.2966 -0.888516 0.0288046 -0.457941 479.239 
-0.46692 -0.0822254 0.880468 201.204 -0.0108134 0.996124 0.0872919 -18.0212 -0.884234 0.0312374 -0.465999 477.375 
-0.472443 -0.0849965 0.877253 203.575 -0.0141109 0.995941 0.0888967 -17.8484 -0.881248 0.0296197 -0.471724 476.127 
-0.47758 -0.0902373 0.873942 205.912 -0.0198722 0.995567 0.091936 -17.6739 -0.878363 0.0265396 -0.477256 474.88 
-0.483512 -0.0946212 0.870209 209.297 -0.0222605 0.995148 0.0958378 -17.4198 -0.875055 0.0269674 -0.483272 473.041 
-0.486687 -0.0956476 0.868325 211.46 -0.0260823 0.995136 0.0949973 -17.2566 -0.873187 0.0235861 -0.486814 471.853 
-0.487778 -0.0990082 0.867335 214.577 -0.0336724 0.994942 0.0946379 -17.0231 -0.872318 0.016957 -0.488644 470.138 
-0.483425 -0.0996881 0.869691 216.564 -0.0357062 0.994913 0.0941941 -16.8765 -0.874657 0.0144824 -0.484525 469.05 
-0.471996 -0.100188 0.87589 218.489 -0.0363675 0.994889 0.0942017 -16.7327 -0.88085 0.0126089 -0.473227 468.019 
-0.451055 -0.100099 0.886865 220.383 -0.0348613 0.994908 0.0945632 -16.5918 -0.891815 0.0117359 -0.452248 467.052 
-0.437193 -0.0991111 0.89389 221.328 -0.0336067 0.995016 0.0938868 -16.5219 -0.89874 0.011006 -0.438345 466.599 
-0.40538 -0.0981926 0.90886 223.214 -0.0367413 0.995161 0.0911287 -16.3822 -0.91341 0.00354901 -0.407026 465.752 
-0.371695 -0.0945682 0.923526 225.095 -0.038608 0.995512 0.0864009 -16.2514 -0.927552 -0.00354068 -0.373678 464.99 
-0.334251 -0.093748 0.93781 226.992 -0.0401903 0.995553 0.0851959 -16.1217 -0.941627 -0.00921405 -0.336533 464.316 
-0.29509 -0.0966913 0.950564 228.916 -0.0400393 0.995244 0.0888065 -15.9869 -0.95463 -0.011854 -0.297558 463.705 
-0.254902 -0.104068 0.96135 230.862 -0.0431672 0.994425 0.0962032 -15.8452 -0.966003 -0.0169764 -0.257974 463.173 
-0.214559 -0.107277 0.970802 232.821 -0.0499526 0.993854 0.098784 -15.6895 -0.975433 -0.027299 -0.218599 462.731 
-0.173436 -0.107215 0.978992 234.791 -0.0545232 0.993577 0.0991533 -15.5312 -0.983335 -0.0361809 -0.178168 462.397 
