1 1.19763e-11 1.70464e-10 -5.55111e-17 1.19763e-11 1 3.5625e-10 0 1.70464e-10 3.5625e-10 1 2.22045e-16 
0.999999 -0.00164635 -0.00055382 0.000444833 0.00164737 0.999997 0.00185972 -0.0420332 0.000550757 -0.00186063 0.999998 2.6253 
0.999993 -0.00363535 -0.0006434 0.00277789 0.00363587 0.999993 0.000814119 -0.0848376 0.000640437 -0.000816452 1 5.26102 
0.999985 -0.00550405 -0.000416986 0.00757102 0.00550516 0.999981 0.00269445 -0.116587 0.000402148 -0.00269671 0.999996 7.90878 
0.999989 -0.00463087 -0.000860471 0.00772834 0.00463247 0.999988 0.0018671 -0.149765 0.000851814 -0.00187107 0.999998 10.5696 
0.999999 0.00154359 -0.000621867 0.00341939 -0.00154466 0.999997 -0.00172497 -0.176748 0.000619203 0.00172593 0.999998 13.2421 
0.999987 0.00518981 -0.000386943 -0.00585176 -0.00519015 0.999986 -0.000872886 -0.21776 0.000382408 0.000874883 1 15.9307 
1 -0.000899386 0.00025249 0.000482789 0.000898369 0.999992 0.00399822 -0.253748 -0.000256084 -0.00399799 0.999992 18.6347 
0.999987 -0.00511926 -0.000232036 0.00413469 0.00511913 0.999987 -0.000553928 -0.293109 0.000234869 0.000552734 1 21.3413 
0.999999 0.000142485 0.00124543 -0.00736932 -0.000141531 1 -0.000766073 -0.346812 -0.00124553 0.000765897 0.999999 24.0721 
0.999997 -0.00105089 0.00236924 -0.00506118 0.00103793 0.999985 0.00546529 -0.38714 -0.00237494 -0.00546281 0.999982 26.8203 
0.999984 -0.00533901 0.00195131 0.00196227 0.00533139 0.999978 0.00388791 -0.409938 -0.00197203 -0.00387744 0.999991 28.1947 
0.99998 -0.00593323 0.00198489 0.00528159 0.00593062 0.999981 0.00131719 -0.432898 -0.00199267 -0.00130539 0.999997 29.5701 
0.999991 -0.00286426 0.00317328 0.00682708 0.00286867 0.999995 -0.00138571 -0.485013 -0.00316929 0.0013948 0.999994 32.3353 
0.999993 -0.00102145 0.00349843 0.0101734 0.00103531 0.999992 -0.00396309 -0.543116 -0.00349435 0.00396669 0.999986 35.1108 
0.999996 -0.000188957 0.00298614 0.0151148 0.000189138 1 -6.04535e-05 -0.599901 -0.00298613 6.10187e-05 0.999996 37.9059 
0.999982 0.00505155 0.00310141 0.0194295 -0.00504983 0.999987 -0.000561303 -0.643712 -0.00310421 0.000545632 0.999995 40.7044 
0.999961 0.00830831 0.00284362 0.0213443 -0.008309 0.999965 0.000228539 -0.694132 -0.00284162 -0.000252157 0.999996 43.5186 
0.999978 0.00642624 0.00172093 0.0308604 -0.00642486 0.999979 -0.000807473 -0.739025 -0.00172609 0.000796399 0.999998 46.3413 
0.999982 0.00601056 -0.000241195 0.0335922 -0.00601037 0.999982 0.000792652 -0.783986 0.000245955 -0.000791187 1 49.1796 
0.999975 0.00663825 -0.00247948 0.0289579 -0.0066366 0.999978 0.000673997 -0.826541 0.0024839 -0.000657523 0.999997 52.0283 
0.999975 0.00549709 -0.00438741 0.0208294 -0.00548431 0.999981 0.00292109 -0.866832 0.00440338 -0.00289696 0.999986 54.8846 
0.999982 0.00171938 -0.00565444 0.0132291 -0.00170585 0.999996 0.00239685 -0.907244 0.00565854 -0.00238716 0.999981 57.7455 
0.999984 0.00037494 -0.00573077 0.0100754 -0.000358701 0.999996 0.00283441 -0.924947 0.00573181 -0.0028323 0.99998 59.1737 
0.999986 -0.00185879 -0.00491793 0.00276421 0.00187897 0.99999 0.00410219 -0.964748 0.00491026 -0.00411137 0.99998 62.0279 
0.999978 -0.0052962 -0.0040082 -0.0028736 0.00530753 0.999982 0.00282093 -1.00818 0.00399319 -0.00284214 0.999988 64.8719 
0.999991 -0.00348246 -0.00255314 -0.0100203 0.00348838 0.999991 0.0023161 -1.0502 0.00254505 -0.00232499 0.999994 67.7031 
0.999995 0.00301286 -0.00128797 -0.0270228 -0.00300644 0.999983 0.0049609 -1.09783 0.0013029 -0.004957 0.999987 70.53 
0.999938 0.0111515 0.000135883 -0.0421465 -0.011152 0.999925 0.00511281 -1.13599 -7.88574e-05 -0.00511401 0.999987 73.3399 
0.999865 0.016366 0.00154496 -0.0532768 -0.0163726 0.999857 0.0043445 -1.17723 -0.00147363 -0.00436921 0.999989 76.1445 
0.999879 0.0154019 0.00204051 -0.0528732 -0.0154112 0.99987 0.00463559 -1.21803 -0.00196885 -0.00466647 0.999987 78.935 
0.999908 0.0134899 0.00167721 -0.0488321 -0.0134958 0.999903 0.00356072 -1.25829 -0.00162902 -0.00358303 0.999992 81.7109 
0.999914 0.0130801 0.000908534 -0.0526907 -0.0130831 0.999909 0.00331781 -1.30003 -0.000865054 -0.00332941 0.999994 84.4837 
0.999915 0.0130541 -0.000745449 -0.0751804 -0.0130507 0.999905 0.00439727 -1.3437 0.000802781 -0.00438716 0.99999 87.2502 
0.999957 0.00879073 -0.00308665 -0.0981323 -0.00877154 0.999942 0.00617618 -1.38264 0.00314076 -0.00614884 0.999976 90.0063 
0.999976 0.00550975 -0.00418878 -0.128335 -0.00548599 0.999969 0.00566366 -1.41806 0.00421986 -0.00564054 0.999975 92.7413 
0.999977 0.00494145 -0.00460477 -0.169705 -0.00491952 0.999977 0.00476266 -1.45619 0.00462819 -0.0047399 0.999978 95.4608 
0.999976 0.00546203 -0.00424626 -0.212031 -0.00544763 0.999979 0.0033954 -1.49648 0.00426472 -0.00337218 0.999985 98.1655 
0.999965 0.00752926 -0.00362721 -0.248572 -0.00751145 0.99996 0.00490014 -1.535 0.00366396 -0.00487272 0.999981 100.86 
0.99996 0.00830225 -0.00341329 -0.28676 -0.00828462 0.999952 0.00514996 -1.57525 0.00345588 -0.00512147 0.999981 103.546 
0.999965 0.00763327 -0.00338736 -0.315395 -0.00762881 0.99997 0.00133045 -1.6133 0.00339741 -0.00130456 0.999993 106.221 
0.999992 0.00314211 -0.00262588 -0.350813 -0.00312962 0.999984 0.00474478 -1.66128 0.00264075 -0.00473653 0.999985 108.906 
0.999999 0.000676165 -0.00100019 -0.394315 -0.000672199 0.999992 0.00396047 -1.7101 0.00100286 -0.00395979 0.999992 111.577 
0.999989 0.00453267 0.000748283 -0.421968 -0.00453219 0.999989 -0.000645575 -1.75399 -0.000751201 0.000642177 1 114.229 
0.999953 0.00899672 0.00359694 -0.433478 -0.00900143 0.999959 0.0012921 -1.79423 -0.00358517 -0.00132442 0.999993 116.893 
0.999953 0.00807788 0.00544954 -0.430614 -0.00810203 0.999957 0.00442471 -1.82585 -0.00541357 -0.00446865 0.999975 119.561 
0.999917 0.0103503 0.00770925 -0.447293 -0.0103751 0.999941 0.00318368 -1.88093 -0.00767584 -0.0032634 0.999965 122.268 
0.999864 0.0131373 0.00996312 -0.462255 -0.013155 0.999912 0.00171644 -1.94033 -0.00993969 -0.00184727 0.999949 124.984 
0.999839 0.0133948 0.0119575 -0.470849 -0.0134061 0.99991 0.000867673 -2.00603 -0.0119448 -0.00102784 0.999928 127.692 
0.999837 0.0118896 0.0135774 -0.47428 -0.0119336 0.999924 0.00316674 -2.07319 -0.0135387 -0.00332826 0.999903 130.407 
0.999865 0.00881254 0.0138726 -0.465694 -0.00886363 0.999954 0.00362522 -2.1277 -0.01384 -0.00374769 0.999897 133.11 
0.9999 0.00563661 0.013005 -0.46612 -0.00568639 0.999977 0.00379355 -2.19839 -0.0129833 -0.00386712 0.999908 135.815 
0.999939 0.00279173 0.0106784 -0.464572 -0.00284243 0.999985 0.00473639 -2.25485 -0.010665 -0.00476645 0.999932 138.512 
0.999965 0.000485385 0.00835519 -0.467442 -0.000526886 0.999988 0.00496553 -2.31487 -0.00835268 -0.00496976 0.999953 141.213 
0.999982 -0.000146183 0.00606111 -0.474702 0.000121902 0.999992 0.00400624 -2.36746 -0.00606165 -0.00400542 0.999974 143.91 
0.999966 -0.00729861 0.0039474 -0.481393 0.00729554 0.999973 0.000792572 -2.42659 -0.00395308 -0.000763745 0.999992 146.601 
0.999763 -0.0217308 0.00132018 -0.483284 0.0217246 0.999754 0.00454388 -2.48937 -0.0014186 -0.00451412 0.999989 149.303 
0.999684 -0.0251325 0.000380742 -0.497985 0.0251332 0.999682 -0.0018847 -2.54563 -0.000333253 0.00189368 0.999998 151.992 
0.999771 -0.0213319 0.00200194 -0.52034 0.021339 0.999766 -0.00363006 -2.61189 -0.00192403 0.00367195 0.999991 154.684 
0.99956 -0.0295122 0.0030818 -0.510487 0.0295036 0.999561 0.00277658 -2.66616 -0.00316239 -0.00268443 0.999991 157.383 
0.999367 -0.0354624 0.0030068 -0.490889 0.0354507 0.999364 0.00386476 -2.71138 -0.00314195 -0.00375572 0.999988 160.079 
0.999538 -0.029977 0.0050437 -0.483652 0.0299575 0.999544 0.00390971 -2.7606 -0.0051586 -0.0037568 0.99998 162.779 
0.99963 -0.0265435 0.00599233 -0.47678 0.0265348 0.999647 0.00151879 -2.78725 -0.00603052 -0.00135922 0.999981 164.13 
0.999739 -0.021701 0.00714542 -0.459926 0.021687 0.999763 0.00202297 -2.83556 -0.00718763 -0.00186748 0.999972 166.839 
0.999815 -0.018133 0.00643441 -0.442444 0.0181372 0.999835 -0.000594343 -2.88656 -0.00642257 0.000710936 0.999979 169.56 
0.999936 -0.00973329 0.00574025 -0.411154 0.00976101 0.999941 -0.00482071 -2.93273 -0.00569299 0.00487643 0.999972 172.284 
0.999977 -0.00182811 0.00656723 -0.37793 0.00183804 0.999997 -0.00150577 -2.98645 -0.00656446 0.00151781 0.999977 175.029 
0.999973 -0.00433959 0.00590949 -0.340531 0.00432893 0.999989 0.00181691 -3.01391 -0.00591731 -0.00179128 0.999981 177.785 
0.999971 -0.0073093 0.00217015 -0.313655 0.00731459 0.99997 -0.00243795 -3.04112 -0.00215226 0.00245375 0.999995 180.542 
0.999999 -0.00147201 7.62514e-05 -0.314056 0.00147256 0.999968 -0.00786872 -3.08816 -6.46658e-05 0.00786882 0.999969 183.31 
0.999991 0.00430353 0.000233426 -0.31413 -0.00430271 0.999985 -0.00340559 -3.13755 -0.000248078 0.00340455 0.999994 186.099 
0.99999 0.00444872 0.000733086 -0.308933 -0.00444842 0.99999 -0.000417191 -3.19394 -0.000734935 0.000413926 1 188.9 
1 0.000366725 0.000663303 -0.303004 -0.000367256 1 0.000800394 -3.25053 -0.000663009 -0.000800637 1 191.713 
0.999985 -0.00529432 0.00136956 -0.297934 0.00529189 0.999984 0.00177274 -3.31413 -0.00137892 -0.00176546 0.999997 194.54 
0.999916 -0.0128049 0.00199736 -0.295505 0.0127976 0.999911 0.00361732 -3.38456 -0.0020435 -0.00359146 0.999992 197.381 
0.999987 -0.00440476 0.00270578 -0.315003 0.00442152 0.999971 -0.00622074 -3.47136 -0.0026783 0.00623262 0.999977 200.224 
0.999899 0.0131913 0.00530312 -0.348581 -0.013178 0.99991 -0.0025273 -3.55558 -0.00533598 0.00245716 0.999983 203.095 
0.999905 0.0126263 0.00555651 -0.348136 -0.0126255 0.99992 -0.000175237 -3.60408 -0.00555828 0.000105067 0.999985 205.97 
0.99997 0.00705671 0.00326536 -0.342198 -0.00705616 0.999975 -0.000179166 -3.65089 -0.00326654 0.00015612 0.999995 208.868 
0.999957 0.00886597 0.00263987 -0.347951 -0.00886357 0.99996 -0.000918018 -3.70894 -0.0026479 0.000894581 0.999996 211.785 
0.999952 0.0095282 0.00228764 -0.357581 -0.00952806 0.999955 -7.33861e-05 -3.77806 -0.00228823 5.15866e-05 0.999997 214.714 
0.999964 0.00835921 0.00168768 -0.355981 -0.00835657 0.999964 -0.00156736 -3.83709 -0.00170072 0.0015532 0.999997 217.661 
0.999961 0.00874363 0.000893922 -0.366905 -0.00874205 0.99996 -0.00176665 -3.89969 -0.000909333 0.00175877 0.999998 220.619 
0.999951 0.0098927 0.000348035 -0.375507 -0.009892 0.999949 -0.00197663 -3.9617 -0.000367571 0.00197309 0.999998 223.589 
0.99995 0.0100381 -0.000260453 -0.378771 -0.0100387 0.999947 -0.00226492 -4.01707 0.000237704 0.00226742 0.999997 226.569 
0.999969 0.00784032 -0.000257686 -0.378661 -0.00784101 0.999965 -0.0027648 -4.07508 0.000236001 0.00276674 0.999996 229.551 
0.999987 0.00512032 0.000112845 -0.37457 -0.00512013 0.999985 -0.00166632 -4.12499 -0.000121375 0.00166572 0.999999 232.542 
0.999986 0.00533798 2.02216e-05 -0.376469 -0.00533794 0.999985 -0.00138978 -4.18633 -2.76396e-05 0.00138966 0.999999 235.539 
0.999973 0.00730076 0.000768028 -0.381494 -0.00729934 0.999972 -0.00183317 -4.25331 -0.000781389 0.00182751 0.999998 238.55 
0.999971 0.00734518 0.00193496 -0.382092 -0.00734708 0.999973 0.000972528 -4.3151 -0.00192776 -0.000986715 0.999998 241.571 
0.999967 0.00756499 0.0029504 -0.379639 -0.00755914 0.999969 -0.00198958 -4.37765 -0.00296536 0.00196721 0.999994 244.602 
0.999962 0.00810169 0.00332684 -0.372157 -0.00809975 0.999967 -0.000596884 -4.43202 -0.00333157 0.000569915 0.999994 247.648 
0.99996 0.00850582 0.00279812 -0.365894 -0.00850719 0.999964 0.000474575 -4.48706 -0.00279398 -0.000498359 0.999996 250.696 
0.999935 0.0109512 0.00304427 -0.35989 -0.0109531 0.99994 0.000596336 -4.53575 -0.00303755 -0.000629641 0.999995 253.757 
0.999946 0.0099729 0.0029445 -0.351899 -0.00997571 0.99995 0.000940638 -4.58494 -0.00293497 -0.00096996 0.999995 256.823 
0.99998 0.00564903 0.00291162 -0.340799 -0.00565737 0.99998 0.00286567 -4.6376 -0.00289537 -0.00288208 0.999992 259.9 
0.999993 0.00288747 0.00230749 -0.329134 -0.00288904 0.999996 0.000676581 -4.68655 -0.00230553 -0.000683242 0.999997 262.973 
0.999995 -0.000123414 0.00332916 -0.324905 0.000106729 0.999987 0.0050115 -4.74817 -0.00332974 -0.00501111 0.999982 266.057 
0.999989 -0.00290869 0.00375088 -0.317394 0.00289943 0.999993 0.00247246 -4.82468 -0.00375804 -0.00246155 0.99999 269.138 
0.999985 -0.000466132 0.0054798 -0.315594 0.000450953 0.999996 0.00277095 -4.90659 -0.00548107 -0.00276844 0.999981 272.219 
0.99997 0.00242459 0.00740264 -0.311231 -0.00244139 0.999994 0.0022617 -4.98763 -0.00739712 -0.0022797 0.99997 275.307 
0.999953 0.00354024 0.00902962 -0.306203 -0.00355206 0.999993 0.00129333 -5.08275 -0.00902498 -0.00132534 0.999958 278.395 
0.999939 0.00241208 0.0107745 -0.289754 -0.00242297 0.999996 0.00099742 -5.17204 -0.0107721 -0.00102346 0.999942 281.496 
0.99993 6.99498e-05 0.0118644 -0.259923 -0.000102408 0.999996 0.0027352 -5.24169 -0.0118642 -0.00273623 0.999926 284.601 
0.999932 -0.0014923 0.0115724 -0.230158 0.00151767 0.999996 -0.00218383 -5.31624 -0.0115691 0.00220125 0.999931 287.7 
0.999946 -0.00278339 0.0100214 -0.204525 0.00280163 0.999994 -0.00180698 -5.39048 -0.0100163 0.00183496 0.999948 290.81 
0.999961 -0.00241203 0.00844723 -0.182827 0.00243485 0.999993 -0.00269109 -5.46258 -0.00844069 0.00271155 0.999961 293.932 
0.999972 -0.00281961 0.00688721 -0.168171 0.00283259 0.999994 -0.00187537 -5.54265 -0.00688188 0.00189483 0.999974 297.072 
0.999984 -0.00188475 0.00529149 -0.14983 0.00188231 0.999998 0.000466143 -5.60566 -0.00529236 -0.000456174 0.999986 300.237 
0.999976 -0.000781736 0.00689487 -0.136231 0.000778236 1 0.000510269 -5.67404 -0.00689526 -0.00050489 0.999976 303.413 
0.999965 -0.00378431 0.00745307 -0.111308 0.00379043 0.999992 -0.000807868 -5.74056 -0.00744995 0.000836091 0.999972 306.609 
0.999954 -0.00568733 0.00776349 -0.0964999 0.00571638 0.999977 -0.00372565 -5.82111 -0.00774212 0.00376985 0.999963 309.819 
0.999985 -0.00422132 0.00349667 -0.0965843 0.0042361 0.999982 -0.00423198 -5.90777 -0.00347874 0.00424673 0.999985 313.045 
0.999987 -0.00371696 0.00358398 -0.107981 0.00370907 0.999991 0.00220663 -5.99069 -0.00359215 -0.00219331 0.999991 316.295 
0.999973 -0.00619482 0.00407238 -0.105842 0.00618777 0.999979 0.00174123 -6.06836 -0.00408309 -0.00171598 0.99999 319.553 
0.999966 -0.00684118 0.00460929 -0.100918 0.0068311 0.999974 0.00219832 -6.1434 -0.00462421 -0.00216676 0.999987 322.814 
0.999969 -0.00553186 0.00558256 -0.0964844 0.00552415 0.999984 0.00139507 -6.22409 -0.00559018 -0.00136418 0.999984 326.068 
0.999958 -0.00586721 0.00709604 -0.0849696 0.00585006 0.99998 0.00243587 -6.30543 -0.00711019 -0.00239425 0.999972 329.324 
0.999951 -0.00676678 0.00722406 -0.0744272 0.00674127 0.999971 0.00354935 -6.34211 -0.00724787 -0.00350048 0.999968 330.951 
0.99995 -0.00718382 0.00693473 -0.0584489 0.00716878 0.999972 0.00219193 -6.4135 -0.00695028 -0.00214211 0.999974 334.189 
0.999965 -0.00478743 0.00683332 -0.0543496 0.00478185 0.999988 0.000833257 -6.45078 -0.00683722 -0.000800552 0.999976 335.802 
0.999975 -0.00357196 0.0061093 -0.0494975 0.00359329 0.999988 -0.00348371 -6.49255 -0.00609678 0.00350558 0.999975 337.41 
0.999984 -0.00199418 0.00523412 -0.0454804 0.00200654 0.999995 -0.00235718 -6.53219 -0.00522939 0.00236765 0.999984 339.021 
0.999989 -0.0014623 0.00436228 -0.0425701 0.00145766 0.999998 0.00106778 -6.5714 -0.00436384 -0.00106141 0.99999 340.629 
0.999995 -0.000282664 0.00329943 -0.039303 0.000268431 0.999991 0.00431359 -6.60181 -0.00330061 -0.00431268 0.999985 342.246 
0.999998 0.000206242 0.0020917 -0.03681 -0.000212634 0.999995 0.00305604 -6.62892 -0.00209106 -0.00305648 0.999993 343.853 
1 -0.000444111 0.000271657 -0.0351466 0.000443834 0.999999 0.00101749 -6.65278 -0.000272108 -0.00101737 1 345.452 
0.999998 -0.00143966 -0.0016258 -0.0345479 0.00144385 0.999996 0.00258164 -6.67764 0.00162208 -0.00258398 0.999995 347.055 
0.99999 -0.00334199 -0.00305751 -0.0415633 0.00334961 0.999991 0.0024902 -6.73724 0.00304916 -0.00250042 0.999992 350.253 
0.999986 -0.00407135 -0.00329429 -0.0627708 0.00407679 0.99999 0.00164591 -6.80586 0.00328756 -0.00165932 0.999993 353.446 
0.999981 -0.00521583 -0.0032936 -0.0857036 0.00521871 0.999986 0.000867944 -6.88255 0.00328903 -0.000885115 0.999994 356.631 
0.999977 -0.0058973 -0.00334578 -0.109101 0.00589922 0.999982 0.000562851 -6.95871 0.0033424 -0.000582575 0.999994 359.813 
0.99997 -0.00699099 -0.00319939 -0.132221 0.0069857 0.999974 -0.00166381 -7.03402 0.00321094 0.00164141 0.999993 362.989 
0.99996 -0.00834387 -0.00308417 -0.141995 0.00834334 0.999965 -0.0001831 -7.07272 0.00308559 0.000157361 0.999995 364.587 
0.999939 -0.0105576 -0.0031631 -0.166861 0.0105585 0.999944 0.000269207 -7.14688 0.00316009 -0.000302587 0.999995 367.781 
0.99997 -0.00743495 -0.00230747 -0.202919 0.00743648 0.999972 0.000654648 -7.22508 0.00230254 -0.000671787 0.999997 370.975 
0.99998 -0.00610012 -0.00180553 -0.222998 0.00610185 0.999981 0.000954059 -7.26884 0.00179968 -0.000965056 0.999998 372.615 
0.999983 -0.00569843 -0.00143532 -0.237813 0.00569945 0.999984 0.000704659 -7.30681 0.00143128 -0.000712826 0.999999 374.225 
0.999982 -0.00587943 -0.00119997 -0.251989 0.00587933 0.999983 -9.21155e-05 -7.34494 0.00120049 8.50595e-05 0.999999 375.781 
0.999983 -0.00571795 -0.000917867 -0.262588 0.00571764 0.999984 -0.000336816 -7.37934 0.000919778 0.000331563 1 377.387 
0.999985 -0.00533583 -0.000692926 -0.270401 0.00533556 0.999986 -0.000390062 -7.41442 0.000694998 0.00038636 1 378.993 
0.999991 -0.00418331 -0.000381357 -0.278359 0.0041832 0.999991 -0.000270587 -7.44841 0.000382486 0.00026899 1 380.607 
0.999996 -0.00289136 -5.68595e-05 -0.287793 0.00289139 0.999996 0.000451874 -7.48506 5.5553e-05 -0.000452036 1 382.22 
0.999999 -0.0017385 0.000211452 -0.296087 0.00173854 0.999999 -0.000162598 -7.52208 -0.000211169 0.000162966 1 383.841 
1 -0.000874383 0.000481297 -0.303965 0.000874743 0.999999 -0.000747672 -7.55871 -0.000480642 0.000748094 1 385.451 
1 -0.000127952 0.000807379 -0.311017 0.000128479 1 -0.000652509 -7.59675 -0.000807295 0.000652613 1 387.068 
0.999996 0.00224124 0.00145239 -0.320658 -0.00224267 0.999997 0.000982551 -7.66443 -0.00145019 -0.000985804 0.999999 390.306 
0.999993 0.00292545 0.00209174 -0.32379 -0.00292642 0.999996 0.00045846 -7.73169 -0.00209039 -0.000464577 0.999998 393.558 
