1 1.19763e-11 1.70464e-10 0 1.19763e-11 1 3.5625e-10 -1.11022e-16 1.70464e-10 3.5625e-10 1 2.22045e-16 
0.999996 0.000487295 0.0028543 -0.00858623 -0.000486149 1 -0.000402165 -0.041339 -0.0028545 0.000400776 0.999996 2.3942 
0.99999 -0.00103876 0.00423784 -0.0254627 0.00103874 0.999999 7.1984e-06 -0.0921595 -0.00423785 -2.79632e-06 0.999991 4.77775 
0.999978 -0.00207702 0.00632392 -0.0326686 0.0020819 0.999998 -0.000764766 -0.137307 -0.00632231 0.000777915 0.99998 7.16712 
0.999962 -0.00400145 0.00769605 -0.0482445 0.0039987 0.999992 0.000372595 -0.185229 -0.00769748 -0.000341807 0.99997 9.55461 
0.999977 -0.00577105 0.00344434 -0.00802413 0.00576957 0.999983 0.000439634 -0.211312 -0.00344682 -0.000419752 0.999994 11.9437 
0.999982 -0.00557052 -0.0020354 -0.0214128 0.00557005 0.999984 -0.000235552 -0.280836 0.00203668 0.000224211 0.999998 15.5647 
0.99996 -0.00839979 -0.00306738 -0.0668766 0.00840112 0.999965 0.00042315 -0.332536 0.00306372 -0.000448902 0.999995 17.9486 
0.999946 -0.00934917 -0.00452738 -0.0676448 0.00934761 0.999956 -0.000365552 -0.368198 0.0045306 0.000323212 0.99999 20.3418 
0.999959 -0.00720419 -0.00540291 -0.0937644 0.00720039 0.999974 -0.000722627 -0.412316 0.00540797 0.000683695 0.999985 22.7305 
0.999958 -0.00624487 -0.00673017 -0.10723 0.0062335 0.999979 -0.00170911 -0.450533 0.0067407 0.00166709 0.999976 25.1207 
0.999942 -0.00681046 -0.00837789 -0.131429 0.0068171 0.999976 0.000764471 -0.499692 0.00837248 -0.00082154 0.999965 27.5141 
0.999895 -0.0090681 -0.0113024 -0.182183 0.00905523 0.999958 -0.00118901 -0.565664 0.0113127 0.00108654 0.999935 31.0946 
0.999871 -0.00886615 -0.0134179 -0.208479 0.00885902 0.999961 -0.000591237 -0.61137 0.0134226 0.000472291 0.99991 33.5014 
0.999872 -0.00747052 -0.0141592 -0.253888 0.00746761 0.999972 -0.000258102 -0.659364 0.0141607 0.000152334 0.9999 35.8865 
0.99987 -0.00789967 -0.0140639 -0.316221 0.00790315 0.999969 0.000192292 -0.700088 0.0140619 -0.000303416 0.999901 38.2935 
0.999864 -0.00842235 -0.0141804 -0.371362 0.00846066 0.999961 0.00264405 -0.748546 0.0141576 -0.00276367 0.999896 40.6866 
0.999882 -0.00481064 -0.0146058 -0.401025 0.00484378 0.999986 0.00223431 -0.783852 0.0145949 -0.00230479 0.999891 43.0698 
0.999909 -0.00352864 -0.0129972 -0.448442 0.00362457 0.999966 0.00736525 -0.825625 0.0129708 -0.00741169 0.999888 45.4713 
0.999947 -0.00111967 -0.0102501 -0.450289 0.00125877 0.999907 0.013575 -0.843107 0.010234 -0.0135872 0.999855 47.8755 
0.999981 -0.00145549 -0.00603502 -0.484725 0.00153629 0.999909 0.0134058 -0.846254 0.00601496 -0.0134148 0.999892 50.2771 
0.999994 0.00146497 -0.00323296 -0.517664 -0.00143027 0.999942 0.0107089 -0.843229 0.00324846 -0.0107042 0.999937 52.6848 
0.999992 0.00316272 -0.00238643 -0.544225 -0.00314116 0.999955 0.00898523 -0.855663 0.00241474 -0.00897767 0.999957 55.0875 
0.99998 0.00309754 -0.0055229 -0.558138 -0.00303963 0.999941 0.0104638 -0.864223 0.00555498 -0.0104468 0.99993 57.5019 
0.999955 0.00609442 -0.00732933 -0.550506 -0.00602203 0.999933 0.00985869 -0.861013 0.00738892 -0.0098141 0.999925 59.9154 
0.999942 0.0076166 -0.00756542 -0.579018 -0.00754991 0.999933 0.00880518 -0.871419 0.00763197 -0.00874756 0.999933 62.3169 
0.99995 0.00435915 -0.00900158 -0.609273 -0.00427776 0.99995 0.0090407 -0.899862 0.00904054 -0.00900174 0.999919 64.726 
0.999945 0.0021557 -0.0103099 -0.644853 -0.00206036 0.999955 0.00924952 -0.934617 0.0103293 -0.00922776 0.999904 67.1267 
0.999916 0.00791544 -0.0102896 -0.675822 -0.00782995 0.999935 0.00832228 -0.953042 0.0103548 -0.00824101 0.999912 69.513 
0.999905 0.00777416 -0.0113496 -0.73485 -0.00766684 0.999926 0.00946853 -0.993453 0.0114224 -0.00938062 0.999891 71.8867 
0.999918 0.0100689 -0.00789142 -0.791753 -0.00997926 0.999886 0.0113128 -1.01874 0.00800443 -0.0112331 0.999905 74.2575 
0.999979 0.00571821 -0.00288639 -0.812827 -0.005706 0.999975 0.00422326 -1.04708 0.00291047 -0.0042067 0.999987 76.6097 
0.999986 0.00484762 0.00225617 -0.833257 -0.00486405 0.999961 0.00733605 -1.07994 -0.00222052 -0.00734692 0.999971 78.9608 
0.999938 0.00544231 0.00972476 -0.829985 -0.00550832 0.999962 0.00677391 -1.10655 -0.00968752 -0.00682705 0.99993 81.3015 
0.999836 0.0048546 0.017433 -0.795104 -0.00485549 0.999988 8.39503e-06 -1.13367 -0.0174328 -9.30394e-05 0.999848 83.6423 
0.999705 0.00267229 0.0241538 -0.74513 -0.00269522 0.999996 0.000916943 -1.17823 -0.0241512 -0.000981772 0.999708 85.9601 
0.999468 0.00553261 0.0321372 -0.685933 -0.00550973 0.999985 -0.000800661 -1.22355 -0.0321412 0.000623168 0.999483 88.2512 
0.999251 0.00495622 0.0383708 -0.612352 -0.00483583 0.999983 -0.00322963 -1.27892 -0.0383862 0.00304165 0.999258 90.554 
0.999035 0.00235976 0.0438485 -0.523019 -0.00234038 0.999997 -0.000493265 -1.32508 -0.0438496 0.000390166 0.999038 92.861 
0.998849 0.000754003 0.0479497 -0.361029 -0.000853235 0.999998 0.00204906 -1.34979 -0.047948 -0.00208762 0.998848 95.156 
0.99866 6.13914e-05 0.0517526 -0.137368 0.000144682 0.999992 -0.00397814 -1.37722 -0.0517525 0.0039803 0.998652 97.4502 
0.99853 -0.00110142 0.0541945 0.0515494 0.0015366 0.999967 -0.00798898 -1.41976 -0.0541839 0.00806051 0.998498 99.7568 
0.998666 -0.00371137 0.0514957 0.330527 0.00394455 0.999982 -0.00442721 -1.49039 -0.0514783 0.00462444 0.998663 103.253 
0.999031 -0.00204303 0.0439745 0.474285 0.00218793 0.999992 -0.00324726 -1.55355 -0.0439676 0.00334033 0.999027 106.851 
0.999357 -0.00116765 0.0358335 0.55282 0.00128298 0.999994 -0.0031958 -1.60354 -0.0358296 0.00323972 0.999353 109.264 
0.999619 0.0014889 0.0275771 0.668133 -0.00144877 0.999998 -0.00147525 -1.6431 -0.0275792 0.00143474 0.999619 111.688 
0.999821 0.00195794 0.0188359 0.673354 -0.00194849 0.999998 -0.000520064 -1.69928 -0.0188369 0.000483269 0.999822 114.109 
0.999963 0.0020751 0.00829833 0.721147 -0.00206487 0.999997 -0.00124112 -1.72732 -0.00830088 0.00122394 0.999965 116.551 
0.999979 0.00637049 0.00085934 0.672733 -0.00636894 0.999978 -0.0017902 -1.77727 -0.000870726 0.00178469 0.999998 119 
0.999947 0.0100584 -0.00201671 0.66283 -0.0100623 0.999947 -0.00196236 -1.82259 0.00199687 0.00198254 0.999996 121.462 
0.999907 0.0126716 -0.00511812 0.662728 -0.0126774 0.999919 -0.0011059 -1.8574 0.00510369 0.00117068 0.999986 123.945 
0.999818 0.0180385 -0.00621587 0.637965 -0.0180311 0.999837 0.00124203 -1.89643 0.00623725 -0.00112972 0.99998 126.429 
0.999822 0.0172832 -0.00754568 0.605959 -0.0172545 0.999844 0.00384276 -1.92389 0.00761092 -0.00371188 0.999964 128.928 
0.999861 0.0143345 -0.00849915 0.579755 -0.0143108 0.999894 0.00284195 -1.93925 0.00853898 -0.00271992 0.99996 131.433 
0.999912 0.00842776 -0.0102181 0.560937 -0.0083629 0.999945 0.00637333 -1.96324 0.0102712 -0.00628732 0.999927 133.955 
0.999944 0.00251137 -0.0102974 0.527287 -0.00245491 0.999982 0.00549206 -1.99095 0.010311 -0.00546648 0.999932 136.481 
0.999961 -0.000293871 -0.00879808 0.473905 0.000330246 0.999991 0.00413328 -2.01479 0.00879679 -0.00413602 0.999953 139.018 
0.999966 -0.00023096 -0.00824717 0.450966 0.00028583 0.999978 0.00665259 -2.05489 0.00824545 -0.00665472 0.999944 141.57 
0.999974 0.00290381 -0.00654928 0.418331 -0.00286197 0.999976 0.00638801 -2.0813 0.00656767 -0.0063691 0.999958 144.116 
0.999977 0.00361601 -0.00566654 0.378272 -0.00360364 0.999991 0.00219087 -2.12356 0.00567441 -0.0021704 0.999982 146.649 
0.999986 0.00161906 -0.00497357 0.331024 -0.00164495 0.999985 -0.00520633 -2.1818 0.00496507 0.00521444 0.999974 149.182 
0.999987 0.00213028 -0.00454887 0.317057 -0.00215702 0.99998 -0.00588118 -2.24271 0.00453626 0.00589091 0.999972 151.713 
0.999979 0.00363001 -0.00539479 0.307855 -0.00365364 0.999984 -0.00437725 -2.30185 0.00537881 0.00439687 0.999976 154.248 
0.99998 0.00354091 -0.0051628 0.2438 -0.00356396 0.999984 -0.00446246 -2.35198 0.00514692 0.00448077 0.999977 156.775 
0.999975 0.00186492 -0.00683075 0.216195 -0.00188517 0.999994 -0.00296021 -2.40619 0.00682518 0.00297302 0.999972 159.297 
0.999958 0.0051168 -0.00764828 0.194313 -0.00514573 0.99998 -0.00376794 -2.45378 0.00762884 0.00380713 0.999964 161.818 
0.999932 0.00473405 -0.0106647 0.192748 -0.00478889 0.999975 -0.00512228 -2.50282 0.0106402 0.00517301 0.99993 164.342 
0.999919 0.00303948 -0.012393 0.125098 -0.00312416 0.999972 -0.00681969 -2.57179 0.0123719 0.00685786 0.9999 166.862 
0.999902 0.00369722 -0.0134982 0.0630911 -0.00376827 0.999979 -0.00524155 -2.62805 0.0134785 0.0052919 0.999895 169.387 
0.999879 0.00392164 -0.0150282 0.0185654 -0.00399272 0.999981 -0.00470292 -2.68143 0.0150095 0.00476236 0.999876 171.917 
0.999839 0.00393291 -0.0175176 -0.0685366 -0.0040312 0.999976 -0.0055789 -2.77497 0.0174953 0.00564862 0.999831 175.717 
0.999832 0.00335592 -0.0180087 -0.178688 -0.00349154 0.999966 -0.00750429 -2.88232 0.0179829 0.00756591 0.99981 179.487 
0.999813 -0.00054679 -0.019346 -0.223047 0.000477466 0.999993 -0.00358784 -2.94583 0.0193478 0.00357793 0.999806 182.011 
0.999815 -0.000390174 -0.0192089 -0.295325 0.000392348 1 0.000109411 -3.00375 0.0192088 -0.000116928 0.999815 184.531 
0.99982 0.00167594 -0.0189216 -0.370654 -0.00176585 0.999987 -0.00473604 -3.06035 0.0189134 0.00476859 0.99981 187.03 
0.999824 0.00279981 -0.0185593 -0.433355 -0.00285585 0.999991 -0.00299381 -3.12844 0.0185508 0.00304628 0.999823 189.525 
0.999853 0.000645045 -0.0171353 -0.520053 -0.000650545 1 -0.000315388 -3.2219 0.0171351 0.000326489 0.999853 193.221 
0.99986 -0.00119262 -0.0166952 -0.531537 0.00113433 0.999993 -0.00350029 -3.26416 0.0166993 0.00348086 0.999854 195.684 
0.999899 -0.00175485 -0.0141007 -0.583439 0.00170327 0.999992 -0.00366905 -3.31657 0.014107 0.00364466 0.999894 198.12 
0.999896 -0.00283339 -0.0141443 -0.593192 0.00281275 0.999995 -0.00147906 -3.3721 0.0141484 0.00143912 0.999899 200.541 
0.999922 -0.000937183 -0.0124476 -0.592794 0.00091759 0.999998 -0.00157965 -3.40764 0.0124491 0.00156811 0.999921 202.933 
0.999947 3.2511e-05 -0.0102792 -0.614784 -4.94695e-05 0.999999 -0.00164954 -3.47801 0.0102791 0.00164996 0.999946 206.469 
0.999929 -0.002607 -0.0115943 -0.595664 0.00260512 0.999997 -0.000177318 -3.544 0.0115947 0.000147101 0.999933 209.895 
0.999918 -0.00160891 -0.0127034 -0.621745 0.00158986 0.999998 -0.00150921 -3.5842 0.0127058 0.00148889 0.999918 212.103 
0.999897 -0.00298003 -0.0140421 -0.66411 0.00294715 0.999993 -0.00236128 -3.6382 0.014049 0.00231965 0.999899 214.257 
0.999843 -0.00530492 -0.016902 -0.73373 0.00527633 0.999985 -0.00173525 -3.69794 0.0169109 0.0016458 0.999856 216.363 
0.999755 -0.00648492 -0.0211854 -0.796138 0.00652045 0.999977 0.00160847 -3.749 0.0211745 -0.00174621 0.999774 218.424 
0.999517 -0.00956439 -0.0295697 -0.780185 0.00959384 0.999954 0.000854402 -3.78468 0.0295601 -0.00113768 0.999562 220.397 
0.999318 -0.00955201 -0.035662 -0.860957 0.00961466 0.999953 0.00158567 -3.83026 0.0356452 -0.00192746 0.999363 222.307 
0.999105 -0.0111949 -0.0408018 -0.979886 0.0112435 0.999936 0.000961621 -3.88284 0.0407885 -0.00141951 0.999167 224.119 
0.998832 -0.0102855 -0.0472153 -1.06857 0.0102995 0.999947 5.39036e-05 -3.9205 0.0472123 -0.000540135 0.998885 225.846 
0.99852 -0.00864589 -0.0536852 -1.13787 0.00861081 0.999963 -0.000884649 -3.95643 0.0536909 0.000421067 0.998558 227.488 
0.998549 -0.00729825 -0.0533538 -1.24771 0.00734741 0.999973 0.000725224 -3.9982 0.0533471 -0.00111618 0.998575 229.056 
0.998576 -0.0080999 -0.0527351 -1.32804 0.00817345 0.999966 0.00117925 -4.03799 0.0527238 -0.0016086 0.998608 230.55 
0.998651 -0.00731559 -0.051409 -1.41091 0.00718986 0.999971 -0.00263018 -4.07789 0.0514268 0.002257 0.998674 232.006 
0.998758 -0.00622784 -0.0494398 -1.4696 0.00601683 0.999972 -0.00441556 -4.11115 0.0494659 0.00411261 0.998767 233.447 
0.998927 -0.00761732 -0.0456865 -1.55516 0.00742744 0.999963 -0.00432446 -4.15177 0.0457178 0.00398049 0.998946 234.878 
0.999077 -0.0082571 -0.042145 -1.59879 0.00805451 0.999955 -0.00497452 -4.17728 0.0421842 0.00463047 0.999099 236.291 
0.999253 -0.00983978 -0.0373594 -1.63914 0.00970843 0.999946 -0.00369563 -4.21072 0.0373937 0.00333017 0.999295 237.69 
0.999454 -0.0112551 -0.0310631 -1.69601 0.0111656 0.999933 -0.00305399 -4.24674 0.0310954 0.00270548 0.999513 239.08 
0.999601 -0.011343 -0.0258526 -1.7323 0.0112577 0.999931 -0.00344363 -4.27812 0.0258899 0.00315122 0.99966 240.455 
0.999738 -0.0110004 -0.0200804 -1.76315 0.0109031 0.999928 -0.00494905 -4.30564 0.0201334 0.00472882 0.999786 241.837 
0.999837 -0.0106888 -0.0145465 -1.79158 0.0106393 0.999937 -0.00347686 -4.33418 0.0145828 0.00332153 0.999888 243.234 
0.999882 -0.011666 -0.00995448 -1.81796 0.0116144 0.999919 -0.00521922 -4.36699 0.0100146 0.00510299 0.999937 244.643 
0.999875 -0.0139038 -0.0075012 -1.84267 0.013836 0.999864 -0.00901662 -4.40293 0.00762554 0.00891171 0.999931 246.068 
0.999872 -0.0144964 -0.00674455 -1.87132 0.0144299 0.999848 -0.00980568 -4.4417 0.00688567 0.0097071 0.999929 247.522 
0.999893 -0.0130021 -0.00677093 -1.89867 0.0129308 0.999861 -0.0104787 -4.47945 0.00690623 0.01039 0.999922 249.007 
0.999867 -0.0147814 -0.00688933 -1.90837 0.0146946 0.999814 -0.0124917 -4.50154 0.00707269 0.0123888 0.999898 249.752 
0.999737 -0.022271 -0.00542373 -1.93148 0.0221847 0.999634 -0.0154916 -4.54382 0.00576676 0.0153672 0.999865 251.265 
0.999844 -0.0170831 -0.00453096 -1.96862 0.0170588 0.99984 -0.00535477 -4.58015 0.00462171 0.00527664 0.999975 252.824 
0.999773 -0.0210027 -0.00363565 -1.96382 0.0209873 0.999771 -0.00421916 -4.61852 0.00372343 0.0041419 0.999984 254.406 
0.999835 -0.0178903 0.0030447 -1.94022 0.0179319 0.999738 -0.0142394 -4.63625 -0.00278916 0.0142917 0.999894 256.006 
0.999785 -0.0194319 0.00729093 -1.90748 0.019518 0.999738 -0.0119253 -4.67615 -0.00705729 0.012065 0.999902 257.635 
0.999559 -0.0263685 0.0136516 -1.93773 0.0264619 0.999627 -0.00670466 -4.72976 -0.0134697 0.00706295 0.999884 259.306 
0.999523 -0.0240982 0.0192943 -1.92154 0.0242563 0.999674 -0.00800644 -4.77566 -0.0190951 0.00847064 0.999782 260.98 
0.999437 -0.0233753 0.0240782 -1.88135 0.0236299 0.999667 -0.0103429 -4.814 -0.0238284 0.010906 0.999657 262.649 
0.999347 -0.0204084 0.0298216 -1.84724 0.0206163 0.999765 -0.00668054 -4.85198 -0.0296783 0.00729098 0.999533 264.331 
0.999162 -0.0215138 0.0348087 -1.80107 0.0217752 0.999737 -0.00714697 -4.89523 -0.0346458 0.00789895 0.999368 266.017 
0.998879 -0.0261613 0.0394594 -1.76065 0.02645 0.999627 -0.00681398 -4.9395 -0.0392665 0.00785005 0.999198 267.711 
0.998768 -0.0289957 0.0402755 -1.68243 0.029303 0.999546 -0.00705987 -4.97421 -0.0400525 0.00823137 0.999164 269.408 
0.998728 -0.0281309 0.0418508 -1.64472 0.028413 0.999577 -0.0061624 -5.02139 -0.0416597 0.00734367 0.999105 271.115 
0.998815 -0.0265098 0.0408181 -1.59412 0.0268028 0.999619 -0.00664762 -5.06392 -0.0406263 0.00773378 0.999144 272.825 
0.998976 -0.0266276 0.036571 -1.51878 0.0269544 0.999601 -0.00847391 -5.10588 -0.0363307 0.00945098 0.999295 274.519 
0.999105 -0.0264651 0.0329975 -1.4979 0.0267839 0.999598 -0.00925662 -5.1568 -0.0327393 0.0101321 0.999413 276.21 
0.999255 -0.0265717 0.0279955 -1.46989 0.0267857 0.999615 -0.00729526 -5.20386 -0.0277909 0.0080397 0.999581 277.908 
0.999424 -0.028268 0.0187574 -1.44191 0.0283316 0.999594 -0.00313375 -5.26122 -0.0186612 0.00366338 0.999819 279.599 
0.999527 -0.0293553 0.00917336 -1.44286 0.0293682 0.999568 -0.001268 -5.30159 -0.00913217 0.0015368 0.999957 281.249 
0.999534 -0.0305192 0.000787508 -1.45523 0.0305201 0.999533 -0.00114803 -5.33085 -0.000752104 0.00117153 0.999999 282.865 
0.999514 -0.0304499 -0.00661713 -1.48323 0.030438 0.999535 -0.00189874 -5.36555 0.00667187 0.0016964 0.999976 284.414 
0.999365 -0.0322086 -0.01521 -1.48871 0.032181 0.99948 -0.00205989 -5.39499 0.0152685 0.00156911 0.999882 285.891 
0.999225 -0.0304804 -0.0249208 -1.49129 0.0303684 0.999527 -0.00486191 -5.42028 0.0250572 0.00410134 0.999678 287.267 
0.998703 -0.0315607 -0.0399486 -1.55591 0.0312283 0.999472 -0.00891876 -5.45684 0.040209 0.00765966 0.999162 288.568 
0.997532 -0.0285063 -0.0641597 -1.59544 0.0278717 0.999554 -0.0107642 -5.50011 0.0644379 0.00894939 0.997882 289.83 
0.988378 -0.0228554 -0.150286 -1.87152 0.0213676 0.999705 -0.0115076 -5.58809 0.150505 0.00816266 0.988576 292.188 
0.961155 -0.0190985 -0.275347 -2.48083 0.0170857 0.999807 -0.00970715 -5.65239 0.275479 0.00462558 0.961296 294.293 
0.921519 -0.0154666 -0.388026 -3.11672 0.0144776 0.99988 -0.00547238 -5.69409 0.388064 -0.000574764 0.921632 295.664 
0.860007 -0.0159293 -0.510033 -3.89638 0.0158871 0.999864 -0.00443912 -5.73288 0.510034 -0.00428526 0.860143 296.924 
0.772134 -0.0139553 -0.635307 -4.83738 0.0153753 0.999876 -0.00327678 -5.7719 0.635274 -0.00723792 0.772253 298.008 
0.697198 -0.0151222 -0.716719 -5.53333 0.0188954 0.999818 -0.00271462 -5.79759 0.716629 -0.0116501 0.697357 298.624 
0.607149 -0.0157133 -0.794433 -6.35379 0.0269911 0.999635 0.000855993 -5.81208 0.79413 -0.0219624 0.607352 299.061 
0.504317 -0.00490874 -0.863505 -7.16363 0.0160765 0.999864 0.00370538 -5.82056 0.863369 -0.0157509 0.504327 299.39 
0.392269 0.000492205 -0.91985 -7.98638 0.0120918 0.999911 0.0056916 -5.81629 0.919771 -0.0133553 0.392228 299.61 
0.275099 0.00641147 -0.961394 -8.80031 0.0143665 0.999839 0.0107788 -5.84639 0.961309 -0.0167771 0.274963 299.798 
0.152385 0.0141755 -0.98822 -9.63443 0.0140185 0.999766 0.0165028 -5.85841 0.988222 -0.0163682 0.15215 299.871 
-0.0420017 0.0304522 -0.998653 -10.9456 0.012655 0.999471 0.0299449 -5.85166 0.999037 -0.0113802 -0.0423648 299.737 
-0.239678 0.0484173 -0.969644 -12.3166 0.0143105 0.998823 0.046337 -5.81984 0.970747 -0.00277012 -0.240089 299.323 
-0.367849 0.0553554 -0.928236 -13.2626 0.0203165 0.998467 0.0514924 -5.78878 0.929663 8.28932e-05 -0.36841 298.934 
-0.530812 0.0543904 -0.845742 -14.6005 0.0223808 0.99849 0.050167 -5.72527 0.847194 0.00770087 -0.531228 298.015 
-0.616073 0.0558045 -0.78571 -15.4649 0.0236339 0.998348 0.0523757 -5.68732 0.787334 0.0136979 -0.616374 297.265 
-0.689321 0.0671521 -0.721337 -16.3809 0.0363311 0.997646 0.0581562 -5.63168 0.723545 0.0138814 -0.690138 296.37 
-0.755312 0.0747718 -0.651086 -17.2465 0.0452222 0.997049 0.0620412 -5.57212 0.653803 0.0174169 -0.756464 295.307 
-0.784245 0.0701957 -0.616468 -17.6481 0.04371 0.997361 0.0579611 -5.52505 0.61891 0.0185099 -0.785244 294.707 
-0.836158 0.0636517 -0.544783 -18.4397 0.0445428 0.997843 0.0482204 -5.45457 0.546678 0.0160537 -0.837189 293.468 
-0.877818 0.0629196 -0.474843 -19.0646 0.0470013 0.997866 0.0453343 -5.42349 0.476682 0.017477 -0.878902 292.156 
-0.914706 0.0588887 -0.399805 -19.7556 0.0456446 0.99805 0.042577 -5.35753 0.401533 0.0206965 -0.915611 290.602 
-0.944066 0.0623976 -0.323799 -20.3186 0.05133 0.997772 0.0426182 -5.29654 0.325736 0.0236138 -0.945166 288.886 
-0.966233 0.0661547 -0.249034 -20.7918 0.0564718 0.997352 0.0458355 -5.2302 0.251407 0.0302243 -0.967409 287.071 
-0.98734 0.0639494 -0.145153 -21.2613 0.0590029 0.997529 0.0381348 -5.12109 0.147233 0.0290876 -0.988674 284.224 
-0.996752 0.0609587 -0.0526274 -21.5411 0.0591104 0.997602 0.035991 -5.02217 0.0546951 0.0327633 -0.997965 280.994 
-0.998291 0.0544665 0.021187 -21.4746 0.0552302 0.997776 0.0373077 -4.9571 -0.0191078 0.0384141 -0.999079 277.578 
-0.997137 0.0477606 0.0586241 -21.3363 0.0497913 0.998192 0.0336809 -4.89909 -0.0569094 0.0365034 -0.997712 275.233 
-0.996261 0.0380239 0.0775828 -21.1117 0.0407986 0.998572 0.0344987 -4.83448 -0.0761602 0.037535 -0.996389 272.797 
-0.996112 0.0330637 0.0816582 -20.8951 0.0359671 0.998763 0.0343436 -4.76598 -0.0804217 0.037147 -0.996068 270.291 
-0.996584 0.0301062 0.0769004 -20.6652 0.0328087 0.998879 0.0341243 -4.70089 -0.0757868 0.0365307 -0.996455 267.722 
-0.997121 0.0279768 0.0704748 -20.4559 0.030546 0.998898 0.0356455 -4.63461 -0.0693999 0.0376956 -0.996876 265.099 
-0.997941 0.0248555 0.0591202 -20.275 0.0272254 0.998844 0.0396248 -4.56618 -0.0580669 0.0411528 -0.997464 262.441 
-0.998552 0.0234696 0.0484008 -20.108 0.0254804 0.99882 0.0413539 -4.50605 -0.0473731 0.0425273 -0.997972 259.78 
-0.999094 0.0203346 0.0373809 -19.9601 0.0218282 0.998962 0.0399914 -4.45323 -0.0365289 0.0407711 -0.998501 257.101 
-0.999462 0.0195761 0.0263178 -19.853 0.020673 0.998901 0.0420745 -4.38427 -0.0254652 0.0425959 -0.998768 254.419 
-0.999599 0.0221446 0.0176661 -19.7822 0.0229164 0.998735 0.0447511 -4.31117 -0.0166528 0.045138 -0.998842 251.722 
-0.999675 0.0224646 0.0120231 -19.7699 0.0229671 0.998792 0.0434335 -4.22866 -0.0110329 0.0436956 -0.998984 249.032 
-0.999702 0.0232538 0.00748611 -19.7351 0.0235216 0.999004 0.037925 -4.15971 -0.00659676 0.0380897 -0.999253 246.329 
-0.999732 0.0229191 0.00323786 -19.7064 0.0230347 0.998857 0.0418811 -4.09763 -0.00227428 0.0419445 -0.999117 243.593 
-0.999691 0.0246862 0.00289233 -19.6821 0.0247869 0.998788 0.0425132 -4.02953 -0.00183934 0.0425718 -0.999092 240.841 
-0.999631 0.0268885 0.00392351 -19.6723 0.0270253 0.998816 0.0404438 -3.95772 -0.0028314 0.0405349 -0.999174 238.076 
-0.999578 0.0284819 0.00568619 -19.6876 0.0286843 0.998811 0.039423 -3.86699 -0.00455659 0.0395694 -0.999206 235.305 
-0.999517 0.0299643 0.00828682 -19.6501 0.0302939 0.998615 0.0430154 -3.78074 -0.00698642 0.0432457 -0.99904 232.54 
-0.999529 0.0287796 0.0106915 -19.6142 0.0292161 0.998639 0.0432021 -3.70298 -0.00943362 0.0434941 -0.999009 229.746 
-0.999525 0.0285045 0.0117533 -19.5633 0.0289649 0.998737 0.0410631 -3.6272 -0.010568 0.041384 -0.999087 226.94 
-0.999478 0.0299032 0.0122352 -19.5198 0.0303731 0.998729 0.0402161 -3.56171 -0.0110171 0.0405667 -0.999116 224.11 
-0.999516 0.0289939 0.0112413 -19.4544 0.0294402 0.998692 0.0418157 -3.49633 -0.0100142 0.0421264 -0.999062 221.266 
-0.999473 0.0302981 0.0116237 -19.4165 0.0307654 0.998627 0.0423915 -3.41875 -0.0103233 0.0427268 -0.999033 218.413 
-0.999542 0.0279842 0.011513 -19.3808 0.0284457 0.998709 0.0420879 -3.34461 -0.0103204 0.0423962 -0.999048 215.557 
-0.999598 0.0261442 0.0109553 -19.353 0.0265898 0.998733 0.0427207 -3.26502 -0.00982455 0.0429948 -0.999027 212.675 
-0.999584 0.0270362 0.010059 -19.2868 0.0274228 0.998802 0.040522 -3.19403 -0.0089514 0.0407809 -0.999128 209.789 
-0.999642 0.0251951 0.00896568 -19.243 0.0255258 0.998916 0.0389188 -3.11112 -0.0079754 0.0391337 -0.999202 206.884 
-0.99968 0.023413 0.0095505 -19.2141 0.0237984 0.998815 0.0424625 -3.04919 -0.00854501 0.0426762 -0.999052 203.963 
-0.999664 0.0239799 0.00979682 -19.1817 0.0243689 0.998832 0.0417344 -2.97755 -0.00878459 0.0419592 -0.999081 201.036 
-0.999565 0.0276473 0.0102892 -19.1181 0.0280699 0.99866 0.0434839 -2.9173 -0.00907316 0.0437538 -0.999001 198.147 
-0.999629 0.0257638 0.00879179 -19.0832 0.0261459 0.998574 0.0465353 -2.84593 -0.00758033 0.0467479 -0.998878 195.222 
-0.999724 0.0225605 0.00648746 -19.0321 0.0228404 0.998638 0.0469132 -2.77175 -0.00542024 0.0470485 -0.998878 192.313 
-0.999714 0.0234701 0.00466138 -19.0166 0.0236563 0.998706 0.0450166 -2.69363 -0.0035988 0.045114 -0.998975 189.403 
-0.999715 0.0235803 0.0036641 -19.0143 0.0237215 0.998703 0.0450493 -2.61972 -0.00259707 0.0451234 -0.998978 186.509 
-0.999713 0.0238461 0.00245409 -18.9927 0.0239331 0.998678 0.0454978 -2.54144 -0.0013659 0.0455434 -0.998961 183.625 
-0.999718 0.0236824 0.00196771 -19.0169 0.0237494 0.998574 0.0478015 -2.46537 -0.000832852 0.0478347 -0.998855 180.751 
-0.999739 0.0227789 -0.00176204 -19.0138 0.0226748 0.998701 0.0456362 -2.39588 0.00279929 0.0455843 -0.998957 177.894 
-0.999707 0.0232174 -0.00683678 -18.994 0.0228542 0.998531 0.0491231 -2.32463 0.00796725 0.0489524 -0.998769 175.049 
-0.999663 0.0232766 -0.0115229 -19.0123 0.0226943 0.998574 0.0483191 -2.24879 0.0126312 0.0480413 -0.998765 172.248 
-0.999613 0.0225905 -0.0162503 -19.0256 0.0217387 0.998472 0.0508096 -2.16864 0.0173733 0.0504366 -0.998576 169.501 
-0.999546 0.0221691 -0.0203901 -19.0598 0.0211089 0.998485 0.0508215 -2.09793 0.0214859 0.050368 -0.9985 166.839 
-0.999491 0.021534 -0.0235237 -19.0915 0.0202488 0.998359 0.0535704 -2.02975 0.0246387 0.0530669 -0.998287 164.252 
-0.99951 0.0209692 -0.0232401 -19.1644 0.0197493 0.998476 0.0515315 -1.93573 0.0242853 0.0510473 -0.998401 160.583 
-0.999512 0.0212681 -0.022871 -19.2054 0.0200728 0.998483 0.0512811 -1.87438 0.023927 0.050797 -0.998422 158.241 
-0.999547 0.0197775 -0.0226858 -19.222 0.0185273 0.998366 0.054058 -1.80719 0.0237179 0.0536132 -0.99828 155.999 
-0.999593 0.0188879 -0.0213933 -19.2904 0.0177131 0.998393 0.0538345 -1.75133 0.0223758 0.0534336 -0.998321 153.87 
-0.999546 0.0206901 -0.0218838 -19.2148 0.0195259 0.998449 0.0521393 -1.73973 0.0229286 0.0516883 -0.9984 151.852 
-0.999516 0.0245194 -0.0191648 -19.2869 0.0234642 0.998294 0.0534705 -1.70014 0.0204432 0.0529949 -0.998386 149.975 
-0.99957 0.0222962 -0.0190221 -19.3206 0.0212256 0.998275 0.054739 -1.65449 0.0202098 0.0543117 -0.998319 148.166 
-0.99963 0.0200391 -0.0183685 -19.3315 0.0190168 0.998347 0.054234 -1.59584 0.0194249 0.0538646 -0.998359 146.428 
-0.999509 0.02683 -0.0161693 -19.4074 0.0260099 0.998462 0.0489589 -1.53326 0.017458 0.0485143 -0.99867 143.958 
-0.999497 0.0277347 -0.0154009 -19.4659 0.0269871 0.99854 0.0467976 -1.47735 0.0166763 0.0463584 -0.998786 141.618 
-0.999425 0.0291633 -0.0173065 -19.4014 0.0282906 0.998413 0.048694 -1.46596 0.0186991 0.0481764 -0.998664 139.368 
-0.999292 0.0333649 -0.0173994 -19.5514 0.0325632 0.998479 0.0444835 -1.40045 0.0188571 0.0438854 -0.998859 136.49 
-0.999333 0.0313006 -0.0188243 -19.6151 0.0305746 0.998822 0.0376927 -1.35863 0.019982 0.037092 -0.999112 134.4 
-0.999258 0.0330225 -0.0198217 -19.6864 0.0321985 0.998659 0.0405404 -1.31297 0.0211339 0.0398721 -0.998981 132.32 
-0.999549 0.0217968 -0.0206756 -19.6798 0.0211072 0.999232 0.033007 -1.29803 0.0213792 0.0325557 -0.999241 130.268 
-0.999603 0.019594 -0.0202351 -19.7226 0.0191177 0.999542 0.0234711 -1.23721 0.0206858 0.023075 -0.99952 128.892 
-0.999825 0.0122075 -0.0141632 -19.8578 0.0117566 0.999435 0.031492 -1.20326 0.0145396 0.03132 -0.999404 126.726 
-0.999886 0.0117228 -0.00949644 -19.857 0.0114174 0.999435 0.0315993 -1.18765 0.00986151 0.0314873 -0.999456 125.233 
-0.999958 0.00878442 -0.00256614 -19.837 0.00870153 0.999491 0.0307029 -1.16033 0.00283454 0.0306793 -0.999525 123.687 
-0.999966 0.00742273 0.00355485 -19.7955 0.00755557 0.999213 0.0389409 -1.13034 -0.003263 0.0389665 -0.999235 122.066 
-0.999901 0.00939717 0.010442 -19.776 0.00982707 0.999073 0.0419118 -1.08417 -0.0100385 0.0420102 -0.999067 120.383 
-0.999755 0.012003 0.0186108 -19.7449 0.0127084 0.999187 0.038263 -1.03067 -0.0181364 0.0384901 -0.999094 118.635 
-0.999475 0.0172242 0.0274406 -19.6922 0.0182682 0.999101 0.0382608 -0.985658 -0.0267569 0.038742 -0.998891 116.822 
-0.999156 0.0205376 0.0355719 -19.6226 0.0220421 0.998856 0.042433 -0.931747 -0.0346597 0.0431812 -0.998466 114.931 
-0.998678 0.0251051 0.0448452 -19.5665 0.026893 0.998849 0.0397198 -0.867986 -0.0437964 0.0408733 -0.998204 112.975 
-0.998289 0.0253515 0.0526989 -19.4838 0.0272098 0.999022 0.0348496 -0.796065 -0.0517639 0.0362239 -0.998002 110.955 
-0.997956 0.0268179 0.058007 -19.3501 0.0288476 0.99899 0.0344396 -0.753513 -0.0570248 0.0360426 -0.997722 108.861 
-0.997938 0.0255609 0.0588823 -19.1903 0.0273011 0.999208 0.0289415 -0.711442 -0.0580959 0.0304894 -0.997845 106.706 
-0.997923 0.0286833 0.0576827 -19.0479 0.0304515 0.999086 0.0300119 -0.663985 -0.0567691 0.0317061 -0.997884 104.474 
-0.997908 0.0300382 0.0572418 -18.9051 0.0322305 0.998767 0.0377678 -0.604274 -0.0560367 0.0395337 -0.997646 102.163 
-0.998002 0.0288559 0.056204 -18.7772 0.0308087 0.99894 0.0341932 -0.526481 -0.0551577 0.0358565 -0.997834 99.8453 
-0.998105 0.027943 0.0548175 -18.62 0.0298023 0.998998 0.0333993 -0.464662 -0.0538293 0.0349697 -0.997938 97.4111 
-0.998084 0.0305165 0.0538252 -18.4897 0.0324677 0.998833 0.0357575 -0.397182 -0.0526711 0.0374366 -0.99791 94.9191 
-0.998338 0.0284367 0.0501167 -18.3337 0.0302609 0.998893 0.0360228 -0.335022 -0.0490368 0.0374796 -0.998094 92.3591 
-0.998693 0.0242814 0.0449791 -18.2303 0.0258622 0.999056 0.034904 -0.263451 -0.0440892 0.0360216 -0.998378 89.7521 
-0.998903 0.0250463 0.0395664 -18.1272 0.0259862 0.999388 0.0234229 -0.208669 -0.0389555 0.0244254 -0.998942 87.0922 
-0.999122 0.0239397 0.034373 -18.0501 0.0252154 0.998991 0.037171 -0.144838 -0.0334484 0.0380051 -0.998718 84.3326 
-0.999436 0.0212663 0.0260073 -17.8736 0.0221614 0.999154 0.0346292 -0.0348086 -0.0252489 0.035186 -0.999062 80.0933 
-0.999492 0.0245251 0.0203306 -17.7693 0.0252421 0.99904 0.0357925 0.0253405 -0.0194333 0.0362875 -0.999152 77.1937 
-0.999608 0.0231958 0.0156627 -17.6932 0.0238014 0.99893 0.0396546 0.090719 -0.0147261 0.0400119 -0.999091 74.252 
-0.999737 0.0199689 0.0112553 -17.656 0.0204701 0.998716 0.0463319 0.171807 -0.0103157 0.0465501 -0.998863 71.3128 
-0.999714 0.0227797 0.0073378 -17.6084 0.023089 0.998709 0.0452525 0.30857 -0.00629749 0.0454089 -0.998949 66.9322 
-0.99975 0.0217365 0.00530425 -17.5415 0.0219597 0.998679 0.0464471 0.37484 -0.00428765 0.046552 -0.998907 63.9951 
-0.99973 0.0228186 0.00430624 -17.517 0.0229839 0.998798 0.0432987 0.448215 -0.00331305 0.043386 -0.999053 61.0711 
-0.999698 0.0243085 0.00346924 -17.4842 0.0244493 0.998502 0.0489487 0.523642 -0.00227417 0.0490188 -0.998795 58.1396 
-0.999709 0.0238224 0.00385284 -17.4385 0.0239866 0.998439 0.0504495 0.614761 -0.00264499 0.0505272 -0.998719 55.2091 
-0.999675 0.0247945 0.0059101 -17.3853 0.0250309 0.998717 0.0440153 0.692564 -0.00481119 0.0441489 -0.999013 52.3304 
-0.99968 0.024152 0.00747887 -17.347 0.0244649 0.998686 0.0450348 0.762581 -0.00638136 0.0452033 -0.998957 49.431 
-0.999662 0.0244667 0.00877811 -17.3104 0.024886 0.998371 0.0513474 0.846445 -0.00750751 0.0515485 -0.998642 46.5584 
-0.999649 0.0247668 0.0094498 -17.2778 0.0251808 0.998599 0.046546 0.940339 -0.00828376 0.0467676 -0.998871 43.6722 
-0.999624 0.0260381 0.00858464 -17.2182 0.0263922 0.998679 0.0440975 1.00601 -0.00742508 0.0443075 -0.99899 40.7959 
-0.999626 0.0261911 0.00783795 -17.1995 0.0265386 0.998489 0.0481232 1.08321 -0.0065657 0.0483132 -0.998811 37.9247 
-0.999707 0.0233135 0.00645794 -17.1568 0.0235882 0.998647 0.046339 1.16744 -0.00536888 0.0464778 -0.998905 35.0653 
-0.999729 0.0227257 0.005143 -17.1322 0.0229322 0.998746 0.0444969 1.25663 -0.00412533 0.0446028 -0.998996 32.2025 
-0.999618 0.0273428 0.00413683 -17.0855 0.0275039 0.99857 0.0458436 1.3272 -0.00287742 0.0459398 -0.99894 29.3675 
-0.999652 0.0260973 0.00376211 -17.0742 0.0262416 0.998619 0.0455135 1.39373 -0.00256913 0.0455964 -0.998957 26.5198 
-0.999745 0.0224313 0.00278695 -17.0358 0.0225353 0.998701 0.0457005 1.45827 -0.00175821 0.0457516 -0.998951 23.7215 
-0.99973 0.0231055 0.00265749 -17.0021 0.0232048 0.998629 0.0469192 1.54156 -0.00156975 0.0469682 -0.998895 20.9352 
-0.99968 0.025278 0.000678076 -16.9576 0.0252815 0.998536 0.047829 1.6243 0.000531936 0.0478308 -0.998855 18.1676 
-0.999697 0.0246055 0.000805553 -16.9619 0.0246166 0.998648 0.0457931 1.708 0.0003223 0.045799 -0.998951 15.412 
-0.999819 0.018999 0.000382283 -16.9166 0.0189991 0.999024 0.0398721 1.76324 0.000375619 0.0398722 -0.999205 12.676 
-0.999871 0.0160368 0.000915073 -16.8923 0.0160616 0.998882 0.0444498 1.82214 -0.000201216 0.0444588 -0.999011 9.93444 
-0.999753 0.0221888 0.00146424 -16.8993 0.0222339 0.99856 0.048814 1.89852 -0.000379006 0.0488345 -0.998807 7.20392 
-0.999608 0.0277713 0.00353715 -16.9782 0.0279114 0.99841 0.0489765 2.00449 -0.00217139 0.0490561 -0.998794 4.5003 
-0.999611 0.0276661 0.00348808 -16.9593 0.0277942 0.99862 0.0445621 2.08237 -0.00225041 0.0446417 -0.999001 1.77464 
-0.999658 0.0259552 0.00315576 -16.8988 0.0260695 0.998679 0.0442785 2.14151 -0.00200234 0.0443456 -0.999014 -0.960134 
-0.999698 0.0244432 0.00247517 -16.9006 0.0245257 0.998815 0.0420376 2.22574 -0.00144471 0.0420856 -0.999113 -3.71085 
-0.999674 0.0254558 0.00209984 -16.8542 0.0255215 0.998792 0.041999 2.29809 -0.00102818 0.0420389 -0.999115 -6.46864 
-0.999771 0.0214042 0.000787781 -16.8192 0.0214185 0.998892 0.0419074 2.36324 0.000110088 0.0419146 -0.999121 -9.2535 
-0.999839 0.0179176 -0.000182444 -16.7748 0.017892 0.998862 0.0442188 2.43371 0.000974532 0.0442084 -0.999022 -12.0509 
-0.999848 0.0174202 0.000301932 -16.7684 0.0174181 0.999028 0.0404897 2.50828 0.000403699 0.0404888 -0.99918 -14.8376 
-0.999892 0.0146683 0.000327126 -16.7673 0.0146699 0.999131 0.0390021 2.5835 0.000245255 0.0390027 -0.999239 -17.6576 
-0.999903 0.0138554 0.00106245 -16.7593 0.0138839 0.999307 0.0345339 2.6457 -0.000583227 0.0345454 -0.999403 -20.4741 
-0.99983 0.0183538 0.00179429 -16.752 0.0184074 0.999154 0.0367752 2.71631 -0.00111781 0.0368019 -0.999322 -23.3169 
-0.999789 0.0203167 0.0028635 -16.7425 0.0204071 0.999136 0.0361958 2.78112 -0.00212565 0.0362466 -0.999341 -26.1585 
-0.999788 0.0203564 0.00313505 -16.697 0.0204558 0.999147 0.0358811 2.83649 -0.00240197 0.0359377 -0.999351 -29.0026 
-0.999711 0.0236799 0.00414618 -16.6726 0.0238262 0.998925 0.039769 2.89394 -0.0032 0.0398563 -0.9992 -31.868 
-0.999585 0.0283932 0.00494199 -16.6341 0.0285646 0.99883 0.0390093 2.96599 -0.00382861 0.0391342 -0.999227 -34.716 
-0.99953 0.0304304 0.00370924 -16.582 0.0305553 0.99872 0.0403043 3.02376 -0.00247802 0.0403987 -0.999181 -37.564 
-0.99934 0.0360175 0.00463426 -16.5547 0.0361815 0.998451 0.042263 3.07942 -0.00310487 0.0424028 -0.999096 -40.3921 
-0.999146 0.0409537 0.00548607 -16.5296 0.0411398 0.998362 0.0397477 3.13048 -0.00384927 0.0399395 -0.999195 -43.2064 
-0.998977 0.0447582 0.00643518 -16.5529 0.0449536 0.998398 0.0343697 3.20906 -0.00488654 0.0346238 -0.999388 -46.0187 
-0.998995 0.0443051 0.00681592 -16.5319 0.0445316 0.998295 0.0377409 3.25869 -0.00513218 0.0380065 -0.999264 -48.8298 
-0.999024 0.0436541 0.00671145 -16.4936 0.0438733 0.998352 0.0370012 3.30393 -0.00508513 0.0372596 -0.999293 -51.6339 
-0.999039 0.0434004 0.00604737 -16.4542 0.0435908 0.998399 0.0360545 3.33608 -0.0044729 0.0362835 -0.999332 -54.4315 
-0.999 0.0444019 0.00522408 -16.4244 0.0445633 0.99834 0.0364805 3.37938 -0.00359561 0.0366768 -0.999321 -57.2225 
-0.998979 0.0450294 0.00362171 -16.4146 0.0451295 0.998356 0.0353494 3.42426 -0.00202399 0.0354767 -0.999368 -60.0207 
-0.998862 0.0475815 0.00313947 -16.4086 0.0476638 0.998215 0.0359892 3.48314 -0.00142144 0.0360979 -0.999347 -62.797 
-0.999048 0.0436147 0.0011117 -16.4249 0.0436259 0.998362 0.0370079 3.54642 0.000504207 0.0370212 -0.999314 -65.5942 
-0.99912 0.04194 -0.000291001 -16.4239 0.0419004 0.998434 0.0370687 3.60806 0.00184521 0.0370239 -0.999313 -68.3793 
-0.999109 0.0421948 -0.000371268 -16.4295 0.0421586 0.998548 0.0335372 3.65955 0.00178583 0.0334917 -0.999437 -71.1645 
-0.999118 0.0419887 -0.00017383 -16.4422 0.041958 0.998529 0.0343361 3.70689 0.0016153 0.0342985 -0.99941 -73.9268 
-0.99903 0.0439713 0.00214236 -16.4529 0.0440211 0.998291 0.0384358 3.76068 -0.000448625 0.0384929 -0.999259 -76.6832 
-0.998924 0.0461483 0.00458088 -16.4347 0.0462776 0.998351 0.0339621 3.80935 -0.00300603 0.0341375 -0.999413 -79.4178 
-0.999016 0.0440382 0.00529073 -16.4002 0.0441903 0.998469 0.03327 3.84358 -0.00381748 0.0334711 -0.999432 -82.1358 
-0.998968 0.0450085 0.00611156 -16.4132 0.0452156 0.998195 0.0395294 3.92037 -0.00432136 0.039765 -0.9992 -84.8551 
-0.998904 0.0464255 0.00598394 -16.3888 0.0466187 0.998201 0.0377045 3.97777 -0.00422273 0.0379421 -0.999271 -87.5449 
-0.998957 0.045388 0.00495148 -16.3714 0.0455341 0.998348 0.0350515 4.02456 -0.00335239 0.0352404 -0.999373 -90.216 
-0.999053 0.0433931 0.00316481 -16.3638 0.0434819 0.998338 0.0378137 4.0737 -0.0015187 0.0379155 -0.99928 -92.8828 
-0.999039 0.0437791 0.00212709 -16.348 0.0438271 0.998408 0.0355171 4.1198 -0.000568799 0.0355762 -0.999367 -95.523 
-0.998993 0.0448638 0.000773762 -16.3207 0.0448608 0.998271 0.0379781 4.16139 0.000931418 0.0379746 -0.999278 -98.152 
-0.999065 0.043189 -0.0019167 -16.3 0.043087 0.998368 0.0374715 4.21897 0.00353193 0.0373538 -0.999296 -100.772 
-0.999067 0.04302 -0.00370899 -16.2932 0.0428528 0.99839 0.0371644 4.27406 0.00530182 0.0369708 -0.999302 -103.382 
-0.999055 0.0431952 -0.00486005 -16.2946 0.0429872 0.998394 0.0368944 4.31463 0.00644591 0.0366506 -0.999307 -105.975 
-0.999016 0.0439643 -0.00577626 -16.3014 0.0437429 0.998461 0.0340797 4.35097 0.00726566 0.0337935 -0.999402 -108.547 
-0.998991 0.0444702 -0.00624276 -16.3179 0.044204 0.998309 0.0377437 4.39447 0.00791068 0.0374297 -0.999268 -111.114 
-0.999016 0.0439494 -0.00595702 -16.3308 0.0437092 0.998404 0.0357611 4.44596 0.00751919 0.0354655 -0.999343 -113.661 
-0.998895 0.0467526 -0.00473659 -16.3444 0.046548 0.998242 0.0366985 4.4805 0.00644401 0.0364375 -0.999315 -116.192 
-0.998967 0.0452239 -0.00450782 -16.3477 0.0450156 0.998233 0.0387874 4.51111 0.00625397 0.0385444 -0.999237 -118.708 
-0.998916 0.0463791 -0.00391461 -16.3485 0.0461956 0.998198 0.0383059 4.56525 0.00568415 0.0380835 -0.999258 -121.195 
-0.998929 0.0459913 -0.00502011 -16.3293 0.0457696 0.998237 0.0377766 4.59605 0.00674866 0.0375064 -0.999274 -123.65 
-0.999084 0.0419907 -0.00823672 -16.3262 0.0416341 0.998351 0.0395191 4.63436 0.00988257 0.03914 -0.999185 -126.067 
-0.999084 0.0414878 -0.0104382 -16.3348 0.0410493 0.998388 0.0391983 4.67267 0.0120476 0.0387339 -0.999177 -128.45 
-0.999061 0.0415007 -0.0124556 -16.3364 0.0410081 0.998455 0.0374872 4.70508 0.0139921 0.0369412 -0.999219 -130.786 
-0.999069 0.0411363 -0.0129685 -16.357 0.0405654 0.998311 0.0415798 4.73318 0.0146571 0.0410151 -0.999051 -133.073 
-0.998952 0.0437616 -0.0134288 -16.3373 0.0431647 0.998188 0.0419187 4.76112 0.0152389 0.0412951 -0.999031 -135.288 
-0.998903 0.0447668 -0.0137267 -16.2958 0.0440871 0.997951 0.046361 4.78643 0.015774 0.045705 -0.99883 -137.424 
-0.998951 0.0420887 -0.0180273 -16.3041 0.0412398 0.99813 0.045122 4.82577 0.0198927 0.0443312 -0.998819 -139.465 
-0.998879 0.0423753 -0.0210779 -16.3183 0.0413632 0.998069 0.0463353 4.8551 0.0230006 0.0454115 -0.998704 -141.401 
-0.998807 0.0440164 -0.0211263 -16.3539 0.0429906 0.99798 0.0467726 4.88524 0.0231424 0.0458086 -0.998682 -143.222 
-0.99874 0.0483588 -0.013406 -16.383 0.0477132 0.997852 0.0448912 4.91314 0.015548 0.044195 -0.998902 -144.925 
-0.998275 0.0561796 0.0170343 -16.3947 0.0568684 0.997452 0.0430829 4.94438 -0.0145706 0.0439773 -0.998926 -146.512 
-0.996426 0.0546074 0.0644459 -16.2745 0.0575817 0.997316 0.0452336 4.98547 -0.0618028 0.0487828 -0.996896 -147.989 
-0.985926 0.0520729 0.158864 -15.9369 0.0597967 0.99723 0.0442294 5.01119 -0.15612 0.0531064 -0.986309 -149.987 
-0.938847 0.0541643 0.340049 -15.2393 0.0683789 0.99721 0.0299491 5.06341 -0.337478 0.0513698 -0.939931 -152.251 
-0.831686 0.048915 0.553087 -13.9616 0.0711685 0.997287 0.0188172 5.04301 -0.550666 0.0550124 -0.832911 -153.974 
-0.648781 0.0378705 0.760033 -12.4055 0.0714245 0.997382 0.0112724 5.00094 -0.757616 0.0615983 -0.649787 -155.365 
-0.475591 0.024579 0.879323 -11.0727 0.0623057 0.99804 0.00580136 4.97123 -0.877457 0.057546 -0.476191 -156.006 
-0.282645 0.0236764 0.958932 -9.69124 0.061226 0.998102 -0.0065972 4.93124 -0.957269 0.0568469 -0.283558 -156.392 
-0.0781787 0.0122087 0.996865 -8.24011 0.0549442 0.998458 -0.00791923 4.8997 -0.995424 0.0541528 -0.0787289 -156.445 
0.128189 -0.0225818 0.991493 -6.77027 0.0543918 0.998396 0.0157067 4.84522 -0.990257 0.0519156 0.129211 -156.112 
0.342617 -0.0378781 0.938711 -5.30814 0.0530001 0.998375 0.0209413 4.8491 -0.937979 0.042577 0.344068 -155.628 
0.612989 -0.0568015 0.788047 -3.3781 0.0601516 0.997873 0.0251361 4.85717 -0.787799 0.0319942 0.615101 -154.741 
0.797079 -0.0550283 0.601363 -1.88826 0.0640736 0.997925 0.00638946 4.84871 -0.600466 0.0334386 0.798951 -152.883 
