1 1.19763e-11 1.70464e-10 -5.55111e-17 1.19763e-11 1 3.5625e-10 0 1.70464e-10 3.5625e-10 1 2.22045e-16 
0.999997 -0.00214111 -0.00104793 -0.0141222 0.00214305 0.999996 0.00185274 -0.0475174 0.00104396 -0.00185498 0.999998 2.62199 
0.999992 -0.00392318 -0.00101005 -0.01097 0.00392392 0.999992 0.000727595 -0.0859034 0.00100719 -0.000731552 0.999999 5.26095 
0.999981 -0.00622572 -0.000482652 -0.085444 0.00622705 0.999977 0.00280108 -0.119686 0.000465202 -0.00280403 0.999996 7.90275 
0.999983 -0.00564827 -0.00147256 -0.0830758 0.00565044 0.999983 0.00147226 -0.156901 0.00146422 -0.00148055 0.999998 10.5582 
0.999996 -0.000751648 -0.00263403 -0.0599473 0.000748368 0.999999 -0.00124565 -0.204834 0.00263496 0.00124367 0.999996 13.2214 
0.999993 0.00267999 -0.00257006 -0.0747184 -0.00268126 0.999996 -0.000489277 -0.250821 0.00256873 0.000496165 0.999997 15.9048 
0.999992 -0.0033033 -0.00235135 -0.0496912 0.00331266 0.999987 0.00398821 -0.307864 0.00233814 -0.00399597 0.999989 18.6072 
0.999978 -0.00612453 -0.00260734 -0.0567723 0.00612399 0.999981 -0.000216234 -0.354528 0.00260862 0.000200262 0.999997 21.3175 
0.999998 -0.00161562 -0.00139341 -0.0850411 0.00161611 0.999999 0.000353747 -0.391712 0.00139283 -0.000355998 0.999999 24.0543 
0.999989 -0.0046845 -0.000854858 -0.121268 0.00468914 0.999974 0.00550173 -0.413876 0.000829063 -0.00550567 0.999984 26.8005 
0.999964 -0.00845095 -0.00107685 -0.136209 0.00845246 0.999963 0.00140138 -0.450422 0.00106496 -0.00141043 0.999998 29.5597 
0.999988 -0.00493167 0.000688118 -0.176539 0.00493292 0.999986 -0.0018265 -0.496972 -0.0006791 0.00182987 0.999998 32.3265 
0.999999 -0.00125286 0.00080658 -0.158704 0.00125468 0.999997 -0.00224957 -0.601115 -0.000803759 0.00225058 0.999997 36.5018 
0.999963 0.00855781 0.000910554 -0.1393 -0.00855682 0.999963 -0.00108965 -0.686728 -0.000919845 0.00108181 0.999999 40.6714 
0.999948 0.0101837 -3.2092e-05 -0.182817 -0.0101837 0.999948 -0.000499913 -0.758221 2.69994e-05 0.000500214 1 44.8548 
0.999967 0.00752423 -0.00311635 -0.229943 -0.00752424 0.999972 8.07041e-06 -0.815247 0.00311632 1.5378e-05 0.999995 49.0939 
0.999944 0.00815874 -0.00668308 -0.255035 -0.00815303 0.999966 0.000880909 -0.887141 0.00669004 -0.000826373 0.999977 53.3614 
0.999956 0.00507175 -0.00786927 -0.292839 -0.00505705 0.999985 0.001887 -0.933047 0.00787873 -0.00184713 0.999967 56.2122 
0.999964 -0.00173375 -0.00825005 -0.402133 0.00174842 0.999997 0.00177124 -0.943585 0.00824695 -0.0017856 0.999964 59.0659 
0.999959 -0.00501438 -0.00747683 -0.44192 0.00503508 0.999984 0.00275179 -0.960787 0.00746291 -0.00278933 0.999968 61.9211 
0.999948 -0.00831978 -0.00589033 -0.514191 0.0083294 0.999964 0.00160978 -0.998857 0.00587672 -0.00165876 0.999981 64.772 
0.999976 -0.00557396 -0.00413236 -0.548412 0.00557832 0.999984 0.00104337 -1.04907 0.00412648 -0.00106639 0.999991 67.6127 
0.999996 0.00164831 -0.00231547 -0.604792 -0.00164019 0.999993 0.00350398 -1.09601 0.00232122 -0.00350017 0.999991 70.436 
0.999961 0.00875746 -0.00114198 -0.652703 -0.00875352 0.999956 0.00341201 -1.11576 0.00117181 -0.00340188 0.999994 73.2292 
0.999907 0.0135969 0.000965307 -0.719859 -0.0135998 0.999903 0.00312331 -1.17632 -0.000922746 -0.00313615 0.999995 77.417 
0.99995 0.00996139 0.000919167 -0.767367 -0.00996323 0.999948 0.0020215 -1.21323 -0.000898982 -0.00203056 0.999998 81.6034 
0.999867 0.0163106 -0.00018852 -0.730229 -0.0163103 0.999865 0.00177074 -1.30046 0.000217377 -0.00176743 0.999998 85.8672 
0.999884 0.0148592 -0.00333376 -0.728438 -0.0148467 0.999883 0.00376689 -1.36801 0.00338935 -0.00371696 0.999987 90.0305 
0.999945 0.00919089 -0.00500555 -0.774937 -0.00917619 0.999954 0.00295255 -1.44033 0.00503246 -0.00290646 0.999983 94.1208 
0.99994 0.010148 -0.00403669 -0.985522 -0.0101437 0.999948 0.00109489 -1.5137 0.00404759 -0.00105388 0.999991 98.1702 
0.999945 0.00967902 -0.00393842 -1.0371 -0.00966919 0.99995 0.00250787 -1.53868 0.00396249 -0.00246965 0.999989 100.845 
0.999942 0.0100612 -0.00388915 -1.08382 -0.0100515 0.999946 0.00250962 -1.60009 0.00391419 -0.00247038 0.999989 103.516 
0.999977 0.00548836 -0.00396984 -1.13234 -0.00548925 0.999985 -0.000213208 -1.64874 0.00396861 0.000234995 0.999992 107.51 
0.999995 0.00158292 -0.00260693 -1.15424 -0.00157698 0.999996 0.00228194 -1.69419 0.00261053 -0.00227782 0.999994 110.188 
0.999998 0.00127358 -0.0011966 -1.19174 -0.00127515 0.999998 -0.00131357 -1.74085 0.00119492 0.00131509 0.999998 112.848 
0.999993 0.00365977 0.00100928 -1.2949 -0.0036557 0.999985 -0.00400032 -1.74605 -0.00102391 0.0039966 0.999991 115.484 
0.999983 0.00505007 0.00280168 -1.25943 -0.0050495 0.999987 -0.000211816 -1.78868 -0.00280272 0.000197666 0.999996 118.15 
0.99998 0.00426828 0.00463949 -1.27834 -0.00426599 0.999991 -0.000503364 -1.81893 -0.00464159 0.000483562 0.999989 120.823 
0.999948 0.0068418 0.00750967 -1.36211 -0.00683197 0.999976 -0.00133382 -1.85933 -0.00751861 0.00128245 0.999971 123.539 
0.99992 0.00861136 0.00923409 -1.25909 -0.00857569 0.999956 -0.00389636 -1.93476 -0.00926723 0.00381686 0.99995 127.57 
0.999928 0.00578169 0.0105543 -1.26688 -0.00575794 0.999981 -0.00227932 -1.96858 -0.0105673 0.00221838 0.999942 130.275 
0.999923 0.00425921 0.0116606 -1.25816 -0.00423872 0.999989 -0.00178091 -2.02921 -0.011668 0.00173134 0.99993 132.972 
0.999934 0.00183377 0.0113725 -1.24471 -0.00181934 0.999998 -0.00127947 -2.08704 -0.0113748 0.00125869 0.999935 135.679 
0.999958 0.00125697 0.00912888 -1.18849 -0.00125287 0.999999 -0.00045447 -2.13933 -0.00912944 0.000443014 0.999958 138.381 
0.999976 -0.00026093 0.00696428 -1.17344 0.00026389 1 -0.000424122 -2.18869 -0.00696417 0.00042595 0.999976 141.077 
0.999988 -0.00139383 0.00476685 -1.19341 0.00139988 0.999998 -0.00126434 -2.24467 -0.00476508 0.001271 0.999988 143.773 
0.999954 -0.00923843 0.00250591 -1.19027 0.00924885 0.999949 -0.00417617 -2.29821 -0.0024672 0.00419916 0.999988 146.468 
0.999713 -0.0239371 -0.000851207 -1.14905 0.0239336 0.999706 -0.0038921 -2.3895 0.000944122 0.00387061 0.999992 150.519 
0.999849 -0.0173692 -0.000514112 -1.07589 0.0173634 0.999802 -0.00970006 -2.49033 0.000682492 0.00968967 0.999953 154.547 
0.999709 -0.024108 0.000361928 -1.10462 0.0241092 0.999702 -0.00372701 -2.56443 -0.00027197 0.00373465 0.999993 157.237 
0.999512 -0.0312363 -0.000281011 -1.08738 0.0312354 0.999508 -0.00282668 -2.60615 0.000369168 0.00281653 0.999996 159.872 
0.999683 -0.0251425 0.00156285 -1.09792 0.0251476 0.999678 -0.00329708 -2.65338 -0.00147945 0.00333534 0.999993 162.568 
0.999781 -0.0205706 0.00391938 -1.16872 0.0205945 0.999769 -0.00616655 -2.68126 -0.00379163 0.00624592 0.999973 165.27 
0.99987 -0.0159902 0.00220356 -1.13487 0.0160087 0.999834 -0.0086691 -2.7396 -0.00206458 0.00870324 0.99996 169.262 
0.999946 -0.0102916 0.00165878 -1.24776 0.010312 0.999865 -0.0128138 -2.77575 -0.00152668 0.0128303 0.999917 171.982 
0.999981 -0.00558975 0.0027124 -1.3451 0.00561696 0.999933 -0.0101292 -2.80682 -0.0026556 0.0101443 0.999945 174.721 
0.999964 -0.00796489 0.00294448 -1.4003 0.00798457 0.999945 -0.00673226 -2.89302 -0.0028907 0.00675553 0.999973 177.492 
0.999943 -0.0107174 2.25139e-06 -1.47364 0.0107168 0.999884 -0.0108143 -2.96189 0.00011365 0.0108137 0.999942 180.246 
0.999986 -0.00389593 -0.00354873 -1.37044 0.0038382 0.999863 -0.01613 -3.04414 0.00361108 0.0161161 0.999864 183.009 
0.999986 0.00380198 -0.00373463 -1.34834 -0.00384547 0.999924 -0.0117069 -3.14672 0.00368984 0.0117211 0.999924 185.805 
0.999993 0.00154827 -0.00344406 -1.39766 -0.00157744 0.999963 -0.00848346 -3.21382 0.0034308 0.00848883 0.999958 190.011 
0.999978 -0.0060083 -0.00280009 -1.39578 0.00598893 0.999958 -0.00687386 -3.32158 0.00284128 0.00685694 0.999972 194.245 
0.999918 -0.0125466 -0.00244689 -1.40869 0.0125209 0.999869 -0.0102507 -3.39594 0.00257518 0.0102192 0.999944 198.5 
0.999954 0.00953448 0.000332184 -1.49687 -0.00953001 0.999888 -0.0115408 -3.51452 -0.000442183 0.0115371 0.999933 202.788 
0.99999 0.00453979 -0.000181739 -1.56555 -0.00454126 0.999948 -0.0090897 -3.59782 0.000140465 0.00909043 0.999959 207.147 
0.999989 0.00372771 -0.00272929 -1.59509 -0.00375389 0.999946 -0.00964894 -3.72211 0.00269318 0.00965908 0.99995 212.916 
0.99999 0.00202217 -0.0039009 -1.66346 -0.00206785 0.999929 -0.0117427 -3.86977 0.00387688 0.0117506 0.999923 218.825 
0.999979 0.00337386 -0.00547973 -1.70903 -0.00344562 0.999908 -0.0131401 -4.0046 0.00543489 0.0131587 0.999899 224.763 
0.999966 -0.00577142 -0.00585844 -1.87006 0.00569553 0.999901 -0.0128902 -4.17566 0.00593225 0.0128564 0.9999 232.202 
0.999982 -0.00376551 -0.00469885 -1.9603 0.00371359 0.999932 -0.0110108 -4.38134 0.00473999 0.0109932 0.999928 239.745 
0.999993 -0.00265162 -0.00276001 -2.01901 0.00261543 0.999912 -0.0130343 -4.54769 0.00279432 0.013027 0.999911 245.821 
0.999994 -0.000576389 -0.00331725 -2.07129 0.000538049 0.999933 -0.0115472 -4.72248 0.00332368 0.0115454 0.999928 251.909 
0.999991 -0.00100507 -0.00412728 -2.08553 0.000957554 0.999933 -0.0114986 -4.84996 0.00413856 0.0114945 0.999925 256.501 
0.999974 -0.00505129 -0.00505963 -2.09482 0.00499371 0.999923 -0.0113304 -4.97952 0.00511647 0.0113049 0.999923 261.16 
0.999911 -0.0121577 -0.00541272 -2.12623 0.0121078 0.999885 -0.00915705 -5.05941 0.00552343 0.0090907 0.999943 265.751 
0.999906 -0.0129028 -0.00459366 -2.19136 0.0128491 0.999851 -0.0115253 -5.2076 0.00474168 0.0114652 0.999923 270.311 
0.999989 -0.00457103 -0.0013201 -2.20441 0.0045548 0.999917 -0.0120471 -5.36998 0.00137505 0.0120409 0.999927 274.974 
0.999987 -0.00468935 0.00191586 -2.32094 0.00471479 0.999898 -0.0134989 -5.50604 -0.00185236 0.0135078 0.999907 279.591 
0.999957 -0.00845781 0.0037559 -2.352 0.00850006 0.999899 -0.0113802 -5.66634 -0.00365927 0.0114117 0.999928 284.287 
0.999939 -0.0109321 0.00182165 -2.32688 0.01096 0.99981 -0.0160894 -5.79357 -0.00164542 0.0161084 0.999869 288.946 
0.999938 -0.0111439 -0.000513959 -2.33166 0.0111335 0.999792 -0.0170691 -5.95618 0.000704068 0.0170623 0.999854 293.646 
0.999916 -0.0125773 -0.00318893 -2.35802 0.0125278 0.999808 -0.0150913 -6.11153 0.00337813 0.0150501 0.999881 298.358 
0.999933 -0.0111345 -0.00309151 -2.37016 0.0110909 0.999843 -0.0137829 -6.27479 0.00324449 0.0137477 0.9999 303.039 
0.999871 -0.0159857 0.00137563 -2.75723 0.0160048 0.999756 -0.0152171 -6.54012 -0.00113204 0.0152372 0.999883 307.801 
0.999883 -0.0151093 -0.00226647 -2.86769 0.0150697 0.999749 -0.0165566 -6.68896 0.00251606 0.0165205 0.99986 312.676 
0.999909 -0.0134132 -0.00166911 -2.87897 0.0133974 0.999869 -0.00913361 -6.88527 0.00179141 0.00911041 0.999957 317.556 
0.999857 -0.0168979 -0.000982732 -2.94044 0.016887 0.999806 -0.010171 -7.01777 0.00115441 0.0101529 0.999948 322.411 
0.999892 -0.0146682 0.00015814 -2.93972 0.0146691 0.999824 -0.0117338 -7.17106 1.40016e-05 0.0117348 0.999931 327.27 
0.99986 -0.016656 0.00176284 -2.99335 0.0166729 0.999811 -0.0100487 -7.32109 -0.00159514 0.0100767 0.999948 332.15 
0.999914 -0.0130726 0.00131462 -2.98579 0.0130876 0.999841 -0.0121369 -7.41974 -0.00115575 0.012153 0.999925 335.382 
0.999946 -0.0103947 -3.21797e-05 -3.03851 0.0103931 0.999838 -0.0146865 -7.51399 0.000184837 0.0146854 0.999892 338.588 
0.999969 -0.00775022 -0.00155007 -3.08714 0.00773714 0.999936 -0.00826995 -7.61224 0.00161407 0.0082577 0.999965 341.813 
0.99996 -0.00776571 -0.00437885 -3.14259 0.00771732 0.99991 -0.0109612 -7.7137 0.00446358 0.010927 0.99993 345.019 
0.999904 -0.0114252 -0.00779653 -3.16869 0.011352 0.999892 -0.00937507 -7.80139 0.0079028 0.00928567 0.999926 348.214 
0.999876 -0.0126557 -0.0093841 -3.18197 0.0125501 0.999858 -0.0112234 -7.88871 0.00952481 0.0111043 0.999893 351.397 
0.999845 -0.0146515 -0.00980341 -3.22887 0.0145389 0.999829 -0.0114645 -7.98207 0.00996971 0.0113202 0.999886 354.588 
0.999837 -0.0149416 -0.0101595 -3.25687 0.0148084 0.999805 -0.0130613 -8.07006 0.0103527 0.0129087 0.999863 357.771 
0.999822 -0.0157762 -0.0103282 -3.29652 0.0156348 0.999785 -0.0136366 -8.17124 0.0105411 0.0134727 0.999854 360.95 
0.999724 -0.0211066 -0.0103302 -3.39162 0.0209661 0.999689 -0.0135224 -8.24309 0.0106124 0.013302 0.999855 364.124 
0.999665 -0.0236094 -0.0106314 -3.42856 0.0234652 0.999634 -0.01349 -8.33043 0.010946 0.013236 0.999852 367.329 
0.999754 -0.0197154 -0.0101636 -3.45834 0.0195782 0.999718 -0.0134332 -8.44396 0.0104256 0.0132309 0.999858 370.54 
0.999796 -0.0181228 -0.00887187 -3.52293 0.0180112 0.99976 -0.0124969 -8.55462 0.00909621 0.0123346 0.999883 373.807 
0.999798 -0.0180445 -0.00882224 -3.55487 0.0179212 0.999743 -0.0138698 -8.64437 0.00907024 0.0137089 0.999865 376.938 
0.999804 -0.0178486 -0.00857091 -3.61781 0.0177256 0.999742 -0.0142141 -8.72684 0.0088224 0.0140594 0.999862 380.165 
0.999847 -0.0152612 -0.00857293 -3.63829 0.0151347 0.999778 -0.0146361 -8.82228 0.00879439 0.0145041 0.999856 383.394 
0.999913 -0.0107084 -0.00768861 -3.72091 0.0105939 0.999835 -0.0147875 -8.96327 0.00784569 0.0147048 0.999861 388.164 
0.999931 -0.00898682 -0.00751674 -3.77924 0.00887582 0.999853 -0.0146722 -9.12163 0.00764749 0.0146045 0.999864 393.071 
