1 1.19763e-11 1.70464e-10 5.55111e-17 1.19763e-11 1 3.5625e-10 0 1.70464e-10 3.5625e-10 1 2.22045e-16 
0.999862 -0.0107865 0.0126244 0.0217795 0.0108238 0.999937 -0.00288844 -0.0208736 -0.0125924 0.00302468 0.999916 1.36214 
0.999276 -0.00650497 -0.0374907 0.0273103 0.00632709 0.999968 -0.00486125 -0.0347236 0.0375211 0.00462053 0.999285 2.37243 
0.995177 -0.00212537 -0.0980676 -0.090695 0.001565 0.999982 -0.00579072 -0.0518382 0.0980782 0.00560932 0.995163 3.47741 
0.986355 -0.00191906 -0.164621 -0.380833 0.00136324 0.999993 -0.00348927 -0.0761543 0.164626 0.00321724 0.986351 5.08941 
0.982754 0.00117045 -0.184915 -0.689574 -0.00230574 0.99998 -0.00592463 -0.122768 0.184904 0.00624882 0.982737 6.43073 
0.977561 -0.00599659 -0.210567 -0.99098 0.00347321 0.999918 -0.0123515 -0.13148 0.210624 0.011343 0.977501 7.87251 
0.974617 -0.0108444 -0.223618 -1.31796 0.00766171 0.999857 -0.0150955 -0.173837 0.22375 0.012999 0.97456 8.88789 
0.968125 -0.00836578 -0.250327 -1.79551 0.00249916 0.999715 -0.0237445 -0.230578 0.250455 0.022362 0.96787 10.5858 
0.959933 -0.0156682 -0.279792 -2.2529 0.00612184 0.99937 -0.0349607 -0.180678 0.280164 0.0318471 0.959424 12.4347 
0.95608 -0.0182754 -0.292535 -2.64342 0.00461529 0.998869 -0.0473181 -0.245446 0.293069 0.0438898 0.955083 13.6142 
0.953596 -0.0194378 -0.300459 -3.06929 0.000186628 0.997952 -0.0639689 -0.320353 0.301087 0.0609444 0.951647 14.8372 
0.949492 -0.0158919 -0.313388 -3.73186 -0.0117365 0.996219 -0.0860772 -0.488122 0.313571 0.0854077 0.945716 16.7906 
0.946321 -0.0118667 -0.32301 -4.21634 -0.0207489 0.995035 -0.0973435 -0.623971 0.322561 0.0988204 0.941376 18.0534 
0.938076 -0.0119149 -0.346225 -6.76932 -0.0219139 0.995366 -0.0936287 -1.3459 0.345736 0.095418 0.933468 22.602 
0.932003 -0.0072557 -0.362378 -7.36832 -0.0253433 0.996048 -0.0851239 -1.50842 0.361564 0.0885196 0.928136 24.1216 
0.922071 0.00146587 -0.387018 -8.41053 -0.0326322 0.996726 -0.0739709 -1.71503 0.385643 0.0808357 0.9191 26.4546 
0.914093 0.000655544 -0.405504 -9.08585 -0.0330133 0.996799 -0.0728077 -1.84764 0.404159 0.07994 0.911189 27.9758 
0.903873 0.00661307 -0.42775 -10.3522 -0.0384174 0.997095 -0.0657642 -2.06362 0.426072 0.0758756 0.901502 30.3808 
0.896828 0.0127148 -0.442197 -11.1797 -0.0420683 0.997508 -0.0566374 -2.20488 0.440375 0.0693965 0.895128 31.9739 
0.890201 0.0142417 -0.455346 -12.0218 -0.0437391 0.997566 -0.0543095 -2.33977 0.453464 0.0682628 0.888657 33.6012 
0.882848 0.0171051 -0.469348 -12.8469 -0.0476102 0.997448 -0.0532038 -2.4887 0.46724 0.0693166 0.881409 35.2818 
0.87667 0.018524 -0.480736 -14.2293 -0.0508886 0.997223 -0.054375 -2.69913 0.478393 0.0721329 0.875178 37.8292 
0.875456 0.0170721 -0.482996 -15.1632 -0.0484264 0.997445 -0.0525195 -2.79071 0.480866 0.0693683 0.874046 39.5842 
0.87485 0.0124905 -0.484234 -16.2181 -0.043311 0.997681 -0.052514 -2.90735 0.482455 0.0669145 0.873361 41.3972 
0.871957 0.00918281 -0.489497 -17.2518 -0.0393003 0.99791 -0.0512863 -3.02744 0.488003 0.0639568 0.870495 43.2512 
0.86748 0.0110347 -0.497349 -18.3276 -0.0373733 0.998374 -0.0430359 -3.15372 0.496065 0.0559203 0.866483 45.1098 
0.858647 0.00876932 -0.512492 -19.4123 -0.0359142 0.998426 -0.0430878 -3.28589 0.511307 0.055403 0.85761 46.9386 
0.846028 0.00375586 -0.533125 -20.5265 -0.0334469 0.998379 -0.0460441 -3.3884 0.532088 0.056786 0.844783 48.769 
0.835278 0.0124718 -0.549686 -21.7079 -0.0384703 0.998618 -0.0358001 -3.50852 0.54848 0.0510497 0.834604 50.5688 
0.828659 0.0109067 -0.559647 -22.9374 -0.0408129 0.998326 -0.0409749 -3.61991 0.558264 0.0567951 0.827717 52.2939 
0.821612 0.00689382 -0.570005 -24.1016 -0.0426742 0.997865 -0.0494426 -3.74008 0.568447 0.0649472 0.820152 54.0599 
0.815999 0.0112747 -0.577943 -25.3754 -0.0418654 0.998337 -0.039634 -3.86843 0.576535 0.0565371 0.815114 55.7791 
0.811359 0.0166099 -0.584313 -26.6857 -0.0468154 0.998232 -0.0366304 -3.99283 0.582671 0.0570752 0.810702 57.5017 
0.803698 0.0127199 -0.594902 -27.9561 -0.0455361 0.998154 -0.0401761 -4.10904 0.593293 0.0593789 0.802794 59.2408 
0.794404 0.0106939 -0.607296 -29.2475 -0.0433518 0.998293 -0.0391295 -4.22507 0.605841 0.057412 0.793512 60.9717 
0.784623 0.0111282 -0.619873 -30.5776 -0.0450111 0.998223 -0.0390537 -4.34404 0.618337 0.0585436 0.78373 62.6895 
0.767411 0.00601024 -0.641128 -32.6267 -0.0426489 0.99822 -0.0416917 -4.49137 0.639736 0.0593381 0.766301 65.229 
0.748376 0.00215198 -0.663271 -34.7868 -0.0388887 0.998417 -0.0406393 -4.66143 0.662133 0.0562072 0.747275 67.7462 
0.736522 -0.00118634 -0.676413 -36.3263 -0.0351567 0.99858 -0.0400323 -4.77826 0.6755 0.0532651 0.735434 69.3708 
0.732392 0.00196271 -0.680881 -38.1249 -0.0408073 0.998325 -0.0410168 -4.94761 0.67966 0.0578253 0.731245 71.0816 
0.724843 0.00558791 -0.688891 -39.7549 -0.0444337 0.998264 -0.0386552 -5.09834 0.68748 0.058629 0.723833 72.7751 
0.710168 0.00240957 -0.704028 -42.1519 -0.0475864 0.997872 -0.0445861 -5.27432 0.702423 0.0651657 0.708771 75.1967 
0.700195 0.00194143 -0.713949 -43.8079 -0.0471282 0.997941 -0.0435066 -5.40083 0.712394 0.0641102 0.698845 76.8057 
0.688997 -0.0010248 -0.724764 -45.4745 -0.043266 0.998157 -0.0425422 -5.52035 0.723472 0.060669 0.687683 78.4534 
0.680903 -0.00246286 -0.73237 -47.2175 -0.0409463 0.998302 -0.041426 -5.66037 0.731228 0.0581949 0.679646 80.0358 
0.6721 -0.00770576 -0.74042 -48.9416 -0.0352401 0.99848 -0.0423799 -5.78626 0.739621 0.054576 0.670807 81.6348 
0.664584 -0.0166806 -0.747028 -50.7755 -0.0271334 0.998553 -0.0464359 -5.90755 0.746721 0.0511299 0.663169 83.1765 
0.640811 -0.0266377 -0.767237 -53.4932 -0.0131765 0.998869 -0.045685 -6.077 0.767586 0.039385 0.639735 85.5291 
0.613793 -0.0253972 -0.789059 -56.4002 -0.016481 0.998852 -0.0449699 -6.25356 0.789295 0.0406066 0.61267 87.8279 
0.584985 -0.0290076 -0.810525 -59.3957 -0.0139515 0.998852 -0.045817 -6.47729 0.810924 0.0381103 0.583909 90.019 
0.556668 -0.0313447 -0.830143 -62.5278 -0.0117274 0.998892 -0.0455804 -6.6685 0.830652 0.0351086 0.555684 91.9864 
0.518733 -0.0297839 -0.854417 -66.8149 -0.0156816 0.998893 -0.0443408 -6.98256 0.854792 0.0363997 0.517692 94.6591 
0.494192 -0.0323364 -0.868751 -70.1033 -0.0124782 0.998941 -0.0442805 -7.17238 0.869263 0.0327235 0.493266 96.6574 
0.477546 -0.0402087 -0.877686 -73.4869 -0.00727537 0.998737 -0.0497128 -7.48061 0.878576 0.0301256 0.476651 98.4043 
0.464526 -0.033142 -0.884939 -76.7039 -0.00457177 0.999196 -0.0398209 -7.77189 0.885547 0.0225436 0.464002 100.23 
0.455857 -0.0308965 -0.889517 -79.9827 -0.00105653 0.999378 -0.0352539 -7.97473 0.890052 0.0170105 0.455541 101.929 
0.449211 -0.0290275 -0.892954 -83.2396 0.00103499 0.999488 -0.03197 -8.18529 0.893425 0.0134371 0.449011 103.641 
0.449155 -0.0301779 -0.892944 -87.6154 0.0128994 0.999544 -0.0272921 -8.45042 0.893361 0.000739946 0.449339 105.541 
0.454715 -0.03193 -0.890065 -91.6942 0.00666562 0.999451 -0.0324487 -8.65116 0.890612 0.0088221 0.454678 107.611 
0.472622 -0.0336769 -0.880622 -94.6944 0.00709716 0.999383 -0.0344096 -8.79632 0.881237 0.0100128 0.472569 109.104 
0.499524 -0.0321598 -0.865703 -97.6319 0.0038555 0.999383 -0.0349012 -8.9307 0.866291 0.0140963 0.49934 110.709 
0.531822 -0.0372961 -0.846034 -100.486 0.00203129 0.999083 -0.0427662 -9.08295 0.846854 0.0210255 0.53141 112.344 
0.568117 -0.0283266 -0.82246 -103.189 -0.00625917 0.99923 -0.0387383 -9.28051 0.822924 0.0271558 0.567502 114.193 
0.600584 -0.0248443 -0.799176 -105.003 -0.0125524 0.999101 -0.0404926 -9.40206 0.799463 0.0343508 0.599732 115.318 
0.620887 -0.0242204 -0.783526 -106.642 -0.0154004 0.998953 -0.0430835 -9.5336 0.783748 0.0388166 0.619864 116.614 
0.641597 -0.017456 -0.766844 -108.211 -0.0223481 0.998891 -0.0414363 -9.66704 0.766717 0.0437229 0.640495 117.939 
0.661059 -0.0139552 -0.750204 -109.784 -0.0226877 0.998998 -0.038575 -9.76893 0.749991 0.0425207 0.66008 119.248 
0.679584 -0.0112558 -0.733511 -111.249 -0.0286741 0.998711 -0.0418913 -9.88595 0.733037 0.0495014 0.678385 120.63 
0.696894 -0.00866479 -0.717122 -112.665 -0.0287621 0.998785 -0.0400189 -10.0117 0.716597 0.0485149 0.695798 122.019 
0.712429 -0.0070769 -0.701708 -114.036 -0.0271597 0.998922 -0.037649 -10.1302 0.701218 0.0458804 0.711469 123.397 
0.726106 -0.00435347 -0.687569 -115.337 -0.0298514 0.998838 -0.0378489 -10.2473 0.686934 0.0480072 0.725132 124.796 
0.739854 0.00157568 -0.672765 -116.606 -0.0323019 0.998927 -0.0331836 -10.3515 0.671991 0.0462826 0.739112 126.165 
0.754598 0.0015076 -0.656186 -117.824 -0.0302041 0.999017 -0.0324387 -10.458 0.655492 0.0442977 0.753902 127.452 
0.769258 0.0081845 -0.638885 -118.904 -0.0346566 0.99898 -0.0289312 -10.5599 0.637997 0.0443972 0.768758 128.84 
0.794666 0.0168532 -0.606813 -120.394 -0.0417824 0.998762 -0.0269782 -10.6985 0.605607 0.0467927 0.794387 130.953 
0.822501 0.0191145 -0.568442 -121.841 -0.0430345 0.998662 -0.0286872 -10.823 0.567133 0.0480579 0.822223 133.032 
0.857074 0.0277097 -0.514448 -123.614 -0.0449493 0.998767 -0.0210892 -10.9803 0.513229 0.0411991 0.857262 135.887 
0.888365 0.0325175 -0.457986 -125.633 -0.0472655 0.998666 -0.0207756 -11.1551 0.456699 0.0401033 0.888717 139.486 
0.908414 0.032899 -0.416776 -127.488 -0.0455167 0.998756 -0.0203705 -11.318 0.415587 0.0374751 0.908781 143.363 
0.923764 0.04563 -0.380234 -129.336 -0.0531047 0.998547 -0.0091852 -11.3821 0.379263 0.0286772 0.924845 147.547 
0.94038 0.0400145 -0.337764 -131.033 -0.0463195 0.99887 -0.0106246 -11.4737 0.336957 0.0256362 0.941171 152.069 
0.954043 0.044424 -0.29636 -132.045 -0.0509026 0.998603 -0.0141763 -11.5548 0.295316 0.0286103 0.954971 154.964 
0.970226 0.049878 -0.23701 -132.87 -0.0541532 0.998466 -0.0115579 -11.6221 0.23607 0.0240486 0.971439 158.012 
0.979654 0.0548453 -0.193052 -133.28 -0.057755 0.998286 -0.00947242 -11.6876 0.192202 0.0204294 0.981143 160.111 
0.990176 0.0653028 -0.123641 -133.817 -0.0661243 0.997808 -0.00254831 -11.734 0.123204 0.010699 0.992324 163.347 
0.996084 0.0678436 -0.0566979 -134.22 -0.0685173 0.9976 -0.0100221 -11.7373 0.0558819 0.0138676 0.998341 166.778 
0.997733 0.0651228 -0.0169833 -134.286 -0.0652719 0.997832 -0.00837897 -11.7913 0.0164008 0.0094685 0.999821 169.15 
0.997083 0.0720938 0.0250711 -134.278 -0.0718894 0.997372 -0.00896391 -11.8749 -0.0256515 0.00713542 0.999645 171.511 
0.992636 0.0819696 0.0891864 -134.101 -0.081032 0.996612 -0.0140883 -11.9565 -0.0900391 0.0067576 0.995915 175.15 
0.98504 0.0893545 0.147353 -133.608 -0.0866591 0.995934 -0.0246246 -12.0881 -0.148954 0.0114867 0.988777 178.917 
0.975375 0.0941701 0.199437 -132.746 -0.0873514 0.99526 -0.0427369 -12.2767 -0.202516 0.0242634 0.978978 182.695 
0.962532 0.102237 0.251155 -131.854 -0.0904084 0.994201 -0.0582249 -12.5239 -0.255651 0.0333368 0.966194 186.588 
0.948192 0.10425 0.300108 -130.471 -0.0881479 0.993869 -0.0667426 -12.8333 -0.305226 0.0368309 0.951567 190.458 
0.9311 0.107542 0.34855 -129.17 -0.0865274 0.993395 -0.0753566 -13.1369 -0.354352 0.0400054 0.934256 194.431 
0.910905 0.110259 0.397612 -127.603 -0.0818296 0.992769 -0.0878315 -13.5164 -0.404421 0.0474697 0.91334 198.371 
0.883142 0.115677 0.454619 -126.037 -0.0755279 0.991539 -0.105576 -13.9685 -0.462985 0.0589021 0.884407 202.394 
0.841525 0.125346 0.525475 -124.024 -0.0748331 0.990379 -0.116401 -14.4765 -0.53501 0.0586311 0.842809 206.294 
0.794219 0.130663 0.593417 -121.598 -0.0686375 0.989647 -0.126045 -15.0943 -0.603743 0.059377 0.794965 210.013 
0.760246 0.135882 0.635265 -119.788 -0.0618299 0.988576 -0.13746 -15.5359 -0.646686 0.0652248 0.759963 212.389 
0.713834 0.138781 0.686426 -116.688 -0.0525061 0.988015 -0.145153 -16.3374 -0.698344 0.0675736 0.712565 215.587 
0.68325 0.140794 0.716482 -114.515 -0.0457674 0.987562 -0.150419 -16.8201 -0.728748 0.0699823 0.681196 217.674 
0.651299 0.146192 0.744605 -112.332 -0.0391665 0.986435 -0.159414 -17.3045 -0.757809 0.0746624 0.64819 219.767 
0.618029 0.15127 0.771464 -110.051 -0.0361105 0.98574 -0.164357 -17.8223 -0.785325 0.0737194 0.614678 221.752 
0.580143 0.155863 0.799463 -107.695 -0.0383328 0.985657 -0.164347 -18.3497 -0.813612 0.0646991 0.577797 223.647 
0.542434 0.158702 0.824972 -105.272 -0.0401355 0.985769 -0.163245 -18.8816 -0.839139 0.0554392 0.541084 225.402 
0.505989 0.164547 0.846699 -102.797 -0.0389404 0.984992 -0.168152 -19.429 -0.861661 0.0521123 0.504802 226.98 
0.464738 0.163462 0.870229 -100.276 -0.0370761 0.985542 -0.165322 -19.9874 -0.884672 0.0445667 0.464079 228.421 
0.421785 0.160338 0.892406 -97.7322 -0.0331828 0.98631 -0.161527 -20.5085 -0.906088 0.038517 0.421332 229.69 
0.37782 0.15903 0.912119 -95.1949 -0.0285609 0.986672 -0.160198 -21.0253 -0.925438 0.0344751 0.377326 230.863 
0.336609 0.158343 0.928236 -92.6487 -0.0196189 0.986726 -0.161206 -21.5291 -0.94144 0.0360523 0.335248 231.859 
0.297316 0.155125 0.942093 -90.0981 -0.00806771 0.987086 -0.159987 -22.0229 -0.954745 0.0399663 0.294728 232.69 
0.254448 0.15977 0.953798 -87.5959 -0.0048668 0.986458 -0.163943 -22.5212 -0.967074 0.0370729 0.251779 233.485 
0.215619 0.176517 0.960391 -85.107 -0.00582351 0.98374 -0.179502 -23.02 -0.97646 0.0331111 0.213141 234.059 
0.174761 0.181119 0.967809 -82.6465 -0.00823213 0.98317 -0.182508 -23.5355 -0.984576 0.023928 0.173311 234.579 
0.136212 0.180832 0.974036 -80.2159 -0.00822131 0.983372 -0.181416 -24.034 -0.990646 0.0167031 0.135433 234.976 
0.0988626 0.178942 0.97888 -77.7988 -0.00459893 0.983771 -0.179372 -24.5275 -0.99509 0.0132314 0.098081 235.27 
0.0619196 0.18224 0.981302 -75.4147 -0.00342325 0.983222 -0.182381 -25.0157 -0.998075 0.0079337 0.0615046 235.475 
0.0108446 0.176795 0.984188 -71.8951 0.00205614 0.98424 -0.176827 -25.7184 -0.999939 0.00394126 0.0103102 235.613 
-0.0253389 0.170107 0.9851 -68.4827 0.00839715 0.985418 -0.169946 -26.3753 -0.999644 0.00396578 -0.0263978 235.575 
-0.0465151 0.178194 0.982895 -65.2119 0.00790207 0.983995 -0.17802 -27.0074 -0.998886 -0.000513703 -0.0471787 235.456 
-0.0598531 0.18113 0.981636 -62.0385 0.00802733 0.983455 -0.180976 -27.6453 -0.998175 -0.00295208 -0.0603168 235.271 
-0.0634657 0.167766 0.983782 -59.9501 0.00899195 0.985825 -0.167534 -28.0611 -0.997944 -0.00178656 -0.0640747 235.124 
-0.061539 0.174978 0.982647 -56.9028 0.00605875 0.984561 -0.174939 -28.6548 -0.998086 -0.00481199 -0.061649 234.954 
-0.0539974 0.177841 0.982577 -53.9093 -0.000556778 0.984007 -0.17813 -29.2448 -0.998541 -0.0101656 -0.0530347 234.844 
-0.0417535 0.178372 0.983077 -51.9441 -0.0035188 0.983902 -0.178672 -29.6217 -0.999122 -0.0109194 -0.0404537 234.718 
-0.0283892 0.176304 0.983926 -49.9769 -0.0019649 0.984311 -0.176429 -30.0175 -0.999595 -0.00694201 -0.0275974 234.701 
-0.0142836 0.177215 0.984069 -48.0327 -0.00308431 0.984156 -0.177275 -30.3999 -0.999893 -0.0055673 -0.0135107 234.674 
0.00571404 0.172589 0.984977 -45.1263 -0.00716173 0.984975 -0.172547 -30.9653 -0.999958 -0.0060682 0.00686423 234.696 
0.0264327 0.177165 0.983826 -42.2604 -0.00845056 0.984174 -0.177001 -31.5161 -0.999615 -0.00363528 0.0275115 234.763 
0.040124 0.179562 0.982928 -40.3605 -0.0123723 0.983734 -0.179204 -31.8843 -0.999118 -0.00497075 0.0416929 234.856 
0.0587607 0.175344 0.982752 -37.5223 -0.0161477 0.984491 -0.174689 -32.444 -0.998141 -0.00560436 0.0606808 235.06 
0.0797258 0.176385 0.981087 -34.7026 -0.0157844 0.98432 -0.175683 -32.9896 -0.996692 -0.00147938 0.0812599 235.286 
0.11038 0.18271 0.976951 -31.9564 -0.0161061 0.983157 -0.182051 -33.5109 -0.993759 0.00435986 0.111463 235.527 
0.126108 0.180733 0.975414 -29.1955 -0.0235594 0.983532 -0.179192 -34.0564 -0.991737 -0.00038278 0.128289 235.918 
0.132957 0.183316 0.974021 -27.3412 -0.0218425 0.98305 -0.182034 -34.4238 -0.990881 0.00292762 0.134707 236.153 
0.139814 0.183115 0.973099 -25.4661 -0.0196268 0.983071 -0.182172 -34.79 -0.989983 0.00637145 0.141041 236.428 
0.147817 0.185233 0.971514 -23.5919 -0.0194429 0.982659 -0.1844 -35.1642 -0.988824 0.0083683 0.148855 236.747 
0.154838 0.179811 0.971439 -21.685 -0.0176371 0.983644 -0.179259 -35.5405 -0.987782 0.0106226 0.155476 237.063 
0.164175 0.180077 0.969855 -19.7767 -0.0177703 0.983576 -0.179617 -35.9184 -0.986271 0.012254 0.164679 237.388 
0.174549 0.181958 0.96769 -17.872 -0.0192556 0.98322 -0.181405 -36.2996 -0.98446 0.0130306 0.175124 237.796 
0.191083 0.180175 0.964896 -15.9494 -0.0182793 0.983492 -0.180027 -36.6757 -0.981404 0.0167625 0.191222 238.158 
0.224349 0.180611 0.957626 -13.1202 -0.0132465 0.98315 -0.182321 -37.239 -0.974419 0.0282183 0.222961 238.778 
0.255043 0.179064 0.950205 -10.2982 -0.0204532 0.983482 -0.179845 -37.8173 -0.966713 0.0264335 0.254493 239.572 
0.286215 0.180719 0.940968 -7.533 -0.0276663 0.983201 -0.180415 -38.3842 -0.957766 0.0256044 0.286407 240.422 
0.31258 0.176913 0.933271 -4.77084 -0.0314455 0.983892 -0.175977 -38.9551 -0.949371 0.0256597 0.313108 241.289 
0.334986 0.178084 0.925241 -2.05311 -0.0375895 0.98372 -0.175731 -39.5024 -0.941473 0.024088 0.336227 242.288 
0.360125 0.177035 0.915952 0.597212 -0.0402586 0.983864 -0.174332 -40.0559 -0.932035 0.0259064 0.361441 243.333 
0.384602 0.168878 0.907503 3.19795 -0.0426799 0.985324 -0.165272 -40.5856 -0.922095 0.024832 0.386166 244.495 
0.410094 0.168124 0.896414 5.74352 -0.0506743 0.985545 -0.161658 -41.0862 -0.910634 0.0208698 0.412686 245.631 
0.435717 0.166761 0.8845 8.23379 -0.0529639 0.985735 -0.159757 -41.5862 -0.898524 0.0227623 0.438334 246.88 
0.460016 0.164302 0.872577 10.6708 -0.05606 0.986144 -0.156132 -42.0753 -0.886139 0.0229065 0.462853 248.184 
0.475141 0.157868 0.865632 13.0944 -0.0595705 0.987288 -0.147357 -42.5451 -0.877891 0.0184493 0.478505 249.543 
0.481962 0.150617 0.863149 15.5553 -0.0607036 0.988487 -0.138593 -42.9986 -0.874087 0.0144003 0.485556 250.961 
0.485531 0.153279 0.860677 17.191 -0.0609864 0.98805 -0.141559 -43.2894 -0.87209 0.0162414 0.489076 251.898 
0.488862 0.152168 0.858987 18.8266 -0.059618 0.988195 -0.141127 -43.5774 -0.870322 0.0177806 0.492163 252.856 
0.491183 0.146757 0.858604 20.4494 -0.0576309 0.98902 -0.136079 -43.8634 -0.869148 0.0173576 0.494248 253.826 
0.493655 0.140345 0.858259 22.0884 -0.0559411 0.989973 -0.129707 -44.1374 -0.867857 0.0160184 0.496556 254.819 
0.495042 0.13911 0.857661 23.7355 -0.0560362 0.990157 -0.128257 -44.4128 -0.86706 0.0154324 0.497964 255.806 
0.496466 0.137391 0.857115 25.4062 -0.0577985 0.990436 -0.125283 -44.6959 -0.86613 0.0126587 0.499659 256.781 
0.498166 0.13184 0.857 27.0881 -0.0563929 0.991207 -0.119706 -44.9638 -0.865246 0.0113047 0.50122 257.774 
0.499814 0.129636 0.856376 28.7499 -0.0569667 0.991515 -0.116845 -45.2364 -0.864257 0.00961601 0.502958 258.786 
0.503019 0.12512 0.85517 30.4191 -0.0563096 0.992108 -0.112034 -45.4881 -0.862439 0.00820095 0.506095 259.792 
0.510164 0.120868 0.851542 32.9081 -0.0558121 0.992642 -0.107458 -45.8611 -0.858265 0.0072948 0.513156 261.336 
0.518173 0.114646 0.847557 34.5593 -0.0547414 0.993389 -0.100905 -46.0938 -0.853522 0.00588968 0.521023 262.363 
0.530845 0.110831 0.840191 36.1986 -0.0511861 0.993795 -0.0987532 -46.3247 -0.845922 0.00941653 0.533224 263.402 
0.542403 0.112642 0.832532 37.801 -0.0555054 0.99361 -0.0982741 -46.5482 -0.838283 0.00709415 0.54519 264.492 
0.55663 0.107014 0.823839 39.3964 -0.0556906 0.994245 -0.0915221 -46.7482 -0.828892 0.00506384 0.559386 265.563 
0.573551 0.105314 0.812372 40.9826 -0.0542413 0.994408 -0.0906171 -46.9505 -0.817372 0.00790945 0.576056 266.674 
0.59252 0.104153 0.798794 42.5485 -0.0541867 0.994514 -0.0894779 -47.1595 -0.803731 0.00973345 0.594913 267.841 
0.609588 0.102039 0.786124 44.0723 -0.0570599 0.994757 -0.0848728 -47.3559 -0.790662 0.00688128 0.612214 269.101 
0.629042 0.0991406 0.771024 45.6253 -0.0586947 0.99506 -0.0800617 -47.558 -0.775153 0.00510717 0.631753 270.326 
0.646268 0.0941596 0.757279 47.1134 -0.0612344 0.995557 -0.071529 -47.7437 -0.76065 -0.000144677 0.649162 271.659 
0.666674 0.0841172 0.740588 48.6533 -0.0568085 0.996456 -0.0620403 -47.9262 -0.743182 -0.000711075 0.669089 272.982 
0.687421 0.077952 0.722064 50.1383 -0.0500027 0.996944 -0.0600236 -48.0815 -0.724536 0.0051564 0.689218 274.4 
0.708008 0.0716854 0.702557 51.6081 -0.0484355 0.997421 -0.0529606 -48.2362 -0.704541 0.00346788 0.709655 275.857 
0.727519 0.0687188 0.682637 53.0396 -0.0489382 0.997635 -0.0482728 -48.3752 -0.68434 0.00171236 0.729161 277.375 
0.746602 0.0651156 0.662077 54.4364 -0.0483588 0.997878 -0.0436092 -48.507 -0.663511 0.000541406 0.748166 278.95 
0.760858 0.0678741 0.645359 55.7638 -0.0542004 0.997687 -0.0410287 -48.6322 -0.646651 -0.00376166 0.762777 280.602 
0.772488 0.0726856 0.630856 57.0977 -0.0610599 0.997327 -0.0401411 -48.749 -0.632087 -0.00751151 0.774861 282.272 
0.7836 0.0772361 0.616446 58.4233 -0.0683702 0.996936 -0.0379995 -48.8654 -0.617492 -0.0123702 0.786479 283.981 
0.794139 0.0784927 0.602646 59.7238 -0.0750399 0.996701 -0.0309329 -48.9734 -0.603086 -0.0206575 0.797409 285.725 
0.80157 0.0836155 0.592025 60.9948 -0.0841337 0.996095 -0.0267723 -49.0648 -0.591952 -0.0283494 0.805474 287.519 
0.805793 0.0913133 0.585115 62.2748 -0.0912465 0.995386 -0.02968 -49.1601 -0.585125 -0.0294737 0.810407 289.322 
0.807026 0.10257 0.58154 63.543 -0.0976888 0.99442 -0.0398257 -49.264 -0.58238 -0.0246696 0.812542 291.152 
0.808073 0.101701 0.580237 64.818 -0.0974894 0.99449 -0.0385392 -49.3827 -0.580959 -0.0254244 0.813536 293.003 
0.810188 0.0984754 0.577839 66.1174 -0.0939735 0.994857 -0.0377835 -49.5055 -0.578588 -0.0236898 0.815276 294.841 
0.810838 0.0986321 0.5769 67.3643 -0.0928737 0.994892 -0.0395611 -49.6356 -0.577855 -0.0215012 0.815856 296.731 
0.814455 0.0958351 0.572257 68.6782 -0.0893122 0.995218 -0.0395557 -49.7648 -0.573312 -0.0188932 0.819119 298.593 
0.821109 0.0929436 0.563153 69.9595 -0.0871706 0.995499 -0.0371989 -49.8966 -0.564076 -0.018546 0.825515 300.483 
0.832935 0.0907738 0.545875 71.2381 -0.0852813 0.995726 -0.0354515 -50.0137 -0.54676 -0.0170241 0.837116 302.37 
0.846378 0.0928486 0.524427 72.442 -0.0884627 0.995517 -0.0334831 -50.1319 -0.525184 -0.0180528 0.850797 304.307 
0.860026 0.0932439 0.501658 73.5919 -0.0910715 0.995425 -0.028891 -50.2426 -0.502057 -0.0208397 0.864584 306.265 
0.872804 0.0924856 0.479228 74.6676 -0.0918459 0.995463 -0.0248369 -50.3487 -0.479351 -0.0223373 0.877339 308.251 
0.885389 0.0934435 0.455362 75.6934 -0.0939716 0.995342 -0.0215362 -50.4474 -0.455253 -0.0237232 0.890046 310.251 
0.896467 0.101357 0.431363 76.6593 -0.102381 0.994525 -0.0209117 -50.5428 -0.431121 -0.0254166 0.901936 312.266 
0.90413 0.110634 0.412686 77.5415 -0.112891 0.993426 -0.018994 -50.6304 -0.412074 -0.0294157 0.910675 314.31 
0.909156 0.113477 0.400698 78.4397 -0.115892 0.993093 -0.0182908 -50.7085 -0.400007 -0.0298085 0.916027 316.342 
0.913411 0.111014 0.391608 79.3 -0.112987 0.993432 -0.0180849 -50.7882 -0.391043 -0.0277275 0.919954 318.384 
0.917761 0.11001 0.381593 80.1392 -0.11115 0.99362 -0.019128 -50.8664 -0.381262 -0.024859 0.924133 320.424 
0.921735 0.112359 0.371187 80.948 -0.112461 0.993425 -0.0214461 -50.9572 -0.371156 -0.0219766 0.92831 322.469 
0.928635 0.11497 0.35273 82.0837 -0.117145 0.992998 -0.0152534 -51.0793 -0.352013 -0.0271556 0.935601 325.568 
0.934541 0.114438 0.336952 83.1848 -0.115787 0.993143 -0.0161629 -51.1932 -0.336491 -0.0239096 0.941383 328.652 
0.937364 0.109813 0.330591 83.9254 -0.110462 0.993737 -0.0168836 -51.2659 -0.330374 -0.0206917 0.943623 330.689 
0.934424 0.115676 0.336853 84.6162 -0.117599 0.992951 -0.0147631 -51.3434 -0.336187 -0.0258186 0.941441 332.707 
0.925748 0.12235 0.3578 85.3118 -0.12503 0.992028 -0.0157303 -51.4244 -0.356872 -0.0301734 0.933666 334.664 
0.917909 0.120387 0.378086 86.0346 -0.123622 0.992204 -0.0158006 -51.5109 -0.377041 -0.0322365 0.925635 336.547 
0.913527 0.115287 0.3901 86.7849 -0.117787 0.992883 -0.0175965 -51.5859 -0.389352 -0.0298738 0.920605 338.347 
0.912495 0.113593 0.393001 87.5004 -0.114255 0.993212 -0.0217923 -51.6748 -0.392809 -0.0250171 0.91928 340.111 
0.914393 0.111316 0.389224 87.8841 -0.11132 0.993527 -0.0226243 -51.71 -0.389223 -0.0226407 0.920865 340.976 
0.916884 0.111751 0.383191 88.2478 -0.111796 0.993483 -0.0222296 -51.7546 -0.383177 -0.0224572 0.923402 341.849 
0.921561 0.107184 0.373144 88.6087 -0.106704 0.994047 -0.0220065 -51.7984 -0.373281 -0.0195357 0.927513 342.713 
0.931682 0.102481 0.348521 89.2586 -0.101782 0.994598 -0.0203707 -51.8699 -0.348726 -0.016494 0.93708 344.474 
0.945333 0.09324 0.312492 89.8585 -0.0928359 0.99555 -0.0162058 -51.9534 -0.312612 -0.0136906 0.949782 346.228 
0.958771 0.0903289 0.269442 90.349 -0.0896011 0.995864 -0.0150251 -52.0112 -0.269685 -0.00973668 0.962899 348.002 
0.971317 0.0910393 0.219668 90.7423 -0.0902435 0.995826 -0.0136758 -52.067 -0.219997 -0.00654014 0.975479 349.795 
0.981904 0.0952427 0.163684 91.0396 -0.0943358 0.995451 -0.0133232 -52.1125 -0.164209 -0.00235915 0.986423 351.612 
0.989922 0.0961154 0.103997 91.2277 -0.095841 0.995367 -0.00764391 -52.1554 -0.104249 -0.00240025 0.994548 353.433 
0.994286 0.0981346 0.0420066 91.3017 -0.0980005 0.995173 -0.00524489 -52.1926 -0.0423185 0.00109825 0.999104 355.261 
0.994677 0.10225 -0.0127556 91.2724 -0.102315 0.994742 -0.00449465 -52.2197 0.012229 0.00577581 0.999909 357.109 
0.992549 0.111076 -0.0500862 91.1708 -0.111086 0.993807 0.00258018 -52.2476 0.0500627 0.00300293 0.998742 358.979 
0.99049 0.120658 -0.0661148 91.0113 -0.1203 0.992693 0.00938263 -52.2553 0.0667638 -0.00133978 0.997768 360.87 
0.989538 0.12643 -0.0694968 90.7997 -0.127009 0.991894 -0.00395709 -52.2689 0.0684332 0.0127424 0.997574 363.749 
0.990061 0.125265 -0.0639403 90.6851 -0.125765 0.992053 -0.00383866 -52.3054 0.0629513 0.0118419 0.997946 365.723 
0.991324 0.117848 -0.0582171 90.4896 -0.118991 0.992757 -0.0165608 -52.3689 0.0558438 0.0233444 0.998167 368.741 
0.9916 0.117412 -0.0542555 90.2773 -0.118395 0.992849 -0.015264 -52.4551 0.0520754 0.0215594 0.99841 371.868 
0.990972 0.122431 -0.054642 90.0698 -0.123393 0.992251 -0.0145675 -52.5333 0.0524351 0.0211784 0.9984 375.104 
0.990635 0.124333 -0.0564178 89.9362 -0.125471 0.99195 -0.0170947 -52.588 0.0538382 0.0240134 0.998261 377.298 
0.990624 0.121957 -0.0615629 89.7954 -0.123498 0.992104 -0.021876 -52.6588 0.0584089 0.0292738 0.997863 379.519 
0.990958 0.11173 -0.0742907 89.6508 -0.113405 0.993373 -0.0187115 -52.7388 0.0717077 0.0269673 0.997061 381.76 
0.990103 0.104696 -0.0934559 89.4554 -0.106849 0.994106 -0.0183212 -52.8107 0.090987 0.0281256 0.995455 383.99 
0.988317 0.102476 -0.112821 89.2146 -0.105277 0.994259 -0.0191473 -52.8915 0.110212 0.0308012 0.993431 386.218 
0.986029 0.10037 -0.132941 88.948 -0.103468 0.994494 -0.0165865 -52.9605 0.130544 0.0301099 0.990985 388.446 
0.983417 0.100404 -0.151032 88.6198 -0.104019 0.994443 -0.0162064 -53.0392 0.148565 0.0316478 0.988396 390.653 
0.980621 0.100964 -0.167893 88.2317 -0.105403 0.994272 -0.0177227 -53.1164 0.165142 0.0350758 0.985646 392.837 
0.978077 0.100707 -0.182276 87.8019 -0.105593 0.994259 -0.0172763 -53.1845 0.179489 0.0361445 0.983096 395.006 
0.976321 0.0950473 -0.194328 87.3738 -0.100624 0.994743 -0.0190091 -53.2599 0.191499 0.0381131 0.980752 397.154 
0.974839 0.0838572 -0.206537 86.9071 -0.0914635 0.995427 -0.0275418 -53.3418 0.203283 0.0457394 0.978051 399.286 
0.972789 0.0804766 -0.217267 86.4337 -0.0877839 0.995846 -0.024177 -53.4236 0.214419 0.0425917 0.975813 401.432 
0.971011 0.0783252 -0.225836 85.9351 -0.08577 0.996042 -0.0233291 -53.5021 0.223115 0.0420228 0.973886 403.576 
0.969754 0.0784464 -0.231133 85.4086 -0.0853843 0.996144 -0.0201523 -53.5824 0.228661 0.0392779 0.972713 405.726 
0.969686 0.0733961 -0.23307 84.872 -0.0789115 0.996777 -0.0144157 -53.643 0.231261 0.0323706 0.972353 407.884 
0.969916 0.0633534 -0.235051 84.351 -0.0683207 0.997578 -0.0130414 -53.7027 0.233656 0.0287079 0.971896 410.047 
0.969835 0.0558533 -0.237279 83.8017 -0.0608382 0.998053 -0.0137322 -53.7585 0.23605 0.0277536 0.971345 412.204 
0.969401 0.0520084 -0.239911 83.2555 -0.056623 0.998319 -0.0123773 -53.8301 0.238864 0.0255831 0.970716 414.376 
0.968612 0.0550927 -0.242396 82.6876 -0.058709 0.998245 -0.0077156 -53.8919 0.241545 0.0217042 0.970147 416.552 
0.968198 0.0593825 -0.243036 82.1105 -0.06196 0.998074 -0.00296815 -53.9314 0.242392 0.0179323 0.970013 418.715 
0.968628 0.0611481 -0.240875 81.5294 -0.0632014 0.998 -0.000800174 -53.9604 0.240344 0.0159987 0.970556 420.864 
0.969387 0.0611564 -0.237798 80.9843 -0.0621873 0.998059 0.0031712 -53.9919 0.237531 0.0117139 0.971309 423.017 
0.969977 0.0645573 -0.234471 80.4463 -0.0646091 0.997883 0.00746906 -54.0105 0.234457 0.00790413 0.972094 425.166 
0.970948 0.0659081 -0.230033 79.6496 -0.0658514 0.997798 0.00793192 -54.0364 0.23005 0.00744653 0.97315 428.358 
0.97204 0.0628058 -0.22626 78.9016 -0.0608948 0.998025 0.0154228 -54.0602 0.226781 -0.00121355 0.973945 431.503 
0.973074 0.0578755 -0.223108 78.1744 -0.0555037 0.998316 0.016892 -54.0726 0.223709 -0.00405385 0.974647 434.635 
0.973577 0.0510895 -0.222569 77.6846 -0.0482758 0.998671 0.0180679 -54.0842 0.223196 -0.00684579 0.97475 436.701 
0.973611 0.0486822 -0.222963 76.986 -0.0455704 0.998779 0.0190836 -54.0928 0.22362 -0.00841952 0.97464 439.761 
0.97341 0.0496118 -0.223631 76.2762 -0.0456013 0.998693 0.0230654 -54.0875 0.224483 -0.0122542 0.974401 442.765 
0.973325 0.0465521 -0.22466 75.5613 -0.0421377 0.998814 0.0244069 -54.0645 0.22553 -0.0142892 0.974131 445.704 
0.972897 0.0463404 -0.226547 74.8705 -0.0415385 0.998801 0.0259204 -54.0534 0.227476 -0.0158075 0.973655 448.611 
0.972909 0.0504738 -0.225612 74.1646 -0.044797 0.998539 0.0302139 -54.0319 0.226807 -0.0192887 0.973749 451.467 
0.97278 0.0517523 -0.225879 73.4841 -0.0441818 0.998283 0.0384469 -53.9899 0.227481 -0.0274206 0.973396 454.283 
0.972039 0.0517466 -0.229045 73.043 -0.0422415 0.998038 0.0462119 -53.9556 0.230987 -0.0352446 0.972318 456.149 
0.971195 0.0489094 -0.233211 72.61 -0.0381667 0.998002 0.0503592 -53.908 0.235208 -0.0400077 0.971121 458 
0.970345 0.0472737 -0.237057 72.1675 -0.0358171 0.997983 0.0524069 -53.847 0.239057 -0.042362 0.970081 459.812 
0.970524 0.0452697 -0.236716 71.6712 -0.0335636 0.998017 0.0532523 -53.7741 0.238657 -0.0437376 0.970118 461.595 
0.970736 0.0447172 -0.235951 71.2542 -0.0329122 0.998013 0.053737 -53.7215 0.237885 -0.0443988 0.970278 463.364 
0.971781 0.0387671 -0.232678 70.5766 -0.0264657 0.998093 0.0557612 -53.6574 0.234396 -0.0480297 0.970954 465.931 
0.97168 0.0378832 -0.233242 70.0378 -0.0265916 0.998326 0.0513681 -53.601 0.234798 -0.0437111 0.971061 468.423 
0.972486 0.0370602 -0.229997 69.4419 -0.02653 0.998461 0.0487099 -53.5194 0.231448 -0.0412679 0.971972 470.779 
0.974352 0.0342707 -0.222404 68.8648 -0.0247461 0.998659 0.0454728 -53.4324 0.223664 -0.0388029 0.973894 473.103 
0.977035 0.032979 -0.210513 68.526 -0.0243225 0.998754 0.0435792 -53.4177 0.211687 -0.0374582 0.976619 474.656 
0.983781 0.0430915 -0.17412 68.0704 -0.0339698 0.997906 0.0550337 -53.3865 0.176127 -0.0482263 0.983185 477 
0.989613 0.042589 -0.137302 67.8103 -0.0349326 0.997723 0.0576992 -53.3171 0.139447 -0.0523036 0.988847 478.54 
0.994554 0.0471622 -0.0929362 67.6531 -0.0416419 0.997301 0.0604686 -53.2678 0.0955372 -0.0562693 0.993834 480.113 
0.9981 0.0468097 -0.0400779 67.5657 -0.0443509 0.997201 0.0601865 -53.1962 0.042783 -0.0582946 0.997382 481.683 
0.998993 0.0433847 0.0114619 67.6353 -0.0439338 0.997626 0.0530278 -53.1411 -0.00913413 -0.0534779 0.998527 483.271 
0.996948 0.0409859 0.0664447 67.7143 -0.0443402 0.997774 0.0498196 -53.0917 -0.0642549 -0.0526137 0.996546 484.833 
0.992167 0.0359678 0.119632 67.8639 -0.0421563 0.997879 0.0496066 -53.0546 -0.117594 -0.0542612 0.991578 486.413 
0.984856 0.0319565 0.170405 68.1294 -0.0405965 0.998048 0.0474609 -52.9936 -0.168555 -0.05366 0.984231 487.998 
0.975019 0.0282291 0.220318 68.4792 -0.0389774 0.998245 0.0445907 -52.9525 -0.218673 -0.0520642 0.974408 489.584 
0.964213 0.0234708 0.264089 68.9442 -0.0353524 0.998561 0.0403279 -52.9268 -0.262763 -0.0482208 0.963655 491.13 
0.952204 0.0213461 0.304716 69.4259 -0.0338714 0.998782 0.0358772 -52.8953 -0.303579 -0.0444836 0.951767 492.691 
0.94032 0.0198416 0.339713 70.0014 -0.0329236 0.99892 0.032788 -52.8681 -0.338695 -0.0420158 0.939958 494.26 
0.92748 0.0185327 0.373413 70.6359 -0.0323226 0.999006 0.0307012 -52.857 -0.372473 -0.0405444 0.927157 495.826 
0.91264 0.0177723 0.408379 71.3041 -0.0322954 0.999066 0.0286948 -52.8326 -0.407488 -0.0393768 0.912361 497.375 
0.896693 0.0131725 0.442458 72.0429 -0.0296254 0.999102 0.030295 -52.8113 -0.441661 -0.0402733 0.896278 498.921 
0.880017 0.0133814 0.474754 72.8464 -0.0294379 0.999218 0.0264029 -52.8022 -0.47403 -0.0372108 0.879722 500.452 
0.8635 0.0155148 0.50411 73.7521 -0.0297389 0.999354 0.0201837 -52.8059 -0.503471 -0.0324204 0.863403 501.952 
0.830512 0.0187334 0.556686 75.175 -0.0344521 0.999248 0.0177722 -52.8015 -0.555934 -0.033939 0.830533 504.165 
0.787218 0.0145559 0.616503 76.758 -0.0340771 0.999221 0.0199212 -52.8195 -0.615733 -0.036691 0.7871 506.283 
0.734464 0.00950803 0.678581 78.5206 -0.0288071 0.999437 0.0171757 -52.8326 -0.678036 -0.0321629 0.734324 508.246 
0.680182 0.00115042 0.733042 80.4155 -0.0205354 0.999636 0.0174858 -52.8452 -0.732755 -0.0269469 0.679958 510.052 
0.647601 -0.000556396 0.76198 81.7309 -0.0163422 0.99976 0.0146191 -52.8577 -0.761805 -0.0219197 0.647436 511.177 
0.615468 -0.00575616 0.788141 83.0497 -0.0154334 0.999694 0.0193534 -52.8803 -0.788011 -0.0240751 0.61519 512.319 
0.586802 -0.00435638 0.809718 84.4758 -0.0150482 0.999754 0.0162842 -52.8947 -0.80959 -0.0217404 0.586593 513.31 
0.536773 -0.0134489 0.84362 86.6683 -0.0135286 0.999607 0.0245435 -52.8898 -0.843619 -0.0245873 0.53638 514.809 
0.479263 -0.0167553 0.877511 89.0081 -0.0119083 0.999602 0.0255904 -52.8877 -0.877591 -0.0227142 0.478873 516.094 
0.41461 -0.0218051 0.909738 91.469 -0.00202262 0.999688 0.0248829 -52.8764 -0.909997 -0.0121567 0.414437 517.245 
0.343762 -0.026133 0.938693 94.0278 0.00413203 0.999645 0.0263166 -52.8615 -0.939048 -0.00516794 0.343748 518.259 
0.26707 -0.0210552 0.963447 96.7004 -0.0016609 0.99975 0.022309 -52.855 -0.963676 -0.00755826 0.266968 519.119 
0.189291 -0.0213588 0.981689 99.5088 -0.00205447 0.999753 0.0221479 -52.838 -0.981919 -0.00620926 0.1892 519.73 
0.138452 -0.0230912 0.9901 101.439 0.00579126 0.99973 0.022506 -52.8345 -0.990352 0.00261794 0.138548 519.964 
0.0873461 -0.0251537 0.99586 103.401 0.0117481 0.999638 0.0242187 -52.8264 -0.996109 0.00958403 0.08761 520.15 
0.0388977 -0.0232897 0.998972 105.386 0.014633 0.999634 0.0227354 -52.8239 -0.999136 0.0137336 0.0392243 520.23 
-0.0111094 -0.0256498 0.999609 107.403 0.0165805 0.999529 0.025832 -52.8148 -0.999801 0.016861 -0.0106789 520.229 
-0.0588521 -0.029915 0.997818 109.446 0.0186102 0.999344 0.0310584 -52.7952 -0.998093 0.0203975 -0.0582568 520.123 
-0.108244 -0.028361 0.99372 111.501 0.0167611 0.999399 0.0303489 -52.7771 -0.993983 0.0199409 -0.107703 519.941 
-0.158442 -0.0254249 0.987041 113.562 0.0177237 0.999434 0.0285892 -52.7537 -0.987209 0.0220237 -0.157901 519.656 
-0.203918 -0.0270648 0.978614 115.627 0.021602 0.99925 0.0321368 -52.7314 -0.97875 0.0276933 -0.20318 519.203 
-0.245422 -0.0220752 0.969165 117.691 0.0278222 0.999168 0.0298041 -52.711 -0.969017 0.0342789 -0.244604 518.677 
-0.286482 -0.0218635 0.957836 119.763 0.0257026 0.999204 0.0304953 -52.6807 -0.957741 0.0333552 -0.285692 518.095 
-0.349601 -0.0145297 0.936786 122.888 0.0218729 0.999481 0.0236649 -52.6586 -0.936643 0.0287635 -0.349101 517.118 
-0.407362 -0.0168861 0.913111 125.971 0.0214883 0.999375 0.0280679 -52.6446 -0.913014 0.031055 -0.406744 515.883 
-0.449285 -0.0175577 0.893216 128.988 0.023418 0.999232 0.0314209 -52.606 -0.893082 0.0350343 -0.448529 514.447 
-0.467729 -0.0105981 0.883809 132.002 0.0377768 0.998775 0.031969 -52.5901 -0.883064 0.0483402 -0.466755 512.857 
-0.473862 -0.0118518 0.880519 135.064 0.0450777 0.998272 0.0376959 -52.5441 -0.879444 0.0575545 -0.472509 511.235 
-0.477774 -0.0213678 0.878223 138.177 0.040343 0.998116 0.0462324 -52.4695 -0.877556 0.0575188 -0.476012 509.58 
-0.481188 -0.0175691 0.876441 141.368 0.0402275 0.998303 0.0420979 -52.3637 -0.875694 0.055514 -0.479665 507.891 
-0.483264 -0.0157572 0.875333 143.39 0.0424546 0.99824 0.0414085 -52.3144 -0.874445 0.0571731 -0.481745 506.775 
-0.485925 -0.0202968 0.873765 145.536 0.0411747 0.998089 0.0460832 -52.2712 -0.87303 0.05837 -0.484161 505.615 
-0.488823 -0.0246604 0.872035 147.694 0.0379558 0.998053 0.0495004 -52.2035 -0.871557 0.0572957 -0.486935 504.445 
-0.491086 -0.0253886 0.870741 149.877 0.0366756 0.998086 0.0497862 -52.1239 -0.870339 0.0563843 -0.489215 503.27 
-0.492567 -0.0199902 0.870045 152.077 0.0397447 0.998176 0.0454352 -52.0385 -0.869366 0.0569596 -0.490874 502.071 
-0.492347 -0.0234242 0.870084 154.307 0.0382707 0.998088 0.0485262 -51.9696 -0.869557 0.0571904 -0.49051 500.845 
-0.49233 -0.0213747 0.870146 156.549 0.0354943 0.998374 0.0446072 -51.8976 -0.869685 0.0528467 -0.49077 499.621 
-0.49148 -0.0147618 0.870764 158.802 0.036614 0.998622 0.0375952 -51.8325 -0.870119 0.0503595 -0.490262 498.366 
-0.491525 -0.018953 0.870657 161.093 0.0392735 0.998264 0.0439024 -51.779 -0.869977 0.0557729 -0.489927 497.067 
-0.492069 -0.0190697 0.870347 163.431 0.0371254 0.998391 0.0428648 -51.7073 -0.869764 0.0534045 -0.490569 495.788 
-0.492414 -0.020316 0.870124 166.952 0.0357536 0.998412 0.0435447 -51.5984 -0.869626 0.0525521 -0.490906 493.811 
-0.493359 -0.0177286 0.869645 170.531 0.0382489 0.998383 0.0420521 -51.5209 -0.868984 0.0540098 -0.491883 491.796 
-0.49372 -0.0204209 0.869381 172.935 0.0375069 0.998294 0.044749 -51.4577 -0.868812 0.0547012 -0.492111 490.43 
-0.494173 -0.0205322 0.869121 175.37 0.0311065 0.998663 0.0412793 -51.3997 -0.868807 0.0474345 -0.492874 489.059 
-0.495196 -0.0260055 0.868392 177.82 0.0224715 0.998834 0.0427261 -51.3413 -0.868491 0.0406718 -0.494034 487.704 
-0.494295 -0.0196887 0.869071 181.504 0.0319702 0.998655 0.0408079 -51.2553 -0.868706 0.0479555 -0.493001 485.603 
-0.493482 -0.0207385 0.869509 185.188 0.036658 0.998331 0.0446159 -51.1699 -0.868983 0.0538916 -0.491898 483.528 
-0.493143 -0.0222925 0.869662 187.652 0.0344061 0.99839 0.0451022 -51.1196 -0.869268 0.0521635 -0.491582 482.143 
-0.49329 -0.0171716 0.869696 190.12 0.0398458 0.99831 0.0423114 -51.0581 -0.868952 0.0555255 -0.491772 480.771 
-0.491306 -0.0125378 0.870897 192.583 0.0440103 0.998262 0.0391993 -51.0027 -0.869874 0.0575873 -0.4899 479.393 
-0.490035 -0.0256013 0.871327 195.069 0.0359114 0.998127 0.0495236 -50.9399 -0.870963 0.0555589 -0.488198 478.04 
-0.486566 -0.0241633 0.873309 197.546 0.0323485 0.998434 0.0456483 -50.8664 -0.873045 0.0504612 -0.485022 476.695 
-0.482645 -0.020916 0.875566 199.981 0.0321374 0.998619 0.0415709 -50.8147 -0.875226 0.0482024 -0.481306 475.361 
-0.481721 -0.0226923 0.876031 202.435 0.0297629 0.998664 0.0422353 -50.7654 -0.875819 0.0464189 -0.480403 474.043 
-0.481343 -0.0251304 0.876172 204.883 0.0285121 0.998611 0.0443059 -50.695 -0.876069 0.0463078 -0.479958 472.73 
-0.48328 -0.0223867 0.87518 207.31 0.0280322 0.998765 0.0410275 -50.6376 -0.875017 0.044361 -0.482055 471.407 
-0.486107 -0.017167 0.873731 209.725 0.0334716 0.998708 0.0382446 -50.5928 -0.873258 0.0478361 -0.484904 470.063 
-0.49154 -0.0188335 0.870652 212.129 0.035064 0.998527 0.0413956 -50.5596 -0.870149 0.0508761 -0.490155 468.737 
-0.497722 -0.0221037 0.867055 214.501 0.0341284 0.998402 0.0450431 -50.5152 -0.866665 0.0520101 -0.496172 467.403 
-0.504089 -0.0143972 0.863532 217.988 0.0391021 0.998455 0.0394727 -50.4121 -0.862766 0.0536637 -0.502747 465.345 
-0.513515 -0.0199006 0.85785 221.489 0.0317653 0.998605 0.0421809 -50.331 -0.857492 0.0489104 -0.512167 463.355 
