1 1.19763e-11 1.70464e-10 -5.55111e-17 1.19763e-11 1 3.5625e-10 0 1.70464e-10 3.5625e-10 1 2.22045e-16 
0.999998 -0.00179489 -0.000725364 -4.44812e-06 0.00179602 0.999997 0.00156726 -0.0385121 0.000722549 -0.00156856 0.999999 2.62528 
0.999997 -0.00238151 -0.000162099 -0.0216899 0.0023816 0.999997 0.000566895 -0.0805274 0.000160748 -0.000567279 1 5.26037 
0.999988 -0.00483519 -0.000280095 -0.0330014 0.00483594 0.999985 0.00274407 -0.123761 0.000266822 -0.00274539 0.999996 7.90473 
0.99999 -0.00434179 -0.00119414 -0.041815 0.00434376 0.999989 0.00165092 -0.164917 0.00118696 -0.00165609 0.999998 10.5691 
0.999999 0.0013739 -0.000989958 -0.074487 -0.00137537 0.999998 -0.00148349 -0.202711 0.000987918 0.00148485 0.999998 13.2432 
0.999982 0.00604388 -0.000606109 -0.0859625 -0.00604441 0.999981 -0.000880743 -0.254055 0.000600775 0.000884391 0.999999 15.9271 
1 -0.000404517 -0.000436331 -0.068093 0.000406088 0.999993 0.00360743 -0.303894 0.000434869 -0.00360761 0.999993 18.6308 
0.999995 -0.00303169 -0.00039661 -0.0904134 0.00303143 0.999995 -0.000638868 -0.344558 0.000398545 0.000637662 1 21.3384 
0.999996 0.00246696 0.00115434 -0.0908518 -0.00246672 0.999997 -0.000212281 -0.393063 -0.00115486 0.000209433 0.999999 24.0726 
0.999998 -0.000346912 0.00182073 -0.114113 0.000337209 0.999986 0.00532702 -0.42529 -0.00182255 -0.0053264 0.999984 26.8223 
0.999988 -0.00450353 0.00177209 -0.133551 0.00450127 0.999989 0.00127724 -0.468174 -0.00177782 -0.00126925 0.999998 29.5775 
0.99999 -0.00329078 0.00317 -0.201527 0.00329714 0.999993 -0.00200251 -0.483887 -0.00316339 0.00201294 0.999993 32.3329 
0.999993 0.000418604 0.00366824 -0.175539 -0.000405676 0.999994 -0.00352418 -0.558645 -0.00366969 0.00352267 0.999987 35.1111 
0.999976 0.00570895 0.00403741 -0.200399 -0.00570756 0.999984 -0.00035668 -0.641955 -0.00403938 0.000333628 0.999992 39.3097 
0.999928 0.0114348 0.00369779 -0.196763 -0.0114328 0.999934 -0.000570065 -0.70715 -0.00370406 0.000527748 0.999993 43.5274 
0.999947 0.00989932 0.00296525 -0.224606 -0.00989586 0.99995 -0.00118157 -0.749094 -0.0029768 0.00115217 0.999995 46.3524 
0.999947 0.0102306 0.000846841 -0.27977 -0.0102305 0.999948 -0.000201462 -0.808124 -0.000848858 0.000192788 1 50.6489 
0.999944 0.0104815 -0.00111154 -0.310651 -0.0104801 0.999944 0.00125216 -0.853096 0.0011246 -0.00124044 0.999999 53.5076 
0.999971 0.00726484 -0.00242525 -0.312744 -0.00725879 0.999971 0.00249353 -0.901822 0.00244329 -0.00247586 0.999994 56.3623 
0.999989 0.0036932 -0.00293308 -0.347251 -0.00368708 0.999991 0.00208969 -0.943645 0.00294077 -0.00207885 0.999994 59.2147 
0.999998 -0.000454826 -0.00203704 -0.398384 0.000461848 0.999994 0.00344831 -0.991577 0.00203546 -0.00344925 0.999992 62.0407 
0.999995 -0.00313511 -0.000877713 -0.418429 0.00313696 0.999993 0.00210689 -1.04342 0.000871102 -0.00210964 0.999997 64.8756 
0.999998 -0.00190723 0.000563522 -0.453724 0.00190636 0.999997 0.00154206 -1.08511 -0.000566462 -0.00154098 0.999999 67.695 
0.99998 0.00618032 0.00158954 -0.425574 -0.00618667 0.999973 0.00402591 -1.15445 -0.00156462 -0.00403566 0.999991 70.5185 
0.999859 0.0165596 0.0028743 -0.400304 -0.0165713 0.999854 0.00407612 -1.21086 -0.00280639 -0.00412317 0.999988 73.3381 
0.999746 0.0222356 0.00354987 -0.360297 -0.0222476 0.999747 0.00335338 -1.26015 -0.0034744 -0.00343151 0.999988 76.1433 
0.999747 0.0220149 0.00457777 -0.377666 -0.0220314 0.999751 0.0035804 -1.31177 -0.00449781 -0.00368035 0.999983 78.936 
0.9998 0.0197088 0.00341003 -0.353816 -0.0197174 0.999802 0.00251703 -1.35376 -0.00335975 -0.00258377 0.999991 81.7047 
0.999808 0.0195522 0.0015971 -0.297309 -0.0195549 0.999807 0.00169893 -1.36244 -0.00156358 -0.00172983 0.999997 84.4869 
0.999795 0.0202544 0.00028855 -0.293346 -0.0202552 0.99979 0.00317491 -1.41916 -0.000224184 -0.0031801 0.999995 87.265 
0.999895 0.0142107 -0.0028942 -0.303001 -0.0141976 0.999889 0.00448396 -1.48154 0.0029576 -0.0044424 0.999986 91.3817 
0.999916 0.0124674 -0.00346175 -0.325167 -0.0124549 0.999916 0.00361276 -1.52249 0.0035065 -0.00356934 0.999987 94.1076 
0.999927 0.0114723 -0.00368382 -0.356934 -0.0114623 0.999931 0.00272541 -1.56718 0.00371483 -0.00268299 0.99999 96.8149 
0.999908 0.0130095 -0.00383576 -0.381213 -0.0130013 0.999913 0.00216158 -1.6109 0.00386355 -0.00211152 0.99999 99.5026 
0.999884 0.0147741 -0.00369494 -0.410101 -0.0147564 0.99988 0.00477914 -1.64883 0.0037651 -0.00472407 0.999982 102.183 
0.999896 0.0140737 -0.00316742 -0.449036 -0.0140708 0.999901 0.000958868 -1.68032 0.0031806 -0.0009142 0.999995 104.859 
0.999927 0.0116575 -0.00317755 -0.466154 -0.0116544 0.999932 0.000993608 -1.72627 0.00318892 -0.000956503 0.999994 107.537 
0.999965 0.00807155 -0.00223519 -0.477766 -0.00806471 0.999963 0.00305113 -1.75654 0.00225974 -0.003033 0.999993 110.219 
0.999968 0.00791992 -0.00064193 -0.544382 -0.00792033 0.999968 -0.000639163 -1.79304 0.000636848 0.000644227 1 112.874 
0.999934 0.0114517 0.00112177 -0.5484 -0.0114486 0.999931 -0.00273805 -1.83815 -0.00115304 0.00272502 0.999996 115.519 
0.999913 0.0126781 0.00352886 -0.559251 -0.0126839 0.999918 0.00160571 -1.89127 -0.00350821 -0.00165033 0.999992 118.187 
0.999913 0.0119897 0.00542042 -0.591004 -0.0119972 0.999927 0.00135714 -1.90979 -0.00540375 -0.00142205 0.999984 120.873 
0.999828 0.0163683 0.00873554 -0.666839 -0.0163695 0.999866 6.94935e-05 -1.9375 -0.00873324 -0.000212478 0.999962 123.584 
0.99978 0.0179391 0.0108662 -0.68705 -0.0179204 0.999838 -0.00182006 -1.97588 -0.0108971 0.00162493 0.999939 126.298 
0.999753 0.0176726 0.0134917 -0.691734 -0.017658 0.999843 -0.00120102 -2.02354 -0.0135108 0.000962489 0.999908 129.014 
0.999792 0.014278 0.0145302 -0.690109 -0.0142832 0.999898 0.000250007 -2.0736 -0.0145251 -0.000457492 0.999894 131.726 
0.999842 0.0102282 0.0145537 -0.669604 -0.0102454 0.999947 0.00110558 -2.11906 -0.0145416 -0.00125451 0.999893 134.433 
0.9999 0.00690392 0.012378 -0.633041 -0.0069115 0.999976 0.000569695 -2.15926 -0.0123738 -0.000655188 0.999923 137.134 
0.999938 0.00405794 0.010322 -0.609584 -0.00407401 0.999991 0.00153648 -2.20528 -0.0103157 -0.00157844 0.999946 139.836 
0.999965 0.00251345 0.00796039 -0.631316 -0.00252335 0.999996 0.00123354 -2.25691 -0.00795726 -0.00125358 0.999968 142.528 
0.999982 -0.000158608 0.00603371 -0.630059 0.000167092 0.999999 -0.0014056 -2.30711 -0.00603348 0.00140658 0.999981 145.218 
0.999905 -0.0132893 0.00369535 -0.609901 0.013288 0.999912 0.000373952 -2.35322 -0.00369999 -0.000324813 0.999993 147.908 
0.999731 -0.0231965 0.000853355 -0.600079 0.023198 0.999729 -0.00182136 -2.38242 -0.000810875 0.00184067 0.999998 150.634 
0.999798 -0.0200317 0.00155479 -0.607565 0.0200419 0.999776 -0.00682599 -2.44596 -0.00141771 0.00685577 0.999975 153.32 
0.99979 -0.0203886 0.00211161 -0.566237 0.0203971 0.999784 -0.00410589 -2.49146 -0.00202744 0.0041481 0.999989 156.009 
0.999566 -0.0293991 0.00164671 -0.541806 0.0293995 0.999568 -0.000179013 -2.54024 -0.00164074 0.000227348 0.999999 158.688 
0.999569 -0.0292408 0.00250492 -0.533962 0.02924 0.999572 0.000349411 -2.57566 -0.00251407 -0.000276017 0.999997 161.394 
0.999658 -0.0259816 0.00281043 -0.534237 0.0259839 0.999662 -0.00079656 -2.59346 -0.00278878 0.000869314 0.999996 162.744 
0.999704 -0.0241675 0.00296453 -0.531692 0.0241767 0.999703 -0.00309492 -2.61704 -0.00288885 0.00316567 0.999991 164.086 
0.99978 -0.0204575 0.00468492 -0.565173 0.0204684 0.999788 -0.00228911 -2.66641 -0.0046371 0.00238449 0.999986 166.789 
0.999836 -0.0176855 0.00393047 -0.588492 0.0177059 0.99983 -0.00521072 -2.71529 -0.00383765 0.00527946 0.999979 169.508 
0.999948 -0.00941316 0.00400112 -0.72516 0.00944614 0.999921 -0.00830591 -2.86195 -0.00392261 0.00834327 0.999958 172.206 
0.999986 -0.000994044 0.00525207 -0.779909 0.00102015 0.999987 -0.00497087 -2.94079 -0.00524706 0.00497616 0.999974 174.946 
0.999976 -0.00422311 0.00541006 -0.903791 0.0042321 0.99999 -0.00165005 -2.99633 -0.00540303 0.0016729 0.999984 177.693 
0.999975 -0.00684914 0.00149752 -0.88554 0.00685791 0.999959 -0.00593242 -3.03476 -0.00145683 0.00594254 0.999981 180.449 
0.999996 -0.00281646 -0.000362819 -1.00566 0.00281254 0.999942 -0.0103877 -3.12255 0.000392054 0.0103867 0.999946 183.201 
0.999997 0.00245365 -0.000204906 -1.04185 -0.00245492 0.999976 -0.00643103 -3.17729 0.000189122 0.00643151 0.999979 185.989 
0.999997 0.00226413 0.000189796 -1.07881 -0.00226343 0.999991 -0.00360404 -3.2422 -0.000197955 0.0036036 0.999993 188.787 
0.999998 -0.00179929 8.42013e-05 -1.08197 0.00179951 0.999995 -0.00272846 -3.28968 -7.92916e-05 0.00272861 0.999996 191.598 
0.999973 -0.00725853 0.000749893 -1.07594 0.00725978 0.999972 -0.00167681 -3.34652 -0.000737701 0.00168221 0.999998 194.425 
0.999907 -0.0135291 0.00194541 -1.08684 0.013529 0.999908 7.12379e-05 -3.43096 -0.0019462 -4.49118e-05 0.999998 197.263 
0.999987 -0.00421182 0.00300531 -1.12625 0.00423966 0.999948 -0.00931969 -3.48017 -0.0029659 0.00933231 0.999952 200.112 
0.999902 0.0128902 0.00542149 -1.15435 -0.0128593 0.999901 -0.00570369 -3.54008 -0.00549447 0.00563341 0.999969 202.984 
0.999923 0.011325 0.00510543 -1.14825 -0.0113072 0.99993 -0.00349576 -3.57376 -0.00514466 0.00343776 0.999981 205.846 
0.999961 0.00832874 0.00307802 -1.14994 -0.00831308 0.999953 -0.00506676 -3.65059 -0.00312007 0.00504098 0.999982 210.208 
0.99994 0.0106003 0.00270088 -1.16945 -0.0105892 0.999936 -0.00409293 -3.71434 -0.00274409 0.00406408 0.999988 213.114 
0.999949 0.00988757 0.00216453 -1.18486 -0.00987503 0.999935 -0.00573133 -3.7689 -0.00222105 0.00570966 0.999981 216.057 
0.999949 0.010094 0.00068019 -1.14109 -0.0100892 0.999927 -0.00672269 -3.81974 -0.000747999 0.00671548 0.999977 219.01 
0.99994 0.0109728 0.000218331 -1.15188 -0.010971 0.999914 -0.00717653 -3.89125 -0.000297059 0.00717371 0.999974 221.972 
0.99991 0.0133499 -0.00157808 -1.12339 -0.013362 0.999879 -0.0079559 -3.98944 0.00147168 0.00797627 0.999967 226.442 
0.999974 0.00686224 -0.00200849 -1.15745 -0.00687755 0.999947 -0.00771946 -4.1151 0.00195541 0.00773308 0.999968 232.386 
0.999955 0.00935247 -0.00153612 -1.19738 -0.00936445 0.999924 -0.00798329 -4.25863 0.00146134 0.00799732 0.999967 238.394 
0.999947 0.0103387 1.07599e-05 -1.21601 -0.0103383 0.999919 -0.00743096 -4.35444 -8.75853e-05 0.00743045 0.999972 242.925 
0.999943 0.0106122 0.000638792 -1.23888 -0.0106073 0.999918 -0.00716633 -4.47145 -0.00071479 0.00715915 0.999974 247.486 
0.999899 0.0142014 -0.000475859 -1.22263 -0.0142042 0.999878 -0.00657076 -4.58573 0.000382487 0.00657686 0.999978 252.068 
0.999857 0.0168746 -0.000538206 -1.24245 -0.0168779 0.999835 -0.00672841 -4.63953 0.000424577 0.00673654 0.999977 255.145 
0.999899 0.0142085 -0.000680444 -1.24427 -0.0142122 0.999882 -0.00586598 -4.70945 0.000597017 0.00587506 0.999983 258.216 
0.99994 0.0109519 -0.0008715 -1.25782 -0.010957 0.999921 -0.0061212 -4.77664 0.000804393 0.00613038 0.999981 261.285 
0.999957 0.00904502 -0.00183033 -1.25043 -0.00905771 0.999934 -0.00705021 -4.81307 0.00176644 0.00706649 0.999973 262.821 
0.999974 0.00710658 -0.00118385 -1.26378 -0.00711277 0.999961 -0.0053102 -4.84674 0.00114607 0.00531848 0.999985 264.359 
0.999993 0.00369784 -0.000419769 -1.27805 -0.00369963 0.999984 -0.00434951 -4.91772 0.000403679 0.00435103 0.99999 267.448 
0.999994 0.0032434 0.000909756 -1.32658 -0.00323828 0.999979 -0.00557415 -4.98474 -0.000927816 0.00557117 0.999984 270.523 
0.999982 0.00554148 0.00248238 -1.32981 -0.00552711 0.999968 -0.00576148 -5.06293 -0.00251422 0.00574765 0.99998 273.611 
0.999965 0.00720945 0.0041958 -1.30634 -0.00717991 0.99995 -0.00701372 -5.15977 -0.00424615 0.00698335 0.999967 278.245 
0.999969 0.00443958 0.00647562 -1.29692 -0.00439933 0.999971 -0.00621682 -5.25132 -0.00650303 0.00618814 0.99996 282.898 
0.999966 0.00432392 0.00704272 -1.2636 -0.00426539 0.999956 -0.00830427 -5.34375 -0.00707832 0.00827394 0.999941 286.003 
0.999976 0.0037731 0.00581755 -1.24145 -0.00371079 0.999936 -0.0106855 -5.41413 -0.00585749 0.0106637 0.999926 289.12 
0.99999 0.000521566 0.00436422 -1.34066 -0.000472198 0.999936 -0.0113054 -5.48476 -0.00436984 0.0113033 0.999927 292.229 
0.999995 0.00159137 0.00271073 -1.30746 -0.00156159 0.999939 -0.0109535 -5.58218 -0.00272799 0.0109492 0.999936 295.357 
0.999998 0.00188498 0.000511872 -1.37281 -0.00188082 0.999966 -0.0080151 -5.70801 -0.000526963 0.00801412 0.999968 300.093 
0.999995 0.00186095 0.00249374 -1.41096 -0.0018407 0.999966 -0.00809496 -5.79438 -0.00250871 0.00809033 0.999964 303.259 
0.999989 -0.00390533 0.00260528 -1.38346 0.00393482 0.999927 -0.0114141 -5.90878 -0.00256051 0.0114242 0.999931 307.996 
0.999991 -0.00415206 -0.000106277 -1.39711 0.00415029 0.999903 -0.0132615 -6.00709 0.000161329 0.0132609 0.999912 311.215 
0.999996 -0.000649719 -0.00267085 -1.32483 0.000633098 0.99998 -0.0062191 -6.18068 0.00267483 0.00621738 0.999977 316.096 
0.999992 -0.00298112 -0.00273654 -1.33648 0.00296257 0.999973 -0.00675927 -6.25268 0.00275661 0.00675111 0.999973 319.356 
0.999984 -0.00486539 -0.00290278 -1.33206 0.00484617 0.999967 -0.00659309 -6.32938 0.00293476 0.00657892 0.999974 322.612 
0.999992 -0.00325755 -0.00238577 -1.31877 0.00323997 0.999968 -0.00733367 -6.42113 0.00240958 0.00732588 0.99997 325.857 
0.999994 -0.00325625 -0.00145369 -1.29362 0.00324723 0.999976 -0.00616831 -6.51564 0.00147374 0.00616355 0.99998 329.103 
0.999991 -0.00391508 -0.00141021 -1.28457 0.0039058 0.999971 -0.00652339 -6.61538 0.00143571 0.00651782 0.999978 332.367 
0.999998 -0.00103926 -0.00158479 -1.3317 0.0010258 0.999964 -0.00846681 -6.69197 0.00159353 0.00846517 0.999963 335.594 
0.999991 0.00335143 -0.00276858 -1.36932 -0.00338203 0.999932 -0.011124 -6.78081 0.00273111 0.0111333 0.999934 338.806 
0.999979 0.00451338 -0.00458038 -1.42894 -0.00453594 0.999978 -0.00492728 -6.8548 0.00455804 0.00494796 0.999977 342.028 
0.99997 0.0045918 -0.0061876 -1.44671 -0.00463058 0.99997 -0.0062683 -6.89083 0.00615863 0.00629677 0.999961 343.634 
0.999961 0.00505425 -0.00720184 -1.49649 -0.00511021 0.999957 -0.00777382 -6.92657 0.00716224 0.00781032 0.999944 345.231 
0.999944 0.00133778 -0.0104601 -1.54396 -0.00140323 0.999979 -0.00625229 -7.00227 0.0104515 0.00626662 0.999926 348.429 
0.999937 0.000599532 -0.0111873 -1.57117 -0.000675295 0.999977 -0.0067697 -7.0557 0.011183 0.00677683 0.999915 350.026 
0.99993 -0.00202855 -0.0116783 -1.66912 0.0019369 0.999967 -0.00785323 -7.12907 0.0116938 0.00783005 0.999901 353.214 
0.999924 -0.00337777 -0.0118271 -1.71548 0.00327277 0.999955 -0.00888668 -7.21276 0.0118565 0.0088473 0.999891 356.397 
0.999914 -0.00446434 -0.0123464 -1.74969 0.0043433 0.999942 -0.00981278 -7.25254 0.0123895 0.00975831 0.999876 357.986 
0.999903 -0.00589344 -0.0126135 -1.77173 0.00577636 0.99994 -0.00929829 -7.29783 0.0126675 0.00922453 0.999877 359.575 
0.999899 -0.00591997 -0.012941 -1.79068 0.00579123 0.999934 -0.00996304 -7.34907 0.0129991 0.00988709 0.999867 361.167 
0.999855 -0.00990923 -0.0138236 -1.82318 0.00977983 0.999908 -0.00939748 -7.44428 0.0139154 0.00926093 0.99986 364.334 
0.999831 -0.011693 -0.0141883 -1.8442 0.0115714 0.999896 -0.0086193 -7.48738 0.0142876 0.00845367 0.999862 365.93 
0.999814 -0.0123884 -0.0147553 -1.89296 0.0122386 0.999873 -0.0102021 -7.57634 0.0148798 0.0100196 0.999839 369.131 
0.999858 -0.00945973 -0.0139377 -1.94915 0.00934629 0.999923 -0.00818195 -7.67239 0.0140141 0.00805052 0.999869 372.338 
0.999882 -0.00835393 -0.0129093 -2.02831 0.00823351 0.999922 -0.00935306 -7.76071 0.0129865 0.00924566 0.999873 375.529 
0.999878 -0.00872491 -0.012926 -2.05964 0.00859714 0.999914 -0.00990742 -7.8014 0.0130113 0.00979509 0.999867 377.134 
0.999917 -0.00593251 -0.011395 -2.14476 0.00581859 0.999933 -0.010005 -7.89777 0.0114536 0.00993783 0.999885 380.354 
0.999926 -0.00502596 -0.0111177 -2.1651 0.00492118 0.999943 -0.00943176 -7.93978 0.0111645 0.00937634 0.999894 381.966 
0.999941 -0.00300408 -0.0104344 -2.20878 0.00290074 0.999947 -0.00990521 -7.99433 0.0104636 0.00987436 0.999896 383.587 
0.999962 0.00142694 -0.0085606 -2.30718 -0.0015172 0.999943 -0.0105464 -8.09766 0.00854507 0.010559 0.999908 386.84 
0.999961 0.00289904 -0.00839425 -2.34802 -0.00297957 0.99995 -0.00959687 -8.1486 0.00836601 0.0096215 0.999919 388.455 
0.999962 0.0038722 -0.00785316 -2.41956 -0.0039495 0.999944 -0.00985249 -8.22473 0.00781456 0.00988313 0.999921 391.699 
