1 1.19763e-11 1.70464e-10 5.55111e-17 1.19763e-11 1 3.5625e-10 0 1.70464e-10 3.5625e-10 1 2.22045e-16 
0.99978 0.00138676 -0.0209292 -0.0175337 -0.00139551 0.999999 -0.000403472 -0.00685967 0.0209287 0.000432591 0.999781 0.283467 
0.998489 0.00214563 -0.0549059 -0.0600001 -0.00239437 0.999987 -0.00446495 -0.00806547 0.0548956 0.00458967 0.998482 0.627936 
0.99598 0.00099124 -0.0895723 -0.10905 -0.00139759 0.999989 -0.00447398 -0.0103398 0.0895669 0.00458118 0.99597 0.91918 
0.991298 -0.000451177 -0.131637 -0.181606 -0.000174551 0.999989 -0.00474187 -0.0160452 0.131637 0.00472359 0.991287 1.25138 
0.983426 0.00728191 -0.181161 -0.293459 -0.00880976 0.999932 -0.00763044 -0.0311643 0.181093 0.00909996 0.983424 1.60414 
0.971348 0.0115839 -0.237378 -0.436624 -0.0140044 0.999866 -0.00851337 -0.0431351 0.237248 0.0115938 0.97138 1.97923 
0.953809 0.015772 -0.299999 -0.620094 -0.0186138 0.999805 -0.00661687 -0.0490223 0.299837 0.0118953 0.953916 2.36874 
0.929971 0.0203664 -0.367068 -0.839493 -0.023853 0.999703 -0.0049643 -0.0539779 0.366858 0.0133723 0.930181 2.75828 
0.899965 0.0243281 -0.435282 -1.10363 -0.0286601 0.999583 -0.00338884 -0.0467624 0.435018 0.0155251 0.900288 3.14208 
0.860445 0.0155097 -0.509308 -1.39247 -0.0206389 0.999777 -0.00442243 -0.0423897 0.509125 0.0143168 0.860573 3.52303 
0.806952 0.0237009 -0.590141 -1.76157 -0.026962 0.999631 0.0032791 -0.0489941 0.590001 0.0132653 0.807294 3.8807 
0.739081 0.0270362 -0.673073 -2.18784 -0.0307816 0.999506 0.00634811 -0.0535875 0.672912 0.0160265 0.739549 4.21588 
0.657474 0.0195883 -0.753223 -2.66315 -0.0200894 0.999762 0.00846414 -0.0528704 0.75321 0.00956689 0.657711 4.54077 
0.565477 0.0202906 -0.824514 -3.21551 -0.0155039 0.999782 0.0139707 -0.0513893 0.824618 0.00488307 0.565669 4.82443 
0.462232 0.0226723 -0.886469 -3.83696 -0.0131158 0.999738 0.0187303 -0.0450566 0.886662 0.00296899 0.462408 5.05727 
0.352822 0.0268515 -0.935305 -4.53433 -0.0117486 0.999637 0.0242666 -0.0332507 0.935617 0.00242675 0.353009 5.23379 
0.243942 0.0322658 -0.969253 -5.29933 -0.00523921 0.999476 0.0319533 -0.0269775 0.969776 -0.00271663 0.243983 5.36094 
0.192812 0.0326078 -0.980694 -5.70136 -0.00220528 0.999459 0.0327982 -0.0230308 0.981233 -0.00416117 0.19278 5.40169 
0.145101 0.0336242 -0.988845 -6.12209 -0.00399199 0.999434 0.0333985 -0.0160427 0.989409 -0.000898687 0.145153 5.42129 
0.102061 0.0339239 -0.9942 -6.55899 -0.00614485 0.999421 0.0334713 -0.00575705 0.994759 0.0026931 0.10221 5.42767 
0.0637819 0.0325162 -0.997434 -7.00909 -0.0073844 0.999457 0.0321099 0.00619158 0.997937 0.00531742 0.0639874 5.42402 
0.0290473 0.0299117 -0.99913 -7.47343 -0.00652162 0.999537 0.0297343 0.0162511 0.999557 0.00565226 0.0292289 5.4107 
-0.00272199 0.0272601 -0.999625 -7.95041 -0.00571875 0.999612 0.0272753 0.0230642 0.99998 0.00579085 -0.00256504 5.38928 
-0.0296489 0.0255078 -0.999235 -8.44461 -0.00632638 0.999649 0.0257061 0.0306642 0.99954 0.0070837 -0.0294772 5.35364 
-0.0673328 0.0217397 -0.997494 -9.48038 -0.00647486 0.999732 0.0222256 0.0524899 0.99771 0.00795514 -0.067174 5.26387 
-0.0904525 0.023836 -0.995615 -10.5792 -0.00638715 0.999679 0.0245136 0.065962 0.99588 0.00857646 -0.0902712 5.15308 
-0.101811 0.0262601 -0.994457 -11.7394 -0.00858781 0.999591 0.0272749 0.0785547 0.994767 0.0113171 -0.101544 5.02588 
-0.102828 0.0284719 -0.994292 -12.9643 -0.00391926 0.999571 0.0290284 0.102671 0.994691 0.00688182 -0.102672 4.90181 
-0.0995049 0.0316529 -0.994533 -14.2516 -0.00704272 0.999446 0.032514 0.117824 0.995012 0.0102395 -0.0992269 4.76722 
-0.0966334 0.0285846 -0.99491 -15.5937 -0.00916853 0.99952 0.0296075 0.14508 0.995278 0.0119829 -0.0963249 4.63 
-0.0932459 0.0343254 -0.995051 -17.0048 -0.00960684 0.999328 0.0353732 0.177019 0.995597 0.0128577 -0.0928535 4.49463 
-0.0896302 0.036338 -0.995312 -18.4718 -0.0119192 0.999224 0.0375541 0.209275 0.995904 0.0152293 -0.0891275 4.35925 
-0.0862001 0.0325267 -0.995747 -19.9883 -0.0155374 0.999301 0.0339879 0.250319 0.996157 0.0184011 -0.0856345 4.22312 
-0.0845128 0.0348732 -0.995812 -20.7731 -0.0129009 0.999265 0.036089 0.270352 0.996339 0.0158968 -0.0840009 4.16193 
-0.0819579 0.0393885 -0.995857 -22.3642 -0.00975452 0.999139 0.0403211 0.306224 0.996588 0.0130188 -0.0815031 4.03596 
-0.080745 0.0278421 -0.996346 -23.9695 -0.00850847 0.999554 0.0286213 0.334206 0.996699 0.0107884 -0.0804722 3.90897 
-0.0811751 0.0226847 -0.996442 -25.6189 -0.00348515 0.999728 0.0230435 0.36151 0.996694 0.00534331 -0.081074 3.78608 
-0.081326 0.0380605 -0.995961 -27.3075 -0.00564236 0.999237 0.0386464 0.385499 0.996672 0.00876253 -0.0810492 3.64475 
-0.0820488 0.0446594 -0.995627 -28.9976 -0.00938722 0.998916 0.0455805 0.419417 0.996584 0.013086 -0.0815407 3.4929 
-0.0824529 0.0413361 -0.995737 -29.8372 -0.0096906 0.999059 0.0422765 0.437006 0.996548 0.0131351 -0.0819748 3.41846 
-0.0828897 0.0392207 -0.995787 -31.5159 -0.0110529 0.999128 0.0402724 0.476386 0.996498 0.0143445 -0.0823839 3.27199 
-0.0827172 0.0408226 -0.995737 -33.1952 -0.0130283 0.999031 0.0420399 0.507645 0.996488 0.0164502 -0.0821052 3.12363 
-0.0819513 0.0310542 -0.996152 -34.86 -0.0149903 0.999363 0.0323875 0.53867 0.996524 0.0175868 -0.0814336 2.98036 
-0.081514 0.0315769 -0.996172 -35.6964 -0.0150186 0.999346 0.0329064 0.550032 0.996559 0.0176435 -0.0809864 2.91062 
-0.0807471 0.0344177 -0.99614 -36.5335 -0.0140771 0.999265 0.0356667 0.557955 0.996635 0.0169028 -0.0802032 2.84314 
-0.0802824 0.0389324 -0.996012 -37.3738 -0.0135574 0.999102 0.0401459 0.570778 0.99668 0.0167264 -0.0796824 2.77507 
-0.0796497 0.0444304 -0.995832 -38.2148 -0.0127558 0.998879 0.0455866 0.587862 0.996741 0.0163336 -0.0789937 2.70698 
-0.0798066 0.0483564 -0.995637 -39.0492 -0.0128588 0.99869 0.0495354 0.605565 0.996727 0.0167559 -0.0790803 2.63885 
-0.0795292 0.0477654 -0.995687 -39.8817 -0.0125399 0.998724 0.0489127 0.62465 0.996754 0.0163758 -0.0788287 2.57226 
-0.0789716 0.0395931 -0.99609 -41.5384 -0.0131533 0.999083 0.0407549 0.664017 0.99679 0.0163203 -0.0783784 2.43615 
-0.0791244 0.0346556 -0.996262 -43.1914 -0.0204011 0.99913 0.0363757 0.697748 0.996656 0.023203 -0.0783486 2.2902 
-0.080995 0.029762 -0.99627 -44.8388 -0.0153585 0.999398 0.0311041 0.720699 0.996596 0.0178205 -0.0804891 2.16091 
-0.0833105 0.0308801 -0.996045 -46.4834 -0.0102472 0.99944 0.0318425 0.743445 0.996471 0.0128595 -0.0829474 2.02825 
-0.0868281 0.0416356 -0.995353 -48.1233 -0.0062984 0.999083 0.0423411 0.764692 0.996203 0.00994553 -0.0864862 1.89049 
-0.0895886 0.0372222 -0.995283 -49.7355 -0.00920031 0.999228 0.0381979 0.787419 0.995936 0.012579 -0.0891769 1.7407 
-0.0920265 0.0313735 -0.995262 -51.3287 -0.0176845 0.999294 0.0331358 0.812643 0.995599 0.02065 -0.0914067 1.5753 
-0.0939629 0.0342964 -0.994985 -52.9159 -0.0194744 0.999152 0.0362792 0.83177 0.995385 0.0227856 -0.0932153 1.41681 
-0.0948915 0.0338321 -0.994912 -53.702 -0.021269 0.999125 0.036004 0.841954 0.99526 0.0245773 -0.0940889 1.33748 
-0.0954763 0.0336571 -0.994862 -54.484 -0.0223416 0.999104 0.0359447 0.849493 0.995181 0.0256587 -0.0946388 1.25899 
-0.0963161 0.0378649 -0.99463 -56.0381 -0.0196675 0.999009 0.0399361 0.869673 0.995156 0.0234084 -0.095476 1.11076 
-0.0967924 0.0447691 -0.994297 -57.5746 -0.0201771 0.998694 0.0469313 0.8957 0.9951 0.0246046 -0.0957627 0.956539 
-0.0979545 0.0428384 -0.994268 -59.0776 -0.0190669 0.998809 0.0449125 0.923455 0.995008 0.023357 -0.097021 0.810007 
-0.0979993 0.036663 -0.994511 -60.5366 -0.0190444 0.999069 0.0387077 0.943218 0.995004 0.0227332 -0.0972099 0.662366 
-0.0944683 0.0333616 -0.994969 -61.9403 -0.0216631 0.999133 0.035558 0.956511 0.995292 0.0249133 -0.0936636 0.52376 
-0.0847887 0.0356292 -0.995762 -63.2855 -0.0217969 0.999055 0.037603 0.965475 0.996161 0.0248929 -0.083932 0.408841 
-0.0690821 0.038785 -0.996857 -64.5705 -0.0220157 0.998941 0.0403918 0.974213 0.997368 0.0247369 -0.0681551 0.320188 
-0.0427109 0.0421161 -0.998199 -65.7914 -0.0273668 0.998687 0.0433076 0.988245 0.998713 0.0291673 -0.0415022 0.262767 
-0.00251887 0.0442621 -0.999017 -66.937 -0.0303018 0.998558 0.0443182 1.00371 0.999538 0.0303837 -0.00117401 0.26462 
0.0516576 0.0443931 -0.997678 -67.9905 -0.0285211 0.99867 0.0429604 1.01381 0.998258 0.0262356 0.052855 0.34556 
0.122757 0.0445896 -0.991434 -68.9541 -0.0268632 0.998773 0.0415935 1.01982 0.992073 0.0215272 0.123804 0.504881 
0.207799 0.0451837 -0.977128 -69.8485 -0.0257853 0.998838 0.0407041 1.02393 0.977832 0.0167372 0.208723 0.741967 
0.305282 0.0394029 -0.951446 -70.6817 -0.015721 0.999216 0.0363369 1.02389 0.952132 0.00386463 0.305662 1.08074 
0.407975 0.028899 -0.912536 -71.4514 -0.00449618 0.99955 0.0296445 1.03236 0.912982 -0.00799129 0.407921 1.51356 
0.506901 0.0265393 -0.861595 -72.1707 -0.00318102 0.999577 0.028918 1.04555 0.861998 -0.0119178 0.506771 2.01365 
0.595663 0.0158558 -0.803078 -72.8107 0.0154981 0.999392 0.031227 1.05219 0.803085 -0.031047 0.595055 2.60177 
0.679371 0.00618386 -0.733769 -73.3852 0.014386 0.99966 0.0217442 1.05199 0.733654 -0.0253284 0.679051 3.22082 
0.719879 -0.00115395 -0.694099 -73.6593 0.0113452 0.999885 0.0101042 1.05608 0.694007 -0.0151485 0.719809 3.55438 
0.759359 -0.00490204 -0.650653 -73.9133 0.00711161 0.999974 0.000765914 1.05875 0.650633 -0.00520879 0.759374 3.91127 
0.796718 -0.00604442 -0.60432 -74.1659 0.00580661 0.99998 -0.00234656 1.05785 0.604323 -0.0016395 0.796738 4.30055 
0.831041 -0.00805902 -0.556153 -74.4017 0.00658853 0.999968 -0.00464515 1.05708 0.556172 0.000196083 0.831067 4.71851 
0.862098 -0.0073745 -0.506688 -74.6151 0.00411451 0.999963 -0.00755319 1.05346 0.506726 0.00442681 0.862096 5.15583 
0.888639 -0.00543266 -0.458576 -74.8256 0.00316561 0.999979 -0.00571215 1.04484 0.458597 0.00362437 0.888637 5.62315 
0.928297 0.00441818 -0.371812 -75.2056 -0.0074125 0.999951 -0.00662441 1.03584 0.371764 0.00890548 0.928284 6.6181 
0.942218 0.00882572 -0.334884 -75.3799 -0.0114355 0.999918 -0.00582221 1.03028 0.334805 0.00931536 0.942241 7.15198 
0.952612 0.0103215 -0.304012 -75.5393 -0.0119483 0.999923 -0.00349133 1.02013 0.303952 0.00695832 0.952662 7.7061 
0.960129 0.00916013 -0.279407 -75.692 -0.0101733 0.999946 -0.00217633 1.01045 0.279372 0.00493206 0.96017 8.28109 
0.966141 0.00896154 -0.257857 -75.837 -0.00932614 0.999957 -0.000190856 1.00469 0.257844 0.00258921 0.966183 8.8744 
0.970869 0.0116466 -0.23933 -75.9807 -0.0113308 0.999932 0.00269542 0.996633 0.239345 9.49051e-05 0.970935 9.48642 
0.977506 0.0201345 -0.209944 -76.258 -0.0193928 0.999796 0.00559101 0.981275 0.210013 -0.00139384 0.977697 10.7552 
0.980298 0.018425 -0.196663 -76.379 -0.0177442 0.999829 0.00522375 0.976809 0.196726 -0.0016312 0.980457 11.415 
0.982961 0.018304 -0.1829 -76.4929 -0.0177018 0.999831 0.00492468 0.973449 0.182959 -0.00160311 0.983119 12.0915 
0.985573 0.0186331 -0.168222 -76.602 -0.0179864 0.999824 0.00536704 0.970597 0.168293 -0.00226389 0.985734 12.7842 
0.987906 0.0198539 -0.153776 -76.7027 -0.0191932 0.999799 0.00578015 0.965085 0.153859 -0.00275879 0.988089 13.4941 
0.991342 0.0211852 -0.129583 -76.8846 -0.0215128 0.999768 -0.00112848 0.943731 0.129529 0.00390641 0.991568 14.9454 
0.99262 0.0184529 -0.119858 -76.9646 -0.0195747 0.999775 -0.00818828 0.935227 0.11968 0.010474 0.992757 15.6878 
0.994313 0.0197208 -0.104659 -77.1187 -0.0201468 0.999792 -0.00301479 0.913311 0.104578 0.00510619 0.994504 17.2186 
0.995155 0.0254706 -0.0949622 -77.272 -0.024584 0.999643 0.0104952 0.885944 0.0951956 -0.00810978 0.995426 18.7675 
0.995815 0.0236651 -0.088273 -77.4024 -0.0230935 0.999705 0.00749147 0.867371 0.0884243 -0.00542159 0.996068 20.3015 
0.996354 0.0202056 -0.0828944 -77.5211 -0.0192562 0.99974 0.012236 0.85142 0.0831201 -0.0105952 0.996483 21.843 
0.996884 0.0170707 -0.0770141 -77.6221 -0.0162342 0.999802 0.0114746 0.827911 0.0771948 -0.0101885 0.996964 23.3777 
0.997095 0.0200511 -0.0734816 -77.7342 -0.020393 0.999784 -0.003906 0.804672 0.0733875 0.00539317 0.997289 24.8981 
0.997269 0.0224867 -0.0703537 -77.8461 -0.0230236 0.999712 -0.00682929 0.773941 0.0701799 0.00843044 0.997499 26.4219 
0.99741 0.0292804 -0.0656976 -77.969 -0.0291879 0.999571 0.00236826 0.729373 0.0657388 -0.000444544 0.997837 27.9392 
0.997764 0.0241441 -0.0623188 -78.0647 -0.0239567 0.999706 0.00375305 0.696969 0.0623911 -0.00225171 0.998049 29.4407 
0.997861 0.0222399 -0.0614789 -78.1097 -0.0220172 0.999748 0.00429768 0.679877 0.061559 -0.00293489 0.998099 30.1928 
0.997934 0.022265 -0.0602583 -78.1555 -0.0221432 0.999751 0.00268805 0.664743 0.0603032 -0.00134818 0.998179 30.9457 
0.998014 0.0201165 -0.0596951 -78.1981 -0.0201199 0.999797 0.000543724 0.647677 0.059694 0.000658417 0.998216 31.7013 
0.998084 0.0185388 -0.0590366 -78.2423 -0.0185066 0.999828 0.00109232 0.630163 0.0590467 2.33981e-06 0.998255 32.4641 
0.998074 0.0215756 -0.0581525 -78.295 -0.0215167 0.999767 0.00163954 0.614909 0.0581743 -0.000385129 0.998306 33.2308 
0.998078 0.0214558 -0.0581421 -78.3462 -0.0214523 0.99977 0.000684928 0.599053 0.0581434 0.000563672 0.998308 34.0009 
0.997971 0.0215927 -0.0598951 -78.3993 -0.0215919 0.999767 0.000660338 0.578998 0.0598954 0.000634252 0.998205 34.7769 
0.997893 0.019122 -0.0620006 -78.4497 -0.0190825 0.999817 0.00122982 0.564155 0.0620127 -4.41057e-05 0.998075 35.5615 
0.997677 0.0201175 -0.0650774 -78.5072 -0.0201149 0.999797 0.000695325 0.547364 0.0650782 0.000615313 0.99788 36.3475 
0.997391 0.0240216 -0.0680744 -78.5715 -0.0240046 0.999711 0.00106719 0.528529 0.0680804 0.000569701 0.99768 37.1435 
0.99717 0.0255343 -0.0707053 -78.6362 -0.0258143 0.999662 -0.00304789 0.511017 0.0706036 0.00486448 0.997493 37.9375 
0.996981 0.0253841 -0.0733861 -78.7004 -0.0260383 0.999629 -0.00797098 0.494083 0.0731565 0.00985776 0.997272 38.7352 
0.996867 0.0242054 -0.0753035 -78.7627 -0.0249446 0.999649 -0.00889172 0.48257 0.0750619 0.0107423 0.997121 39.546 
0.996677 0.0251998 -0.0774607 -78.8286 -0.0258697 0.999636 -0.0076569 0.464618 0.0772395 0.00963534 0.996966 40.3645 
0.996525 0.0245251 -0.0796079 -78.8959 -0.0251031 0.999665 -0.00626756 0.446148 0.0794276 0.00824418 0.996807 41.1947 
0.996414 0.0226324 -0.0815287 -78.9599 -0.0231287 0.999719 -0.00514684 0.433903 0.0813894 0.00701403 0.996658 42.0306 
0.996337 0.0222196 -0.0825703 -79.029 -0.0224126 0.999748 -0.00141073 0.420782 0.0825182 0.00325618 0.996584 42.8743 
0.996274 0.021833 -0.0834328 -79.1003 -0.0216373 0.999761 0.00324945 0.403992 0.0834838 -0.00143208 0.996508 43.7247 
0.996315 0.0218358 -0.0829488 -79.1713 -0.0214088 0.999753 0.00603358 0.388897 0.08306 -0.0042355 0.996536 44.5789 
0.996552 0.02539 -0.0789901 -79.3186 -0.0250969 0.999674 0.00470207 0.363929 0.0790837 -0.00270346 0.996864 46.2992 
0.996729 0.0230505 -0.0774654 -79.3849 -0.0229334 0.999734 0.00240124 0.349896 0.0775001 -0.000616844 0.996992 47.163 
0.996934 0.0189356 -0.0759286 -79.4453 -0.0189516 0.99982 0.000510288 0.334438 0.0759246 0.000930244 0.997113 48.0317 
0.997103 0.0174955 -0.0740227 -79.5086 -0.017513 0.999846 0.000413642 0.320996 0.0740186 0.000883914 0.997256 48.9021 
0.997213 0.0158157 -0.0729178 -79.5738 -0.015658 0.999874 0.00273357 0.302792 0.0729518 -0.0015842 0.997334 49.779 
0.997304 0.0127052 -0.0722732 -79.6339 -0.0123422 0.999909 0.00546645 0.286751 0.0723361 -0.00455969 0.99737 50.6563 
0.997379 0.0116636 -0.0714108 -79.6974 -0.0112773 0.999919 0.00581041 0.272043 0.0714728 -0.00498986 0.99743 51.5294 
0.997439 0.0159803 -0.0697131 -79.8336 -0.0161936 0.999866 -0.00249551 0.24086 0.0696638 0.00361802 0.997564 53.2548 
0.997478 0.0176675 -0.0687377 -79.9004 -0.0182454 0.999803 -0.00778914 0.2201 0.0685866 0.00902365 0.997604 54.1135 
0.997486 0.022873 -0.0670685 -80.0326 -0.0239401 0.999599 -0.0151503 0.164934 0.066695 0.0167178 0.997633 55.8191 
0.997576 0.0193623 -0.066832 -80.0927 -0.0200885 0.999746 -0.0102102 0.140807 0.0666174 0.011528 0.997712 56.6706 
0.997559 0.0190535 -0.0671738 -80.1556 -0.0190555 0.999818 0.000610177 0.116112 0.0671732 0.000671345 0.997741 57.5269 
0.99746 0.0204347 -0.0682371 -80.2224 -0.0198258 0.999757 0.00958969 0.0923346 0.0684166 -0.00821248 0.997623 58.3777 
0.997263 0.0102704 -0.0732244 -80.3387 -0.0101214 0.999946 0.00240621 0.0591433 0.0732451 -0.00165849 0.997313 60.0426 
0.996859 0.0111795 -0.0784089 -80.474 -0.0112999 0.999935 -0.0010923 0.0182673 0.0783917 0.00197488 0.996921 61.6957 
0.996204 0.013562 -0.0859821 -80.6209 -0.0142963 0.999866 -0.00793028 -0.0263229 0.0858631 0.00912941 0.996265 63.3279 
0.995532 0.0201808 -0.0922393 -80.7781 -0.0213344 0.999706 -0.0115371 -0.0838 0.0919793 0.0134534 0.99567 64.9451 
0.994672 0.0264446 -0.099644 -80.9452 -0.0270643 0.999622 -0.00487164 -0.136047 0.0994775 0.00754247 0.995011 66.5593 
0.994252 0.0274951 -0.103473 -81.0341 -0.0274247 0.999622 0.00210305 -0.157383 0.103491 0.000746751 0.99463 67.3635 
0.993751 0.0268536 -0.10834 -81.1234 -0.0264261 0.999636 0.00537975 -0.175582 0.108445 -0.00248314 0.994099 68.16 
0.993035 0.0264096 -0.114823 -81.2192 -0.025899 0.999647 0.00593664 -0.191357 0.114939 -0.0029215 0.993368 68.9488 
0.992384 0.0238864 -0.120844 -81.3169 -0.0229016 0.999692 0.00953191 -0.204217 0.121035 -0.00669179 0.992626 69.7395 
0.991573 0.0240792 -0.127291 -81.4216 -0.0230402 0.999688 0.00962869 -0.217481 0.127483 -0.00661474 0.991819 70.5203 
0.990675 0.0287854 -0.133169 -81.5423 -0.0278125 0.999571 0.0091609 -0.230556 0.133376 -0.00537172 0.991051 71.2919 
0.988986 0.0296895 -0.145002 -81.7834 -0.0296372 0.999557 0.00252178 -0.255072 0.145013 0.00180345 0.989428 72.8219 
0.988134 0.0315395 -0.150319 -81.9109 -0.0315983 0.999499 0.00199841 -0.269177 0.150307 0.00277514 0.988636 73.5847 
0.98738 0.033261 -0.154838 -82.0491 -0.0327716 0.999447 0.00571307 -0.283652 0.154942 -0.000566675 0.987923 74.3434 
0.986403 0.0342725 -0.160731 -82.1866 -0.0330078 0.9994 0.0105326 -0.297589 0.160996 -0.00508404 0.986942 75.1012 
0.984229 0.0318763 -0.174004 -82.4671 -0.0305841 0.999481 0.0101029 -0.327379 0.174235 -0.00462187 0.984693 76.5947 
0.981124 0.0263237 -0.191577 -82.7656 -0.0268476 0.99964 -0.000139223 -0.354245 0.191504 0.00527999 0.981478 78.0692 
0.978975 0.0271753 -0.20216 -82.9303 -0.0269444 0.999629 0.00389451 -0.375398 0.202191 0.00163444 0.979345 78.8078 
0.976612 0.0261093 -0.213418 -83.1012 -0.0248666 0.999655 0.00850582 -0.386632 0.213566 -0.00299991 0.976924 79.5441 
0.97394 0.0283865 -0.225023 -83.2841 -0.0252529 0.99954 0.0167922 -0.399493 0.225396 -0.0106721 0.974209 80.281 
0.971288 0.0294913 -0.236073 -83.4673 -0.0250568 0.999449 0.0217632 -0.408391 0.236585 -0.0152231 0.971491 81.0106 
0.968319 0.0326325 -0.247575 -83.6579 -0.0292331 0.999421 0.0173951 -0.417823 0.247999 -0.00960666 0.968713 81.7257 
0.965169 0.0312082 -0.259759 -83.8564 -0.0303378 0.999513 0.00736023 -0.425895 0.259862 0.000776652 0.965646 82.4307 
0.961807 0.0292648 -0.27216 -84.0574 -0.0296725 0.999556 0.00261808 -0.427494 0.272116 0.0055576 0.962248 83.1404 
0.95831 0.0272858 -0.284425 -84.2658 -0.0265438 0.999627 0.00646376 -0.428874 0.284495 0.00135544 0.958677 83.8624 
0.954814 0.0293558 -0.295751 -84.4928 -0.0260938 0.999547 0.0149715 -0.43695 0.296057 -0.00657769 0.955148 84.5842 
0.951107 0.030689 -0.307332 -84.7275 -0.0255208 0.999457 0.0208221 -0.44244 0.307804 -0.0119607 0.951375 85.303 
0.94703 0.0268037 -0.320026 -84.9651 -0.0218672 0.99958 0.0190098 -0.444697 0.320401 -0.0110048 0.947218 86.0117 
0.94307 0.0246838 -0.331677 -85.2123 -0.0212329 0.999676 0.0140248 -0.447748 0.331915 -0.00618395 0.943289 86.7156 
0.937107 0.0171454 -0.348622 -85.7267 -0.0177563 0.999841 0.00144336 -0.463307 0.348591 0.00483764 0.937262 88.118 
0.934311 0.0167085 -0.356067 -85.9963 -0.0180697 0.999837 -0.000496857 -0.472599 0.356 0.00689823 0.93446 88.8208 
0.931265 0.0218043 -0.363691 -86.2803 -0.023622 0.999721 -0.00055042 -0.487271 0.363577 0.00910369 0.93152 89.5211 
0.928143 0.023116 -0.371505 -86.5691 -0.0239884 0.99971 0.00227356 -0.489633 0.37145 0.00680163 0.928428 90.2155 
0.924933 0.0231385 -0.379424 -86.8604 -0.0217864 0.999732 0.00785732 -0.483398 0.379505 0.000998811 0.925189 90.9181 
0.919344 0.0341653 -0.391969 -87.4763 -0.0270971 0.999355 0.0235524 -0.482503 0.392521 -0.0110316 0.919677 92.3185 
0.914224 0.0385621 -0.40337 -88.1179 -0.0361556 0.999254 0.0135831 -0.468056 0.403593 0.0021661 0.914936 93.687 
0.910397 0.0304994 -0.412611 -88.749 -0.031529 0.999494 0.00431395 -0.46318 0.412533 0.00908182 0.910897 95.0682 
0.905783 0.0400625 -0.421843 -89.4164 -0.0373637 0.999194 0.014666 -0.473654 0.422091 0.00247739 0.90655 96.4657 
0.901237 0.0346344 -0.43194 -90.085 -0.0347835 0.999366 0.00755711 -0.484703 0.431928 0.00821366 0.901871 97.8498 
0.899002 0.0315128 -0.43681 -90.4266 -0.0349525 0.999389 0.000162878 -0.48759 0.436548 0.0151212 0.899554 98.5347 
0.896625 0.031889 -0.441642 -90.7749 -0.0363848 0.999336 -0.00171091 -0.495814 0.441294 0.0176031 0.89719 99.2195 
0.894591 0.0356695 -0.44546 -91.131 -0.0382188 0.999264 0.00326188 -0.506482 0.445248 0.0141069 0.895296 99.9095 
0.892477 0.0370555 -0.449569 -91.487 -0.0387538 0.999234 0.00542802 -0.517229 0.449426 0.0125782 0.893229 100.595 
0.890132 0.0380447 -0.454112 -91.84 -0.0394624 0.999201 0.00635855 -0.526198 0.453991 0.0122604 0.890922 101.277 
0.887887 0.0367334 -0.458593 -92.1962 -0.0381681 0.999252 0.00614271 -0.534938 0.458476 0.0120496 0.888625 101.954 
0.883611 0.034349 -0.46696 -92.9148 -0.0356371 0.999346 0.00607605 -0.551172 0.466863 0.0112722 0.884258 103.296 
0.881392 0.0352232 -0.47107 -93.2832 -0.0365877 0.999311 0.00626414 -0.558967 0.470966 0.0117142 0.882074 103.96 
0.879058 0.0363721 -0.475326 -93.6505 -0.0374799 0.999272 0.00715015 -0.565996 0.47524 0.0115298 0.879781 104.619 
0.876676 0.0332801 -0.479928 -94.0151 -0.0363065 0.999336 0.00297737 -0.576757 0.479709 0.0148143 0.877303 105.267 
0.872263 0.0282158 -0.488223 -94.7482 -0.0348094 0.999384 -0.00443336 -0.598078 0.487797 0.0208618 0.872708 106.547 
0.870281 0.0297818 -0.491654 -95.1234 -0.0347966 0.999394 -0.00105582 -0.605007 0.491324 0.0180267 0.87079 107.188 
0.866942 0.0364111 -0.497077 -95.8645 -0.0319704 0.999337 0.0174429 -0.621003 0.497383 0.000769751 0.867531 108.453 
0.865437 0.0362553 -0.499704 -96.2232 -0.0286162 0.999327 0.0229443 -0.625131 0.5002 -0.00555724 0.865892 109.068 
0.863873 0.0327762 -0.502642 -96.574 -0.0248149 0.999438 0.0225228 -0.624599 0.503098 -0.00698386 0.864201 109.668 
0.862107 0.0308285 -0.505787 -96.9208 -0.024713 0.999518 0.0187993 -0.626205 0.506123 -0.00370747 0.862453 110.248 
0.860488 0.0290169 -0.508644 -97.2634 -0.024202 0.999578 0.0160802 -0.627327 0.508896 -0.00152656 0.860827 110.814 
0.858979 0.0276131 -0.511266 -97.6008 -0.0231945 0.999618 0.0150196 -0.627085 0.511486 -0.00104295 0.859291 111.365 
0.856391 0.0261587 -0.515665 -98.2417 -0.0211646 0.999655 0.0155615 -0.632462 0.515894 -0.00241286 0.856649 112.423 
0.853874 0.0250178 -0.519879 -98.8435 -0.0184278 0.999671 0.0178398 -0.636794 0.520154 -0.00565274 0.854054 113.406 
0.851446 0.0220055 -0.52398 -99.3968 -0.0152594 0.999736 0.0171899 -0.640081 0.52422 -0.00664064 0.851557 114.302 
0.848738 0.0200409 -0.528433 -99.9188 -0.0174487 0.999799 0.00989245 -0.65604 0.528525 0.000824364 0.848917 115.114 
0.84402 0.0123116 -0.536171 -100.399 -0.00947306 0.999923 0.00804815 -0.658588 0.536229 -0.00171361 0.844071 115.861 
0.837097 0.0167107 -0.546799 -100.865 -0.0124535 0.999856 0.0114915 -0.664724 0.546912 -0.00280992 0.837185 116.529 
0.829718 0.0282966 -0.557465 -101.306 -0.0188768 0.999565 0.0226416 -0.671392 0.557863 -0.00826299 0.829892 117.127 
0.820025 0.0279734 -0.571643 -101.693 -0.0142921 0.999494 0.0284081 -0.672146 0.572149 -0.0151254 0.82001 117.657 
0.795283 0.0248611 -0.605728 -102.229 -0.00716598 0.999475 0.0316133 -0.675323 0.606196 -0.0208009 0.795043 118.326 
0.770117 0.0259329 -0.637375 -102.576 -0.00898164 0.999515 0.029815 -0.681909 0.63784 -0.0172364 0.769976 118.681 
0.726131 0.0199039 -0.687268 -103.068 -0.0129043 0.999799 0.0153211 -0.685597 0.687435 -0.0022564 0.726242 119.116 
0.694265 0.0262648 -0.71924 -103.418 -0.0237922 0.999625 0.0135377 -0.681989 0.719326 0.00771352 0.69463 119.367 
0.656813 0.0239531 -0.753673 -103.773 -0.0175566 0.99971 0.0164724 -0.672655 0.753849 0.00241266 0.657044 119.624 
0.6122 0.0303386 -0.790121 -104.148 -0.0206147 0.999536 0.022407 -0.662419 0.790435 0.00257054 0.612541 119.838 
0.563474 0.0376485 -0.825275 -104.534 -0.0241906 0.999285 0.02907 -0.65587 0.825779 0.00358372 0.563982 120.029 
0.512298 0.0455865 -0.857597 -104.931 -0.0311237 0.99892 0.0345065 -0.65151 0.858244 0.00901404 0.513163 120.185 
0.456135 0.0491052 -0.888555 -105.344 -0.032335 0.998732 0.038595 -0.651238 0.889323 0.0111269 0.457145 120.328 
0.390984 0.0424059 -0.91942 -105.802 -0.0309924 0.998978 0.0328958 -0.646722 0.919876 0.0156333 0.391898 120.452 
0.312447 0.0393274 -0.949121 -106.341 -0.0291044 0.99907 0.031816 -0.632082 0.949489 0.0176828 0.313301 120.554 
0.269708 0.0378632 -0.962197 -106.641 -0.0280472 0.999112 0.0314541 -0.625165 0.962534 0.0185035 0.270531 120.599 
0.17498 0.033233 -0.984011 -107.279 -0.0247639 0.999263 0.0293445 -0.604701 0.984261 0.0192333 0.175674 120.64 
0.12544 0.0329907 -0.991553 -107.63 -0.0236647 0.999262 0.0302535 -0.593768 0.991819 0.0196698 0.126128 120.643 
0.0212254 0.0366384 -0.999103 -108.347 -0.0181886 0.999177 0.0362547 -0.578058 0.999609 0.0174028 0.0218743 120.591 
-0.0855996 0.0405926 -0.995502 -109.103 -0.00879714 0.9991 0.0414957 -0.565109 0.996291 0.0123096 -0.0851655 120.465 
-0.189808 0.0439476 -0.980837 -109.894 -0.00163756 0.998982 0.0450775 -0.549816 0.98182 0.0101623 -0.189543 120.253 
-0.287748 0.0466861 -0.956568 -110.736 0.00827955 0.998895 0.0462613 -0.527119 0.95767 0.00539166 -0.287817 119.969 
-0.334616 0.0480961 -0.941127 -111.16 0.0139959 0.99884 0.0460694 -0.514543 0.942251 0.00224364 -0.334901 119.776 
-0.421496 0.0512977 -0.905378 -112.042 0.0239414 0.99868 0.0454383 -0.486064 0.906514 -0.00252402 -0.422167 119.325 
-0.460736 0.0521632 -0.886003 -112.497 0.0271672 0.998632 0.0446669 -0.470144 0.887122 -0.00349053 -0.461523 119.062 
-0.495229 0.0526351 -0.867166 -112.96 0.0287039 0.998609 0.0442209 -0.451811 0.868288 -0.00299157 -0.496051 118.769 
-0.524411 0.0523444 -0.849855 -113.421 0.0290676 0.998627 0.0435712 -0.433277 0.850969 -0.00185399 -0.525213 118.447 
-0.547837 0.050992 -0.83503 -113.899 0.0279061 0.998699 0.0426783 -0.414091 0.83612 7.83176e-05 -0.548547 118.107 
-0.566302 0.0489896 -0.82274 -114.379 0.0266704 0.998798 0.0411154 -0.400553 0.823766 0.00134094 -0.566928 117.749 
-0.580474 0.0483462 -0.812842 -114.876 0.0255914 0.998826 0.0411326 -0.384654 0.813877 0.00307464 -0.58103 117.376 
-0.591839 0.0492088 -0.804553 -115.385 0.0265831 0.998783 0.0415338 -0.368547 0.805618 0.00319384 -0.592427 116.989 
-0.601691 0.0503047 -0.797143 -115.907 0.0278224 0.998729 0.0420254 -0.35118 0.798244 0.00310792 -0.602326 116.588 
-0.609654 0.0516992 -0.79098 -116.439 0.0291462 0.998658 0.0428086 -0.33342 0.792131 0.00304443 -0.610343 116.171 
-0.616069 0.0517393 -0.785991 -116.978 0.0286151 0.998652 0.0433092 -0.314504 0.787172 0.00419022 -0.616719 115.737 
-0.621749 0.0515974 -0.781515 -117.527 0.0282051 0.998655 0.0434943 -0.293981 0.782709 0.0049998 -0.622368 115.292 
-0.626279 0.0519751 -0.777864 -118.086 0.0286257 0.998635 0.0436792 -0.273294 0.779073 0.00508852 -0.626913 114.835 
-0.629618 0.0527617 -0.775111 -118.66 0.0295996 0.998596 0.0439307 -0.251332 0.776341 0.00471656 -0.630296 114.366 
-0.632035 0.0539167 -0.773062 -119.24 0.030844 0.998536 0.044425 -0.228354 0.774326 0.00423377 -0.632772 113.887 
-0.633139 0.0542466 -0.772134 -119.835 0.031288 0.99852 0.0444957 -0.204377 0.773405 0.00401347 -0.633899 113.395 
-0.633912 0.0539788 -0.77152 -120.439 0.0315885 0.998536 0.0439075 -0.181612 0.77276 0.00346238 -0.634689 112.893 
-0.634722 0.0534643 -0.770889 -121.057 0.0319131 0.998566 0.0429786 -0.157509 0.772081 0.00267797 -0.635518 112.381 
-0.635337 0.0530563 -0.770411 -121.687 0.0326217 0.99859 0.0418683 -0.132212 0.771546 0.00146841 -0.636172 111.858 
-0.636155 0.0537193 -0.769689 -122.328 0.0327952 0.998554 0.042587 -0.105071 0.770864 0.00184985 -0.636997 111.322 
-0.637138 0.0546719 -0.768809 -122.97 0.0315319 0.998495 0.0448739 -0.0753563 0.770105 0.00434885 -0.637903 110.773 
-0.638403 0.0557645 -0.767679 -123.626 0.0304908 0.998421 0.0471695 -0.0473664 0.769098 0.00670604 -0.639096 110.213 
-0.639529 0.0559943 -0.766725 -124.285 0.0306605 0.998408 0.0473401 -0.0186765 0.768155 0.00676719 -0.640228 109.65 
-0.640546 0.0548365 -0.765959 -124.956 0.0315544 0.998484 0.0450954 0.0111099 0.767271 0.00471627 -0.641305 109.08 
-0.641387 0.0543291 -0.765291 -125.637 0.0325312 0.998518 0.043622 0.0422184 0.766527 0.00308276 -0.642204 108.501 
-0.642318 0.0553091 -0.76444 -126.332 0.0347568 0.998469 0.0430374 0.0713343 0.76565 0.00107424 -0.643257 107.914 
-0.643104 0.0568659 -0.763664 -127.037 0.0372923 0.998381 0.042939 0.0992912 0.76487 -0.00086452 -0.644184 107.318 
-0.644344 0.0548737 -0.762764 -127.745 0.0371831 0.998491 0.0404217 0.125042 0.763831 -0.0023165 -0.645412 106.713 
-0.645479 0.0516576 -0.762029 -128.462 0.0370478 0.998653 0.0363168 0.148435 0.762879 -0.0047897 -0.646524 106.101 
-0.646378 0.0451899 -0.761678 -129.919 0.0328136 0.998967 0.0314219 0.183594 0.762311 -0.00468294 -0.647194 104.852 
-0.646361 0.0472091 -0.76157 -131.413 0.030546 0.998885 0.0359949 0.21447 0.76242 2.79727e-06 -0.647083 103.574 
-0.646469 0.052406 -0.761138 -132.923 0.0331167 0.998625 0.04063 0.251366 0.762221 0.00105968 -0.647316 102.303 
-0.646555 0.0541881 -0.760941 -134.436 0.0342257 0.99853 0.0420265 0.29001 0.762099 0.00112872 -0.647459 101.03 
-0.646772 0.0540514 -0.760766 -135.946 0.0325547 0.998533 0.0432678 0.329842 0.761989 0.00321792 -0.647582 99.7511 
-0.646906 0.0548849 -0.760592 -136.71 0.0321177 0.998483 0.0447342 0.347864 0.761894 0.0045103 -0.647687 99.1085 
-0.647002 0.0558729 -0.760438 -137.469 0.0323621 0.998425 0.0458242 0.368016 0.761801 0.00503896 -0.647791 98.4694 
-0.647489 0.0559165 -0.760021 -138.227 0.0325183 0.998423 0.0457528 0.389982 0.761381 0.00490985 -0.648286 97.8278 
-0.647972 0.0556854 -0.759626 -138.99 0.033466 0.998442 0.0446452 0.414807 0.760929 0.00350723 -0.648826 97.1827 
-0.648753 0.0556719 -0.75896 -139.748 0.0340835 0.998445 0.0441046 0.434391 0.760235 0.00274502 -0.649642 96.5461 
-0.64939 0.056168 -0.758379 -140.511 0.0345999 0.998418 0.0443187 0.452956 0.759668 0.00254031 -0.650306 95.9042 
-0.6502 0.0556578 -0.757721 -141.266 0.0340512 0.998446 0.0441207 0.47261 0.758999 0.00288598 -0.651085 95.2626 
-0.650778 0.0547025 -0.757295 -142.021 0.033376 0.998498 0.0434442 0.491274 0.758534 0.00299706 -0.651626 94.6204 
-0.651269 0.0534743 -0.75696 -142.77 0.0326684 0.998565 0.0424351 0.511181 0.758143 0.002908 -0.652082 93.9789 
-0.651203 0.0527717 -0.757067 -143.529 0.0318228 0.998601 0.0422351 0.527413 0.758236 0.00341159 -0.651971 93.337 
-0.651161 0.0511472 -0.757215 -144.286 0.0285564 0.998671 0.0428999 0.544563 0.758403 0.00631143 -0.651756 92.6907 
-0.650382 0.0503642 -0.757936 -145.041 0.0270853 0.998703 0.0431212 0.561296 0.759124 0.00751634 -0.650903 92.0489 
-0.649414 0.0486111 -0.75888 -145.794 0.0260374 0.998791 0.0416973 0.577964 0.75999 0.00731949 -0.649894 91.4105 
-0.648061 0.0460318 -0.760196 -146.548 0.0241288 0.998912 0.0399171 0.593759 0.761206 0.00752608 -0.648466 90.774 
-0.646586 0.0463408 -0.761432 -147.307 0.0249224 0.998904 0.0396299 0.608649 0.762434 0.00664743 -0.647032 90.1393 
-0.645534 0.048899 -0.762165 -148.07 0.0261722 0.998778 0.0419125 0.625037 0.763283 0.00710846 -0.646025 89.5032 
-0.644256 0.0546489 -0.762855 -148.833 0.0289606 0.998472 0.0470697 0.64681 0.764262 0.0082322 -0.644854 88.8715 
-0.643266 0.0616048 -0.763161 -149.601 0.031718 0.998046 0.0538306 0.671683 0.764986 0.0104214 -0.643963 88.237 
-0.642712 0.0639303 -0.763436 -150.359 0.0320902 0.997884 0.0565474 0.696756 0.765436 0.0118448 -0.643403 87.6068 
-0.642551 0.0603254 -0.763864 -151.113 0.0323132 0.998143 0.051646 0.725626 0.765561 0.00850228 -0.643307 86.9781 
-0.642611 0.0564515 -0.76411 -151.867 0.0321241 0.99839 0.0467437 0.753953 0.765519 0.00549169 -0.64339 86.3499 
-0.642443 0.056394 -0.764255 -152.622 0.0324978 0.998396 0.0463531 0.780696 0.765644 0.00494262 -0.643246 85.7189 
-0.64256 0.0583781 -0.764008 -153.379 0.0317136 0.998265 0.0496054 0.803951 0.765579 0.00764505 -0.643297 85.0854 
-0.642657 0.0604971 -0.763762 -154.132 0.0325891 0.998134 0.0516399 0.828824 0.765461 0.00829638 -0.643429 84.4568 
-0.643148 0.0598632 -0.763398 -154.882 0.0337857 0.998187 0.0498109 0.853667 0.764996 0.00624383 -0.644004 83.8321 
-0.643826 0.0587494 -0.762913 -155.629 0.0342907 0.998262 0.0479348 0.879699 0.764403 0.00470077 -0.644721 83.2061 
-0.64488 0.0625771 -0.761718 -157.119 0.0342553 0.998007 0.052988 0.932452 0.763516 0.00807804 -0.645739 81.9515 
-0.64592 0.0667706 -0.760479 -158.603 0.0361182 0.997725 0.0569236 0.992066 0.76255 0.009301 -0.646862 80.7035 
-0.646969 0.0652524 -0.759719 -160.059 0.0377734 0.997851 0.0535382 1.04991 0.76158 0.00594031 -0.648043 79.4646 
-0.646297 0.0611032 -0.760636 -161.5 0.033199 0.998097 0.0519704 1.1027 0.762364 0.00833596 -0.647095 78.2249 
-0.645263 0.0588557 -0.76169 -162.94 0.0300895 0.998212 0.0516416 1.1543 0.763368 0.0104035 -0.64588 76.9941 
-0.644118 0.0588866 -0.762656 -164.377 0.0291848 0.998198 0.0524248 1.20595 0.764369 0.0115098 -0.644676 75.7743 
-0.643194 0.0558603 -0.763663 -165.808 0.0275561 0.998378 0.0498202 1.25702 0.765208 0.0110005 -0.64369 74.5664 
-0.642033 0.0593925 -0.764373 -167.242 0.0314682 0.998196 0.0511292 1.30658 0.766031 0.00877321 -0.642744 73.3721 
-0.64149 0.0586315 -0.764888 -168.668 0.0324813 0.998257 0.049279 1.35105 0.766444 0.00676746 -0.642276 72.1911 
-0.640378 0.0557711 -0.766032 -170.084 0.0350806 0.998443 0.0433657 1.39673 0.767258 0.000897605 -0.641338 71.0356 
-0.639697 0.0549124 -0.766663 -171.472 0.030879 0.998475 0.0457509 1.41617 0.768007 0.00559288 -0.640417 69.9057 
-0.640027 0.0543797 -0.766426 -172.83 0.0309518 0.998507 0.0449992 1.43689 0.767729 0.00507845 -0.640755 68.8075 
-0.640084 0.0541778 -0.766393 -174.145 0.0309675 0.998519 0.0447236 1.46008 0.767681 0.00489359 -0.640814 67.7391 
-0.640235 0.0536696 -0.766302 -175.419 0.0298332 0.998541 0.0450098 1.48274 0.767599 0.00595557 -0.640902 66.6981 
-0.640616 0.0561424 -0.765806 -176.664 0.0304102 0.998396 0.047755 1.51043 0.767259 0.00730424 -0.641296 65.6842 
-0.640691 0.060236 -0.765432 -177.868 0.0319849 0.998146 0.0517772 1.53802 0.767132 0.00869089 -0.64143 64.6893 
-0.641009 0.063874 -0.764871 -179.008 0.035382 0.997931 0.0536844 1.56193 0.766717 0.00734947 -0.641943 63.7122 
-0.642102 0.0646334 -0.76389 -180.1 0.0361403 0.997884 0.0540534 1.58648 0.765767 0.00710058 -0.643079 62.7652 
-0.644741 0.0657581 -0.761568 -181.142 0.0396669 0.997829 0.0525764 1.61195 0.763371 0.0036891 -0.645949 61.8606 
-0.660487 0.069609 -0.747604 -182.622 0.0487099 0.997568 0.0498492 1.64854 0.749256 -0.00349088 -0.662272 60.5453 
-0.690927 0.0752175 -0.719001 -183.975 0.0565861 0.997148 0.0499389 1.68544 0.720707 -0.00618136 -0.693213 59.2357 
-0.720577 0.0807946 -0.688651 -184.812 0.0656615 0.996676 0.0482274 1.7137 0.690259 -0.0104663 -0.723487 58.3607 
-0.777831 0.0800376 -0.623356 -185.88 0.0638669 0.996789 0.0482919 1.7679 0.62522 -0.00224879 -0.780446 57.0003 
-0.820605 0.0763751 -0.566369 -186.455 0.0596027 0.997063 0.0480968 1.80753 0.568379 0.00571134 -0.822747 56.0661 
-0.866565 0.0737853 -0.49358 -186.945 0.0578016 0.997193 0.0475899 1.84288 0.495706 0.01271 -0.868397 55.1256 
-0.92832 0.0450983 -0.369037 -187.423 0.0335775 0.998729 0.0375853 1.88329 0.370263 0.0224999 -0.928655 53.6942 
-0.972942 0.0327689 -0.228713 -187.691 0.0266785 0.999204 0.0296715 1.90032 0.229503 0.0227669 -0.973042 52.2528 
-0.991151 0.0252387 -0.130318 -187.772 0.0211137 0.999234 0.0329392 1.90078 0.13105 0.0298962 -0.990925 51.291 
-0.999504 0.0100607 -0.0298432 -187.716 0.00881532 0.999097 0.0415744 1.90391 0.0302345 0.0412907 -0.99869 50.3304 
-0.99707 0.0205199 0.0736844 -187.605 0.0233596 0.999009 0.0378863 1.91388 -0.072834 0.0394966 -0.996562 49.4038 
-0.984399 0.0236261 0.17436 -187.386 0.0297517 0.999026 0.0326018 1.91604 -0.173419 0.0372806 -0.984142 48.5087 
-0.962004 0.0233154 0.272037 -187.092 0.0316297 0.999156 0.0262175 1.92192 -0.271197 0.0338258 -0.961929 47.6676 
-0.930352 0.0302166 0.36542 -186.714 0.0411683 0.998905 0.0222141 1.92272 -0.364349 0.0357107 -0.930577 46.8409 
-0.895342 0.0199405 0.444933 -186.243 0.0356454 0.999001 0.0269575 1.91064 -0.443951 0.039996 -0.895158 46.025 
-0.860872 0.0216448 0.508361 -185.744 0.0440724 0.998512 0.032119 1.9049 -0.50691 0.050055 -0.860545 45.2175 
-0.830958 0.0184972 0.556028 -185.19 0.0441156 0.998491 0.0327122 1.90399 -0.554584 0.051712 -0.83052 44.4335 
-0.808702 0.0161729 0.587996 -184.597 0.0422096 0.998641 0.0305854 1.90834 -0.586702 0.0495536 -0.808285 43.6515 
-0.793875 0.0136943 0.607927 -183.969 0.039107 0.998826 0.0285689 1.90916 -0.606822 0.0464543 -0.793479 42.859 
-0.783921 0.0143958 0.620694 -183.313 0.037667 0.998992 0.0244029 1.91491 -0.619717 0.0425096 -0.783673 42.0461 
-0.777446 0.0191698 0.628658 -182.625 0.0432314 0.9988 0.0230066 1.92857 -0.627462 0.0450642 -0.777342 41.2043 
-0.773695 0.015259 0.633374 -181.887 0.0364893 0.999124 0.0205028 1.93648 -0.632506 0.0389742 -0.773574 40.3447 
-0.772183 0.0136387 0.635254 -181.117 0.0352639 0.999149 0.0214136 1.95283 -0.634421 0.0389368 -0.772007 39.4325 
-0.772699 0.0185167 0.634502 -180.327 0.0414755 0.998911 0.0213578 1.95101 -0.633416 0.0428194 -0.772626 38.4615 
-0.773468 0.0212311 0.63348 -179.493 0.0359272 0.999301 0.010375 1.95089 -0.632816 0.0307839 -0.77369 37.4591 
-0.774269 0.0256118 0.632338 -178.624 0.0375256 0.999281 0.00547408 1.94689 -0.631743 0.0279673 -0.774673 36.3942 
-0.774807 0.0166221 0.63198 -177.684 0.0299301 0.999498 0.0104059 1.93763 -0.63149 0.0269778 -0.774915 35.2962 
-0.774361 0.011406 0.632641 -176.711 0.0253877 0.999592 0.013053 1.92319 -0.632234 0.026169 -0.774335 34.1427 
-0.774447 0.00905269 0.632574 -176.208 0.0250267 0.999553 0.0163352 1.92257 -0.632144 0.028482 -0.774328 33.5389 
-0.774876 0.00710628 0.632074 -175.696 0.0259685 0.999451 0.0205988 1.92374 -0.63158 0.0323756 -0.774635 32.9221 
-0.774782 0.00364008 0.632218 -175.172 0.023258 0.999471 0.0227481 1.92218 -0.6318 0.032329 -0.774457 32.2967 
-0.774453 0.00219111 0.632628 -174.639 0.0197152 0.999592 0.0206729 1.92144 -0.632325 0.0284826 -0.77418 31.665 
-0.774131 0.00540739 0.633002 -174.105 0.0207918 0.999641 0.016888 1.9271 -0.632684 0.0262348 -0.773966 31.022 
-0.77345 0.00717273 0.633817 -173.559 0.0234354 0.999576 0.0172864 1.93301 -0.633424 0.0282239 -0.77329 30.3633 
-0.77365 0.00478613 0.633595 -173.002 0.0252336 0.999411 0.023262 1.93837 -0.63311 0.0339845 -0.773315 29.696 
-0.77365 0.0058902 0.633586 -172.438 0.0287299 0.999254 0.0257915 1.94584 -0.632961 0.0381564 -0.773243 29.0236 
-0.773266 0.00708941 0.634042 -171.867 0.0300947 0.999221 0.0255304 1.95141 -0.633367 0.038823 -0.772877 28.3468 
-0.772982 0.011949 0.634316 -171.288 0.0334136 0.999202 0.0218955 1.95628 -0.633548 0.0381196 -0.772764 27.6606 
-0.772645 0.0179895 0.634583 -170.709 0.0374879 0.999147 0.0173196 1.95869 -0.63373 0.0371711 -0.772661 26.9633 
-0.772764 0.0200289 0.634377 -170.123 0.038107 0.999163 0.0148738 1.95106 -0.633548 0.0356681 -0.772881 26.2593 
-0.773545 0.019955 0.633427 -169.531 0.0371641 0.999212 0.0139066 1.94328 -0.632651 0.0342981 -0.773678 25.5462 
-0.77415 0.0174411 0.632761 -168.934 0.036187 0.999205 0.0167312 1.93667 -0.631967 0.0358502 -0.774166 24.8236 
