1 1.19763e-11 1.70464e-10 5.55111e-17 1.19763e-11 1 3.5625e-10 0 1.70464e-10 3.5625e-10 1 2.22045e-16 
0.999767 -0.00748725 0.0202482 0.0293455 0.00748664 0.999972 0.000106288 -0.0171107 -0.0202484 4.53279e-05 0.999795 0.87954 
0.999794 -0.0120807 -0.0163325 -0.0164274 0.0120071 0.999917 -0.00459982 -0.037508 0.0163867 0.00440276 0.999856 2.15227 
0.996997 -0.0055931 -0.077243 -0.103326 0.00514639 0.999969 -0.00598104 -0.0542051 0.077274 0.00556555 0.996994 3.24046 
0.990198 -0.0113122 -0.139212 -0.240073 0.0107432 0.999931 -0.00483817 -0.0650758 0.139257 0.00329517 0.990251 4.4109 
0.98367 -0.0100418 -0.1797 -0.49887 0.00918811 0.999942 -0.00558247 -0.0827909 0.179746 0.00384021 0.983706 5.67326 
0.978479 -0.0141627 -0.205858 -0.774974 0.0120142 0.99986 -0.0116829 -0.101037 0.205994 0.0089583 0.978512 7.04942 
0.972939 -0.0257182 -0.229627 -1.12497 0.0222098 0.999594 -0.0178503 -0.132378 0.229993 0.0122673 0.973115 8.54173 
0.966572 -0.019319 -0.255666 -1.55715 0.0126222 0.999534 -0.0278083 -0.17392 0.256084 0.0236517 0.966365 10.1278 
0.961511 -0.0260093 -0.273534 -1.87596 0.017782 0.999313 -0.0325147 -0.20578 0.274192 0.0263993 0.961313 11.233 
0.954631 -0.0253492 -0.296711 -2.42527 0.0128829 0.998953 -0.0438956 -0.282312 0.297513 0.0380816 0.953958 12.9551 
0.950266 -0.0275325 -0.310219 -3.04422 0.00653318 0.997628 -0.0685287 -0.394611 0.31137 0.0630938 0.948192 14.7818 
0.946102 -0.0246847 -0.322926 -3.72764 -0.00506114 0.995842 -0.0909511 -0.561623 0.323829 0.0876834 0.942044 16.7013 
0.941082 -0.0191917 -0.337632 -4.46568 -0.0175755 0.994264 -0.105504 -0.772204 0.33772 0.105222 0.935347 18.6885 
0.934772 -0.0169011 -0.354846 -5.27479 -0.0217076 0.994284 -0.104542 -1.02183 0.354584 0.105426 0.929062 20.8041 
0.926055 -0.0137111 -0.377138 -6.20125 -0.0235416 0.995295 -0.0939905 -1.26907 0.376653 0.0959189 0.921375 22.9903 
0.914798 -0.00611762 -0.403864 -7.19665 -0.0298908 0.996118 -0.0827951 -1.50951 0.402803 0.0878126 0.911065 25.2331 
0.903037 -0.00483161 -0.429536 -8.30198 -0.0323672 0.996329 -0.0792545 -1.73143 0.428342 0.0854726 0.899565 27.5302 
0.891686 -0.00244285 -0.452647 -9.50418 -0.0313415 0.997252 -0.0671228 -1.94664 0.451567 0.0740391 0.88916 29.8886 
0.88409 -0.00333394 -0.467306 -10.3533 -0.0286527 0.997706 -0.0613256 -2.07496 0.466438 0.0676069 0.881966 31.5002 
0.874761 -0.00416549 -0.484536 -11.7379 -0.0268342 0.998012 -0.0570252 -2.26284 0.48381 0.0628856 0.872911 33.9586 
0.869097 -0.00795019 -0.494578 -12.6612 -0.0235051 0.998078 -0.0573481 -2.38551 0.494083 0.0614661 0.867239 35.6668 
0.867117 -0.00874031 -0.498027 -13.6841 -0.0226578 0.998119 -0.0569664 -2.50477 0.497588 0.0606807 0.865288 37.4281 
0.865072 -0.0133257 -0.50147 -15.2341 -0.0171802 0.998274 -0.0561646 -2.69839 0.501353 0.0572018 0.86335 40.1385 
0.863011 -0.0145253 -0.504975 -16.3338 -0.0148698 0.998423 -0.0541318 -2.84263 0.504965 0.0542252 0.861435 41.9579 
0.853591 -0.01447 -0.520743 -17.9767 -0.0102283 0.998956 -0.0445242 -3.03391 0.520844 0.0433318 0.852552 44.685 
0.836511 -0.0211879 -0.547541 -19.7187 -0.00716167 0.998744 -0.0495892 -3.21895 0.547904 0.0454032 0.835308 47.3772 
0.821787 -0.0129479 -0.569648 -21.5728 -0.0130058 0.999055 -0.0414706 -3.39922 0.569647 0.0414887 0.820842 50.0109 
0.811696 -0.0194189 -0.583758 -23.4288 -0.0150941 0.998416 -0.0542004 -3.59327 0.583885 0.0528056 0.810117 52.5925 
0.802214 -0.0127208 -0.596901 -25.3421 -0.0156038 0.998985 -0.0422607 -3.77778 0.596833 0.0432161 0.801201 55.172 
0.791403 -0.0157564 -0.611091 -27.3064 -0.0168121 0.998729 -0.047524 -3.94369 0.611063 0.0478844 0.790132 57.7295 
0.782527 -0.0172872 -0.622376 -28.6507 -0.0151738 0.998788 -0.0468207 -4.07322 0.622431 0.0460823 0.781317 59.4239 
0.766116 -0.0210855 -0.642356 -30.7146 -0.0126132 0.998776 -0.0478284 -4.27164 0.642578 0.0447443 0.764913 61.9309 
0.755162 -0.024248 -0.65509 -32.1614 -0.0113004 0.998686 -0.0499928 -4.40092 0.655441 0.0451554 0.753895 63.5743 
0.743437 -0.0266736 -0.668274 -33.6592 -0.0101127 0.998642 -0.05111 -4.54461 0.66873 0.0447551 0.742157 65.2113 
0.731208 -0.0270668 -0.681618 -35.1746 -0.00834564 0.998783 -0.0486141 -4.68143 0.682104 0.0412356 0.730092 66.8037 
0.711022 -0.0306126 -0.702503 -37.4758 -0.00752805 0.998663 -0.0511376 -4.89002 0.70313 0.0416484 0.709841 69.239 
0.700766 -0.028496 -0.712822 -39.0908 -0.0103043 0.998693 -0.0500541 -5.03279 0.713317 0.0424213 0.699557 70.8447 
0.685806 -0.0331488 -0.727029 -41.5887 -0.0114928 0.998344 -0.0563605 -5.24826 0.727694 0.0470079 0.684289 73.1993 
0.669943 -0.0342541 -0.741622 -44.1475 -0.00973371 0.998444 -0.0549092 -5.47792 0.742348 0.0440048 0.668567 75.536 
0.660243 -0.0361594 -0.750181 -45.9119 -0.00854959 0.998414 -0.055649 -5.62909 0.751004 0.0431556 0.658886 77.0693 
0.646702 -0.0412961 -0.761624 -48.602 -0.00272336 0.998402 -0.0564468 -5.86848 0.762738 0.0385784 0.645556 79.3868 
0.630732 -0.0537625 -0.774136 -51.3611 0.00985811 0.998072 -0.0612826 -6.11977 0.775938 0.0310214 0.630046 81.6669 
0.605522 -0.0560339 -0.793854 -54.2672 0.0172922 0.998209 -0.0572684 -6.39973 0.795641 0.0209498 0.605406 83.8651 
0.585311 -0.0592886 -0.808638 -56.2289 0.0179027 0.998025 -0.0602159 -6.5485 0.810611 0.0207682 0.585216 85.3058 
0.555013 -0.0635688 -0.829409 -59.2717 0.0203477 0.997815 -0.06286 -6.81477 0.831593 0.0180116 0.555094 87.4122 
0.534779 -0.0636893 -0.842588 -61.3606 0.021062 0.99785 -0.0620574 -7.00443 0.844729 0.0154404 0.534971 88.7499 
0.504143 -0.0662702 -0.861074 -64.5788 0.0185366 0.997652 -0.0659287 -7.29432 0.863421 0.0172761 0.504188 90.6665 
0.485895 -0.0634251 -0.871713 -66.7922 0.0156043 0.997834 -0.0639037 -7.48762 0.873878 0.017448 0.485832 91.8966 
0.462389 -0.065118 -0.884283 -70.1479 0.0180048 0.997784 -0.0640615 -7.77099 0.886494 0.0137 0.462537 93.6922 
0.449441 -0.0708788 -0.890494 -72.4284 0.0214221 0.997416 -0.0685773 -7.9849 0.893053 0.0117452 0.449797 94.8226 
0.440069 -0.0750288 -0.894824 -74.7205 0.0251401 0.997142 -0.0712442 -8.19486 0.897612 0.00885637 0.440697 95.9233 
0.427162 -0.0701535 -0.901449 -78.1597 0.0316144 0.997535 -0.0626503 -8.51447 0.903622 -0.001737 0.428327 97.6166 
0.419052 -0.0678207 -0.905426 -81.5424 0.0352435 0.99767 -0.0584187 -8.80648 0.907278 -0.00742994 0.420465 99.2162 
0.414441 -0.0703288 -0.907355 -83.7703 0.040324 0.997449 -0.0588938 -8.96152 0.909182 -0.0121802 0.41622 100.239 
0.411806 -0.0696702 -0.908604 -85.979 0.0463925 0.997383 -0.0554512 -9.1257 0.91009 -0.0193173 0.413961 101.151 
0.410983 -0.0721538 -0.908783 -88.1517 0.0498843 0.997149 -0.0566104 -9.30677 0.910277 -0.0220681 0.413411 102.075 
0.410604 -0.0738705 -0.908817 -90.252 0.0497492 0.997043 -0.058565 -9.49653 0.910456 -0.0211659 0.413065 103.014 
0.422378 -0.0734983 -0.903435 -93.3314 0.0436392 0.9972 -0.0607241 -9.76644 0.905369 -0.0137767 0.424403 104.426 
0.436621 -0.0726601 -0.896706 -95.3693 0.0409414 0.997305 -0.0608766 -9.92739 0.898713 -0.0101324 0.43842 105.358 
0.464556 -0.0728257 -0.882544 -98.3593 0.041997 0.997303 -0.060189 -10.1478 0.884547 -0.00910301 0.466362 106.763 
0.48365 -0.0755926 -0.871991 -100.275 0.0394682 0.997134 -0.0645501 -10.3001 0.874371 -0.00319623 0.485248 107.83 
0.507495 -0.0752501 -0.858363 -102.173 0.0363495 0.997162 -0.0659271 -10.469 0.860888 0.00225666 0.50879 108.907 
0.533299 -0.0695882 -0.84306 -104.035 0.0334753 0.997566 -0.0611659 -10.6461 0.845264 0.00439803 0.534331 110.036 
0.556889 -0.0685857 -0.827751 -105.849 0.0320702 0.997617 -0.0610845 -10.8118 0.829968 0.00747112 0.557761 111.196 
0.577301 -0.0716039 -0.813385 -107.568 0.0349063 0.997401 -0.0630284 -10.9742 0.815785 0.00799408 0.578301 112.431 
0.598925 -0.06886 -0.797839 -109.262 0.0335295 0.997579 -0.0609291 -11.1312 0.800103 0.00974079 0.599783 113.65 
0.618523 -0.0642192 -0.783138 -110.877 0.0330231 0.997899 -0.0557484 -11.2925 0.785073 0.00862003 0.619344 114.919 
0.639209 -0.0645219 -0.766321 -112.447 0.0309465 0.997825 -0.0582005 -11.4313 0.76841 0.0134873 0.639816 116.181 
0.657471 -0.0617955 -0.750941 -113.947 0.0307721 0.998002 -0.0551845 -11.5884 0.752851 0.0131742 0.658059 117.51 
0.682867 -0.0587888 -0.728173 -116.12 0.0309376 0.99819 -0.0515757 -11.8033 0.729887 0.0126914 0.68345 119.438 
0.697747 -0.0552977 -0.714206 -117.494 0.0300083 0.998397 -0.0479844 -11.9318 0.715715 0.0120489 0.698288 120.741 
0.712164 -0.0508549 -0.700169 -118.772 0.0279811 0.998636 -0.0440729 -12.0465 0.701456 0.0117956 0.712616 122.036 
0.727474 -0.0479808 -0.684456 -119.994 0.0260161 0.998764 -0.0423628 -12.1526 0.685642 0.0130109 0.727822 123.317 
0.746213 -0.0406325 -0.664466 -121.176 0.0227326 0.999109 -0.0355668 -12.2581 0.665318 0.0114354 0.746472 124.601 
0.776961 -0.0383472 -0.62838 -122.849 0.0194294 0.999128 -0.0369487 -12.3921 0.629249 0.0164986 0.777029 126.533 
0.807349 -0.0330722 -0.589146 -124.36 0.0182071 0.999349 -0.0311487 -12.5211 0.589793 0.0144212 0.807426 128.517 
0.825805 -0.0291093 -0.563204 -125.307 0.0179667 0.999518 -0.0253164 -12.608 0.563669 0.0107875 0.82593 129.899 
0.841817 -0.0277513 -0.539049 -126.245 0.0193926 0.999588 -0.0211759 -12.6865 0.539414 0.00737269 0.842008 131.286 
0.862849 -0.0233688 -0.504921 -127.589 0.0158781 0.999691 -0.0191339 -12.788 0.505212 0.00849252 0.862954 133.432 
0.87984 -0.0241635 -0.474655 -128.836 0.0171595 0.999671 -0.0190832 -12.8809 0.47496 0.00864534 0.879965 135.654 
0.891455 -0.0210207 -0.452621 -130.061 0.0158999 0.999759 -0.0151155 -12.9634 0.45283 0.00627819 0.891575 137.955 
0.898345 -0.0137916 -0.439075 -130.882 0.0114823 0.999903 -0.00791486 -13.005 0.439141 0.00206869 0.898416 139.556 
0.905483 -0.00743916 -0.424318 -131.697 0.00663506 0.999972 -0.00337252 -13.0394 0.424331 0.000238386 0.905507 141.198 
0.91222 -0.00538748 -0.409665 -132.482 0.0066409 0.999977 0.00163696 -13.065 0.409647 -0.00421381 0.912234 142.919 
0.919279 -0.00704687 -0.393545 -133.267 0.00882723 0.999957 0.0027141 -13.0792 0.393509 -0.00596892 0.919302 144.674 
0.931272 -0.0122288 -0.364119 -134.41 0.012688 0.999919 -0.00113101 -13.1066 0.364103 -0.00356664 0.931352 147.431 
0.942219 -0.00756538 -0.334911 -135.101 0.00786212 0.999969 -0.000469683 -13.1266 0.334904 -0.00219057 0.94225 149.33 
0.955006 0.000395615 -0.296586 -135.758 0.000999851 0.999989 0.00455341 -13.154 0.296584 -0.00464507 0.954995 151.319 
0.967205 0.00679803 -0.253906 -136.354 -0.00516083 0.999961 0.00711363 -13.1735 0.253944 -0.00556998 0.967203 153.357 
0.97769 0.0138122 -0.209598 -136.861 -0.0113117 0.99985 0.0131241 -13.178 0.209747 -0.0104604 0.9777 155.454 
0.986522 0.0254743 -0.161631 -137.312 -0.0226215 0.999555 0.0194664 -13.162 0.162055 -0.0155477 0.986659 157.472 
0.992635 0.0240636 -0.118726 -137.591 -0.0222436 0.999614 0.0166313 -13.1403 0.11908 -0.013868 0.992788 159.742 
0.996824 0.025739 -0.0753594 -137.864 -0.0245286 0.999556 0.0169442 -13.1237 0.075762 -0.015042 0.997012 162.069 
0.998941 0.0308587 -0.0341181 -138.017 -0.0302351 0.999369 0.0186444 -13.1014 0.0346719 -0.0175931 0.999244 164.452 
0.99934 0.0354851 0.00777993 -138.057 -0.0356272 0.999185 0.0189637 -13.0806 -0.00710066 -0.0192283 0.99979 166.9 
0.998117 0.03826 0.0479358 -137.973 -0.0390891 0.9991 0.0164788 -13.0556 -0.0472622 -0.0183215 0.998714 169.389 
0.995415 0.0404631 0.0866678 -137.834 -0.0415794 0.999073 0.0111134 -13.0561 -0.0861378 -0.014666 0.996175 171.897 
0.991308 0.0417779 0.124749 -137.573 -0.0427773 0.99907 0.00534204 -13.0506 -0.12441 -0.010632 0.992174 174.458 
0.986008 0.0444342 0.160669 -137.186 -0.0438304 0.999012 -0.00730213 -13.0784 -0.160834 0.000157799 0.986981 177.04 
0.980071 0.0456007 0.193345 -136.676 -0.0430035 0.99892 -0.017611 -13.1091 -0.193939 0.00894549 0.980973 179.626 
0.972337 0.0467358 0.228857 -136.151 -0.0430288 0.99885 -0.021164 -13.1714 -0.229583 0.010731 0.97323 182.273 
0.963975 0.0450789 0.262144 -135.464 -0.0392233 0.998851 -0.0275302 -13.2688 -0.263084 0.0162563 0.964636 184.934 
0.954057 0.0490925 0.295576 -134.722 -0.0413301 0.998618 -0.0324566 -13.3685 -0.296761 0.0187493 0.954768 187.629 
0.943168 0.0524709 0.328148 -133.855 -0.0428088 0.998412 -0.0366045 -13.4998 -0.329548 0.0204766 0.943917 190.286 
0.930686 0.0536539 0.361862 -132.869 -0.0408119 0.998239 -0.0430449 -13.6631 -0.363535 0.025293 0.931237 192.978 
0.915934 0.0558273 0.397428 -131.817 -0.0371721 0.997822 -0.0544966 -13.8381 -0.399605 0.035142 0.916014 195.663 
0.894765 0.063761 0.441961 -130.5 -0.0418412 0.99737 -0.0591799 -14.0576 -0.444572 0.0344599 0.89508 198.294 
0.868753 0.0718457 0.490007 -129.062 -0.0454865 0.996815 -0.0655101 -14.2899 -0.493152 0.0346234 0.869254 200.882 
0.838671 0.0791078 0.538863 -127.578 -0.0481253 0.996289 -0.0713594 -14.5353 -0.542509 0.0339141 0.839365 203.457 
0.807893 0.0823427 0.583549 -125.913 -0.044377 0.995879 -0.0790878 -14.8006 -0.587657 0.0379984 0.808218 205.943 
0.776266 0.0865813 0.624432 -124.092 -0.0403784 0.995318 -0.0878105 -15.093 -0.629111 0.0429508 0.776128 208.334 
0.744673 0.0893825 0.661418 -122.135 -0.0368317 0.994985 -0.0929922 -15.4122 -0.666413 0.0448876 0.74423 210.646 
0.716414 0.0896113 0.691897 -119.987 -0.0311977 0.99484 -0.0965438 -15.7778 -0.696978 0.0475797 0.715513 212.843 
0.688768 0.0923058 0.719082 -117.807 -0.0247603 0.994278 -0.103915 -16.1314 -0.724559 0.0537689 0.687112 214.955 
0.659734 0.0945567 0.745526 -115.548 -0.0213084 0.994007 -0.107216 -16.4962 -0.751197 0.0548479 0.657796 217.008 
0.625894 0.0969729 0.773856 -113.242 -0.0229225 0.994098 -0.106032 -16.858 -0.779571 0.0486263 0.624423 219.007 
0.591445 0.0990815 0.800235 -110.846 -0.0267505 0.994287 -0.103337 -17.2411 -0.805901 0.0397115 0.590716 220.839 
0.556416 0.105177 0.82422 -108.426 -0.0279568 0.993764 -0.107939 -17.6082 -0.830434 0.0370165 0.555887 222.546 
0.515232 0.105508 0.850532 -106.001 -0.0301865 0.994012 -0.10502 -17.9852 -0.856519 0.028435 0.515331 224.179 
0.473048 0.102766 0.875023 -103.514 -0.0299148 0.994475 -0.100623 -18.3388 -0.880529 0.0214234 0.473509 225.627 
0.432446 0.101009 0.895984 -100.988 -0.0264192 0.994698 -0.0993868 -18.6805 -0.901273 0.0193083 0.432822 226.887 
0.390877 0.100756 0.914912 -98.4839 -0.0212019 0.994713 -0.100486 -19.0133 -0.920199 0.0198798 0.390947 228.05 
0.350488 0.0976756 0.93146 -95.9593 -0.01415 0.994986 -0.0990128 -19.351 -0.93646 0.0215226 0.350113 229.047 
0.31068 0.10255 0.944966 -93.4505 -0.0129764 0.994528 -0.103662 -19.6698 -0.950426 0.0199435 0.310311 229.93 
0.274316 0.118704 0.954285 -90.9912 -0.0140589 0.992741 -0.119447 -20.0119 -0.961537 0.01935 0.273994 230.672 
0.234814 0.12408 0.964089 -88.5367 -0.0187866 0.992213 -0.123124 -20.3756 -0.971859 0.0107992 0.235317 231.342 
0.196012 0.12462 0.97265 -86.0992 -0.0239069 0.992204 -0.122308 -20.7273 -0.98031 0.000720837 0.197463 231.889 
0.159786 0.12252 0.979519 -83.6836 -0.021918 0.992464 -0.120564 -21.0731 -0.986908 -0.0022047 0.161267 232.345 
0.121389 0.127028 0.984443 -81.2976 -0.0244789 0.991859 -0.124966 -21.4023 -0.992303 -0.00892853 0.12351 232.728 
0.0857145 0.126008 0.988319 -78.9415 -0.0237824 0.991946 -0.124408 -21.7316 -0.996036 -0.012841 0.088021 232.99 
0.0570793 0.117621 0.991417 -76.5952 -0.0197705 0.992974 -0.116668 -22.0592 -0.998174 -0.0129415 0.0590037 233.154 
0.0340924 0.114944 0.992787 -74.3421 -0.0174182 0.993282 -0.114403 -22.3567 -0.999267 -0.0133923 0.0358655 233.256 
0.0200271 0.118961 0.992697 -72.1263 -0.0180208 0.992778 -0.118607 -22.6583 -0.999637 -0.0155138 0.0220262 233.302 
0.00894512 0.131461 0.991281 -69.9672 -0.0174479 0.99119 -0.131292 -22.9761 -0.999808 -0.0161213 0.01116 233.345 
0.000828139 0.125546 0.992087 -67.8276 -0.0184222 0.991921 -0.125509 -23.2893 -0.99983 -0.0181725 0.00313427 233.36 
-0.00191702 0.114336 0.99344 -64.68 -0.0161236 0.993309 -0.114352 -23.7146 -0.999868 -0.0162371 -6.06908e-05 233.37 
0.00316374 0.120461 0.992713 -61.6366 -0.0195452 0.992536 -0.120377 -24.1341 -0.999804 -0.019022 0.00549457 233.411 
0.0148011 0.124435 0.992117 -58.63 -0.0246396 0.99197 -0.124049 -24.5492 -0.999587 -0.0226093 0.0177483 233.476 
0.0272799 0.122474 0.992097 -56.6373 -0.0255002 0.992228 -0.121789 -24.8204 -0.999303 -0.0219763 0.030191 233.55 
0.0419672 0.12296 0.991524 -54.6795 -0.0234755 0.992246 -0.122055 -25.0906 -0.998843 -0.0181542 0.0445283 233.627 
0.0559016 0.121585 0.991006 -52.7205 -0.0246162 0.992424 -0.12037 -25.3572 -0.998133 -0.0176659 0.0584711 233.749 
0.0691773 0.118172 0.990581 -50.7696 -0.0255742 0.992843 -0.116656 -25.6176 -0.997277 -0.0172634 0.0717044 233.906 
0.0819565 0.121349 0.989221 -48.8451 -0.0266911 0.992471 -0.119537 -25.8699 -0.996278 -0.0166066 0.0845784 234.101 
0.101139 0.125301 0.98695 -45.9767 -0.0312663 0.991947 -0.122731 -26.2593 -0.994381 -0.0184454 0.104242 234.415 
0.121406 0.1217 0.985114 -43.1159 -0.0341275 0.99238 -0.118392 -26.641 -0.992016 -0.019246 0.124634 234.757 
0.13509 0.122525 0.983229 -41.2252 -0.0342402 0.992309 -0.118952 -26.8936 -0.990242 -0.0175967 0.138246 235.036 
0.149859 0.124701 0.980812 -39.3523 -0.031862 0.992108 -0.121269 -27.147 -0.988194 -0.0130774 0.152649 235.361 
0.171241 0.127455 0.97695 -37.5046 -0.0304079 0.991808 -0.124063 -27.4065 -0.98476 -0.0084623 0.173714 235.667 
0.186809 0.125487 0.974349 -34.7517 -0.0375909 0.991995 -0.120552 -27.791 -0.981677 -0.0141064 0.190031 236.235 
0.195671 0.128276 0.972244 -31.9551 -0.0366003 0.991673 -0.123473 -28.1688 -0.979986 -0.0114242 0.198737 236.814 
0.201246 0.129121 0.970993 -30.0711 -0.0350716 0.991588 -0.124591 -28.428 -0.978913 -0.00898089 0.204082 237.225 
0.207787 0.127535 0.969824 -28.1796 -0.0353471 0.991795 -0.122851 -28.6921 -0.977535 -0.00875371 0.21059 237.655 
0.215782 0.122182 0.968767 -26.271 -0.0323418 0.99249 -0.11797 -28.9533 -0.975906 -0.00587583 0.218113 238.082 
0.226459 0.126094 0.965824 -24.3571 -0.0310657 0.992016 -0.122229 -29.2067 -0.973525 -0.00232412 0.228568 238.557 
0.240438 0.1242 0.962686 -22.4506 -0.0307937 0.992257 -0.120324 -29.4795 -0.970176 -0.000714208 0.242401 239.039 
0.258241 0.123587 0.958143 -20.5466 -0.0275873 0.992323 -0.12056 -29.7414 -0.965687 0.00470098 0.259668 239.566 
0.291492 0.12015 0.948998 -17.7204 -0.0260596 0.99271 -0.11768 -30.1296 -0.956218 0.00957216 0.292498 240.397 
0.31118 0.121821 0.942511 -15.8679 -0.0300399 0.992516 -0.118366 -30.3853 -0.949876 0.0085201 0.312511 241.04 
0.33116 0.124955 0.935264 -14.0218 -0.0341846 0.992131 -0.120448 -30.6433 -0.942955 0.00791609 0.332826 241.725 
0.349784 0.12338 0.92867 -12.1954 -0.0382044 0.992344 -0.11745 -30.9028 -0.936051 0.00560264 0.351819 242.427 
0.365759 0.121185 0.922786 -10.37 -0.0395718 0.992615 -0.114671 -31.1606 -0.929868 0.0054256 0.367853 243.148 
0.389398 0.121542 0.913015 -7.6796 -0.0441574 0.992579 -0.113301 -31.5438 -0.920011 0.00380258 0.391875 244.29 
0.415358 0.119583 0.901764 -5.04225 -0.0440716 0.992803 -0.111357 -31.9178 -0.90859 0.0065107 0.417639 245.475 
0.432008 0.114136 0.894618 -3.33362 -0.0442633 0.993448 -0.10537 -32.1558 -0.900783 0.00592177 0.43423 246.324 
0.448093 0.111649 0.886988 -1.6573 -0.048192 0.993745 -0.100741 -32.388 -0.892687 0.0023955 0.450671 247.227 
0.472158 0.109519 0.874684 0.820617 -0.0515276 0.993984 -0.0966422 -32.7094 -0.880007 0.000559942 0.474961 248.581 
0.496885 0.109687 0.860857 3.24206 -0.0522283 0.993962 -0.0965002 -33.0222 -0.866243 0.00298836 0.499613 249.983 
0.514235 0.105632 0.851119 4.84745 -0.0510758 0.994397 -0.0925552 -33.2226 -0.856127 0.00412347 0.516749 250.931 
0.525731 0.101263 0.844602 6.43182 -0.0519529 0.994858 -0.0869398 -33.4157 -0.849063 0.00182741 0.528289 251.928 
0.536138 0.0934503 0.838942 8.83137 -0.0535014 0.995617 -0.0767115 -33.6902 -0.842433 -0.00375666 0.538787 253.454 
0.541449 0.0951466 0.835332 11.2194 -0.0542372 0.995459 -0.0782297 -33.9364 -0.838982 -0.00294866 0.544151 255.012 
0.545588 0.091163 0.833081 13.6035 -0.0511101 0.995835 -0.0755008 -34.1941 -0.836494 -0.00138657 0.547975 256.609 
0.546472 0.0871681 0.832928 15.1728 -0.0523937 0.996179 -0.0698779 -34.3449 -0.835837 -0.00545386 0.548951 257.721 
0.548986 0.0829579 0.831705 16.7756 -0.0509751 0.996533 -0.0657514 -34.4986 -0.834276 -0.00629968 0.551311 258.798 
0.548341 0.0834303 0.832083 18.3506 -0.0539912 0.996467 -0.0643325 -34.6459 -0.83451 -0.00964903 0.550908 259.911 
0.549789 0.078392 0.831617 19.9826 -0.0528029 0.996857 -0.0590599 -34.7975 -0.833633 -0.0114412 0.552201 260.996 
0.55373 0.0727349 0.829514 21.6414 -0.0493215 0.997294 -0.0545227 -34.9432 -0.831235 -0.0107221 0.555818 262.052 
0.556305 0.0701456 0.828012 23.2821 -0.0498268 0.997454 -0.0510236 -35.0778 -0.829483 -0.0128725 0.558384 263.15 
0.560256 0.06638 0.825655 24.9091 -0.0492423 0.99769 -0.0467972 -35.204 -0.826854 -0.0144387 0.562231 264.253 
0.563856 0.0655039 0.823271 26.4894 -0.0508805 0.997711 -0.0445353 -35.3189 -0.824304 -0.016777 0.565898 265.395 
0.570546 0.0604554 0.819038 28.075 -0.0507563 0.997976 -0.0383063 -35.4243 -0.819696 -0.0197159 0.572459 266.538 
0.583114 0.0568048 0.810402 29.6671 -0.0467647 0.998245 -0.0363227 -35.5304 -0.811043 -0.0167179 0.584747 267.668 
0.594114 0.0593393 0.802189 31.2089 -0.0511978 0.998043 -0.035909 -35.6291 -0.80275 -0.0197363 0.595989 268.855 
0.607227 0.0540108 0.79269 32.7314 -0.051276 0.998271 -0.0287391 -35.7181 -0.792872 -0.0231948 0.608947 270.039 
0.621588 0.0524756 0.781585 34.2378 -0.0492116 0.998399 -0.0278949 -35.8028 -0.781797 -0.0211239 0.623175 271.271 
0.639634 0.0511247 0.766978 35.739 -0.0478177 0.9985 -0.0266789 -35.8914 -0.767191 -0.0196104 0.641119 272.539 
0.657961 0.0471904 0.751572 37.2372 -0.0464427 0.998678 -0.0220478 -35.9699 -0.751619 -0.0203985 0.659283 273.846 
0.675238 0.0452828 0.736208 38.6879 -0.0474815 0.998712 -0.0178796 -36.0393 -0.73607 -0.0228833 0.676519 275.204 
0.692758 0.0403124 0.720043 40.1406 -0.047856 0.998805 -0.0098766 -36.0932 -0.719581 -0.0276163 0.693859 276.603 
0.70973 0.0318321 0.703754 41.5628 -0.043822 0.999039 -0.000994223 -36.1452 -0.703109 -0.0301343 0.710443 278.057 
0.740287 0.0220697 0.671928 43.7101 -0.0329961 0.999449 0.00352569 -36.1964 -0.67148 -0.024781 0.740608 280.276 
0.767451 0.0159722 0.640909 45.7197 -0.0299356 0.999492 0.0109375 -36.2193 -0.640409 -0.02758 0.767539 282.676 
0.785239 0.0123624 0.619069 47.022 -0.0273263 0.999518 0.0147015 -36.2199 -0.61859 -0.0284611 0.785199 284.336 
0.805677 0.0161481 0.592135 48.9265 -0.0328913 0.999306 0.0175009 -36.2107 -0.591441 -0.0335761 0.805649 286.907 
0.821835 0.0220629 0.569298 50.757 -0.039483 0.999053 0.0182795 -36.2109 -0.568356 -0.0375004 0.821928 289.582 
0.835224 0.0288229 0.549153 52.5362 -0.0512774 0.998357 0.0255896 -36.1774 -0.547513 -0.0495322 0.83533 292.324 
0.841109 0.0338166 0.539807 53.7059 -0.0592202 0.997801 0.0297672 -36.1562 -0.537613 -0.0570049 0.841262 294.195 
0.843936 0.0444787 0.534597 54.8698 -0.0648629 0.997706 0.0193856 -36.1317 -0.532509 -0.0510358 0.844884 296.079 
0.845285 0.0498511 0.531986 56.0369 -0.0685232 0.997531 0.0154019 -36.1222 -0.529904 -0.0494724 0.846613 297.984 
0.846613 0.0491578 0.529933 57.2384 -0.0690383 0.997456 0.0177684 -36.117 -0.527712 -0.0516287 0.847853 299.892 
0.847966 0.0476296 0.527906 58.4317 -0.0663029 0.997663 0.0164883 -36.1149 -0.525887 -0.0489833 0.849143 301.819 
0.850133 0.0465155 0.524509 59.6274 -0.0635957 0.997869 0.0145821 -36.1161 -0.522713 -0.0457532 0.85128 303.757 
0.854052 0.042903 0.518416 60.802 -0.0603587 0.998035 0.0168412 -36.123 -0.516674 -0.0456742 0.854963 305.72 
0.862259 0.0409375 0.50481 61.9443 -0.0573016 0.998213 0.0169261 -36.1178 -0.503215 -0.0435211 0.863065 307.695 
0.873717 0.0392196 0.484851 63.0446 -0.0557842 0.998247 0.0197768 -36.1157 -0.483225 -0.0443264 0.874373 309.695 
0.886483 0.0402654 0.461007 64.1009 -0.0559635 0.998224 0.0204265 -36.1125 -0.459366 -0.0439073 0.887161 311.707 
0.903866 0.0387377 0.426058 65.5479 -0.0553371 0.998112 0.0266459 -36.0942 -0.424222 -0.0476612 0.904303 314.771 
0.914939 0.0401757 0.401588 66.4367 -0.0565584 0.997978 0.0290174 -36.082 -0.39961 -0.0492623 0.915361 316.837 
0.924929 0.0473673 0.377178 67.2673 -0.062796 0.997613 0.0287068 -36.0617 -0.374918 -0.050237 0.925696 318.914 
0.932207 0.0562744 0.357523 68.031 -0.0716761 0.996978 0.0299638 -36.0365 -0.354756 -0.0535583 0.933424 321.006 
0.93817 0.0568236 0.341479 69.1561 -0.0710481 0.997043 0.0292835 -35.9826 -0.338805 -0.0517343 0.939433 324.138 
0.941898 0.0531929 0.331661 69.8977 -0.0667296 0.997333 0.0295523 -35.9627 -0.329204 -0.0499668 0.942936 326.225 
0.945498 0.0514802 0.321534 70.6044 -0.0634142 0.997629 0.0267464 -35.9453 -0.319395 -0.0456785 0.94652 328.312 
0.949341 0.0539718 0.309579 71.2801 -0.0647179 0.997602 0.0245395 -35.9231 -0.307512 -0.0433316 0.950557 330.409 
0.955434 0.0546651 0.290099 72.2223 -0.0671236 0.997193 0.0331627 -35.8956 -0.287472 -0.0511572 0.956422 333.573 
0.958411 0.0531018 0.280407 72.811 -0.0635447 0.997578 0.028276 -35.8583 -0.278227 -0.0449185 0.959465 335.669 
0.960155 0.0488726 0.275161 73.3874 -0.0585562 0.997917 0.0270833 -35.8344 -0.273264 -0.0421166 0.961017 337.752 
0.957993 0.054361 0.281591 73.9585 -0.0653568 0.997417 0.0297979 -35.8201 -0.279244 -0.04695 0.959072 339.804 
0.950982 0.0605428 0.303263 74.5362 -0.0728993 0.996901 0.0295809 -35.7968 -0.300533 -0.0502386 0.952447 341.798 
0.942055 0.0559443 0.330762 75.4956 -0.0697773 0.997109 0.0300866 -35.7786 -0.328122 -0.0514229 0.943235 344.638 
0.939351 0.0520426 0.338986 76.1455 -0.0647947 0.997549 0.0264022 -35.7582 -0.336781 -0.0467654 0.940421 346.442 
0.940501 0.0496249 0.336148 76.7703 -0.0607513 0.997896 0.0226573 -35.7339 -0.334316 -0.0417306 0.941537 348.232 
0.946213 0.0433568 0.320625 77.3651 -0.0532309 0.998338 0.0220913 -35.733 -0.319134 -0.0379702 0.946949 350.024 
0.959691 0.0349055 0.278883 78.165 -0.0432074 0.998786 0.0236752 -35.7225 -0.277718 -0.0347706 0.960033 352.703 
0.975608 0.0310542 0.217311 78.7816 -0.0368423 0.999065 0.0226335 -35.7071 -0.216405 -0.0300877 0.97584 355.401 
0.985279 0.0328614 0.167768 79.0774 -0.0368271 0.99911 0.020581 -35.6884 -0.166943 -0.0264564 0.985612 357.215 
0.992843 0.0422068 0.111724 79.2657 -0.0444199 0.998862 0.0173922 -35.6768 -0.110863 -0.0222305 0.993587 359.095 
0.997874 0.0407245 0.0508844 79.3594 -0.0417873 0.998926 0.0200011 -35.6691 -0.0500153 -0.0220849 0.998504 360.924 
0.999097 0.0409691 -0.0112127 79.3498 -0.0407548 0.998994 0.018718 -35.6523 0.0119683 -0.0182442 0.999762 362.751 
0.995199 0.046697 -0.0860165 79.094 -0.045465 0.998834 0.0162274 -35.6315 0.086674 -0.0122387 0.996162 365.518 
0.990941 0.0632465 -0.118469 78.7102 -0.0605945 0.997827 0.025859 -35.5923 0.119847 -0.0184462 0.992621 368.331 
0.990304 0.067082 -0.121648 78.4515 -0.0658016 0.997727 0.0145174 -35.5736 0.122346 -0.006372 0.992467 370.227 
0.991099 0.0683789 -0.11422 78.0905 -0.0673031 0.997645 0.0132526 -35.5637 0.114857 -0.00544724 0.993367 373.156 
0.991724 0.062834 -0.11196 77.9062 -0.0626119 0.998023 0.00550197 -35.5577 0.112085 0.00155363 0.993697 375.151 
0.992318 0.0592438 -0.108607 77.6806 -0.0597539 0.998212 -0.00144553 -35.5841 0.108328 0.00792414 0.994084 377.193 
0.992249 0.0614998 -0.107975 77.3459 -0.0614608 0.998103 0.00369284 -35.6177 0.107998 0.00297203 0.994147 380.356 
0.9919 0.0672893 -0.10773 77.0764 -0.067322 0.997726 0.0033376 -35.6312 0.107709 0.00394203 0.994175 382.51 
0.991669 0.0672204 -0.109883 76.8168 -0.0675504 0.997716 0.000721532 -35.6458 0.109681 0.00670715 0.993944 384.697 
0.99146 0.0625966 -0.114407 76.551 -0.0635029 0.997972 -0.00429023 -35.6763 0.113906 0.0115188 0.993425 386.909 
0.990584 0.0533117 -0.126103 76.2795 -0.0539784 0.99854 -0.00187333 -35.7218 0.125819 0.00866253 0.992015 389.142 
0.98836 0.044915 -0.145355 75.9657 -0.0457654 0.998949 -0.00251072 -35.7619 0.145089 0.00913372 0.989376 391.364 
0.98562 0.0440183 -0.16314 75.5679 -0.0454659 0.998953 -0.00514832 -35.7974 0.162743 0.0124916 0.986589 393.551 
0.982459 0.0425004 -0.181571 75.1483 -0.0438797 0.99903 -0.00358451 -35.8452 0.181242 0.0114889 0.983371 395.757 
0.979032 0.0427404 -0.199172 74.6927 -0.044626 0.998991 -0.00498582 -35.8882 0.198758 0.0137695 0.979952 397.944 
0.975507 0.0427019 -0.215785 74.197 -0.0454786 0.998934 -0.00791684 -35.9307 0.215217 0.0175365 0.976409 400.104 
0.972258 0.0442065 -0.229697 73.6778 -0.0474598 0.998836 -0.00865584 -35.9809 0.229047 0.0193171 0.973224 402.251 
0.969828 0.0386666 -0.240703 73.1241 -0.0426493 0.999026 -0.0113564 -36.0314 0.24003 0.0212796 0.970532 404.375 
0.967199 0.0283065 -0.252436 72.5887 -0.034755 0.999173 -0.0211219 -36.0922 0.25163 0.0292026 0.967383 406.494 
0.964307 0.0245725 -0.263644 72.0163 -0.0304342 0.999372 -0.0181719 -36.1658 0.263031 0.0255471 0.964449 408.616 
0.961945 0.0235568 -0.272226 71.442 -0.0296019 0.999398 -0.0181202 -36.2282 0.271635 0.0254891 0.962063 410.744 
0.960488 0.0253169 -0.277168 70.8132 -0.0307654 0.999409 -0.0153258 -36.2956 0.276616 0.0232474 0.960699 412.869 
0.959708 0.0202703 -0.280267 70.1928 -0.0239174 0.999668 -0.00959849 -36.3493 0.279979 0.015915 0.959874 414.999 
0.959311 0.0116216 -0.282111 69.5699 -0.0146919 0.999854 -0.00877033 -36.3941 0.281968 0.0125582 0.959342 417.13 
0.958609 0.00497126 -0.284681 68.9451 -0.00804912 0.999921 -0.0096427 -36.4424 0.284611 0.011535 0.958574 419.274 
0.957855 0.00210672 -0.287243 68.298 -0.00478317 0.999951 -0.00861628 -36.4978 0.287211 0.00962708 0.957819 421.413 
0.957122 0.00565305 -0.289628 67.6271 -0.00723107 0.999964 -0.00437862 -36.5525 0.289593 0.0062852 0.957129 423.558 
0.956964 0.00994656 -0.290035 66.9434 -0.0102754 0.999947 0.000388986 -36.5935 0.290024 0.00260799 0.957016 425.691 
0.957295 0.0153857 -0.288702 66.2998 -0.0152226 0.99988 0.00281025 -36.6206 0.288711 0.00170457 0.957415 427.822 
0.958332 0.0155894 -0.285233 65.6441 -0.0141128 0.999874 0.00723196 -36.65 0.285309 -0.0029052 0.958431 429.945 
0.958905 0.0180811 -0.283151 65.0247 -0.0153317 0.999811 0.0119231 -36.67 0.283313 -0.00709198 0.959001 432.071 
0.959913 0.0212638 -0.279492 64.3737 -0.0182511 0.999744 0.0133775 -36.6869 0.279704 -0.00774024 0.960055 434.178 
0.960707 0.0205849 -0.276801 63.7513 -0.0172781 0.999747 0.0143805 -36.6958 0.277027 -0.00903288 0.96082 436.273 
0.96127 0.0176437 -0.275044 63.1547 -0.0124559 0.99971 0.0205969 -36.697 0.275328 -0.0163733 0.961211 438.366 
0.961723 0.0142985 -0.273651 62.568 -0.0084853 0.999713 0.0224152 -36.6945 0.273892 -0.0192352 0.961568 440.436 
0.962364 0.00916206 -0.27161 61.9771 -0.00321961 0.999746 0.0223161 -36.683 0.271746 -0.0206018 0.962149 442.476 
0.962425 0.00327799 -0.271528 61.4033 0.00254505 0.999774 0.0210906 -36.6754 0.271536 -0.0209891 0.9622 444.501 
0.961837 -0.000456608 -0.273624 60.8754 0.00726241 0.999689 0.0238604 -36.6713 0.273528 -0.024937 0.961541 446.519 
0.961864 0.00175373 -0.273523 59.9976 0.00609968 0.999593 0.027859 -36.6563 0.273461 -0.028465 0.961462 449.472 
0.96185 0.00129217 -0.273574 59.4268 0.00656542 0.999592 0.0278045 -36.6429 0.273498 -0.0285399 0.961449 451.411 
0.961254 0.000236361 -0.275663 58.6056 0.00857993 0.999489 0.0307757 -36.6213 0.27553 -0.0319484 0.960761 454.298 
0.960769 0.00165289 -0.277343 58.0747 0.00718695 0.999498 0.0308537 -36.5857 0.277255 -0.0316365 0.960275 456.193 
0.960736 0.00501789 -0.277418 57.523 0.00480234 0.999386 0.0347079 -36.5689 0.277422 -0.0346774 0.960122 458.073 
0.960414 0.0070191 -0.278487 56.7088 0.00528677 0.999043 0.0434127 -36.5188 0.278525 -0.0431665 0.959458 460.855 
0.959033 0.0063309 -0.283224 55.881 0.00909345 0.998547 0.0531121 -36.4442 0.283149 -0.0535117 0.957582 463.607 
0.957507 0.00439087 -0.288378 55.0541 0.0124627 0.99832 0.0565806 -36.3518 0.288142 -0.0577702 0.955844 466.299 
0.957068 0.00197379 -0.289858 54.5219 0.0154211 0.998214 0.0577154 -36.2818 0.289455 -0.0597075 0.955328 468.079 
0.957596 0.00154027 -0.28811 53.9875 0.0158526 0.998189 0.0580259 -36.2183 0.287678 -0.0601327 0.955838 469.818 
0.9583 -0.00407313 -0.285735 53.459 0.0216381 0.998062 0.0583426 -36.1438 0.284944 -0.0620925 0.956531 471.519 
0.958221 -0.00535116 -0.28598 52.9719 0.0228673 0.998058 0.0579452 -36.0797 0.285115 -0.0620639 0.956482 473.187 
0.959001 -0.00662784 -0.283325 52.4804 0.0227045 0.99831 0.0534968 -36.0153 0.282491 -0.0577362 0.957531 474.789 
0.959755 -0.00603707 -0.280775 51.7828 0.021412 0.998432 0.0517235 -35.9488 0.280022 -0.0556538 0.958379 477.122 
0.96188 -0.00820287 -0.273349 51.0934 0.0226095 0.998513 0.049596 -35.8756 0.272535 -0.0538857 0.960636 479.416 
0.965609 -0.0102301 -0.259796 50.6438 0.0232294 0.998624 0.0470157 -35.8226 0.258958 -0.0514338 0.964518 480.934 
0.974161 -0.00281165 -0.225837 50.1035 0.0164068 0.998162 0.0583448 -35.7348 0.225258 -0.0605425 0.972416 483.257 
0.985205 -0.000378558 -0.17138 49.6799 0.0117818 0.997781 0.0655257 -35.6389 0.170975 -0.0665754 0.983024 485.584 
0.995148 -0.000518495 -0.0983915 49.4179 0.00752081 0.997461 0.0708104 -35.5303 0.098105 -0.0712068 0.992625 487.92 
0.998974 -0.00397383 -0.0451139 49.3459 0.00693925 0.997811 0.0657667 -35.4423 0.0447538 -0.0660123 0.996815 489.506 
0.999279 -0.00773646 0.0371768 49.3568 0.00528783 0.997837 0.065517 -35.3237 -0.0376033 -0.0652732 0.997159 491.868 
0.993291 -0.0152402 0.11463 49.5712 0.00754932 0.997709 0.0672299 -35.1976 -0.115392 -0.0659135 0.991131 494.23 
0.981886 -0.0217052 0.188225 50.016 0.00937096 0.997764 0.0661734 -35.0873 -0.18924 -0.0632109 0.979894 496.633 
0.96745 -0.0276343 0.251547 50.5958 0.012335 0.997988 0.0621956 -34.9779 -0.25276 -0.0570683 0.965845 499.022 
0.951822 -0.0278478 0.305383 51.3153 0.00986428 0.998133 0.0602745 -34.8623 -0.306491 -0.0543582 0.95032 501.414 
0.931213 -0.0280244 0.363395 52.1137 0.00647091 0.998154 0.060394 -34.78 -0.364417 -0.0538882 0.929675 503.833 
0.909554 -0.0336395 0.414222 53.1388 0.0084895 0.998015 0.0624086 -34.6612 -0.415499 -0.0532475 0.908034 506.208 
0.885876 -0.0312592 0.462869 54.2952 0.00664794 0.99848 0.0547076 -34.5473 -0.463875 -0.045387 0.884737 508.528 
0.855899 -0.0288009 0.516341 55.6105 0.000315026 0.998477 0.0551718 -34.4578 -0.517143 -0.0470588 0.854604 510.785 
0.814846 -0.0318129 0.578804 57.0875 -0.00296229 0.998251 0.0590374 -34.3604 -0.57967 -0.049821 0.813327 512.986 
0.764233 -0.0360699 0.64393 58.7426 -0.00266403 0.99825 0.0590789 -34.2695 -0.644934 -0.0468655 0.7628 515.026 
0.712083 -0.044679 0.700672 60.5439 0.0022157 0.998111 0.0613936 -34.1717 -0.702092 -0.0421649 0.710837 516.921 
0.666557 -0.0490059 0.743841 62.4586 0.00520422 0.998118 0.0610948 -34.0705 -0.745436 -0.036852 0.665558 518.676 
0.637688 -0.0514686 0.768574 63.7933 0.0033057 0.997939 0.0640857 -33.9968 -0.770288 -0.038326 0.636543 519.798 
0.607799 -0.0503306 0.792494 65.1685 0.00313151 0.998134 0.0609889 -33.9186 -0.794085 -0.0345873 0.606822 520.883 
0.577107 -0.0589724 0.814536 66.6421 0.00101847 0.997441 0.071493 -33.8507 -0.816668 -0.0404296 0.57569 521.88 
0.519494 -0.0621838 0.852209 68.8947 -0.0006864 0.997318 0.0731905 -33.7131 -0.854474 -0.0386069 0.518057 523.343 
0.455991 -0.0675047 0.887421 71.2973 0.00528928 0.997307 0.0731457 -33.5713 -0.889969 -0.02866 0.45512 524.606 
0.38738 -0.0724375 0.91907 73.8284 0.00934179 0.997166 0.0746552 -33.4166 -0.921873 -0.0203342 0.386958 525.702 
0.313901 -0.0684236 0.946987 76.4736 0.00361817 0.997479 0.0708725 -33.2595 -0.949449 -0.0188206 0.313358 526.665 
0.236766 -0.0700103 0.969041 79.2616 -0.000588862 0.99739 0.0722023 -33.1234 -0.971567 -0.0176657 0.236107 527.422 
0.156191 -0.0721772 0.985086 82.1357 0.00090735 0.997337 0.072931 -32.9649 -0.987727 -0.0104973 0.15584 527.955 
0.0804024 -0.0719843 0.99416 85.0954 0.0031923 0.997402 0.071961 -32.8135 -0.996757 -0.00261217 0.0804233 528.271 
0.0299854 -0.0748706 0.996742 87.1118 0.000760046 0.997192 0.0748815 -32.713 -0.99955 -0.00148778 0.0299581 528.366 
-0.0210844 -0.0795696 0.996606 89.1578 -0.00371015 0.996827 0.0795087 -32.5974 -0.999771 -0.00202116 -0.0213127 528.392 
-0.0951131 -0.075747 0.99258 92.2468 -0.00803471 0.997127 0.075324 -32.412 -0.995434 -0.000810798 -0.0954485 528.179 
-0.142996 -0.0748438 0.986889 94.322 -0.00634884 0.997185 0.0747048 -32.2974 -0.989703 0.00441687 -0.143069 527.896 
-0.188578 -0.0750927 0.979183 96.4115 -0.0025369 0.997106 0.0759786 -32.1844 -0.982055 0.0118438 -0.188223 527.514 
-0.229094 -0.0710151 0.97081 98.4982 -0.00328737 0.997386 0.0721834 -32.0718 -0.973399 0.0133454 -0.228729 527.057 
-0.273208 -0.0703282 0.959381 100.599 -0.00897231 0.997467 0.070565 -31.9585 -0.961913 0.0106711 -0.273147 526.55 
-0.334319 -0.0661126 0.940138 103.728 -0.0165392 0.997794 0.0642856 -31.8042 -0.942315 0.00594272 -0.334675 525.563 
-0.3891 -0.0688372 0.91862 106.833 -0.0209686 0.997608 0.0658745 -31.6454 -0.920957 0.00636962 -0.389612 524.342 
-0.421866 -0.0640187 0.904395 109.903 -0.0128999 0.997827 0.0646151 -31.4865 -0.906567 0.0155922 -0.421775 522.945 
-0.43266 -0.0601134 0.899551 111.956 -0.00235555 0.997847 0.0655491 -31.3762 -0.901554 0.0262416 -0.43187 521.959 
-0.438154 -0.0601387 0.896886 114.028 0.00464693 0.997595 0.0691617 -31.2708 -0.898888 0.0344713 -0.436821 520.966 
-0.441371 -0.0671336 0.89481 117.18 0.00265106 0.997096 0.0761152 -31.0884 -0.897321 0.0359672 -0.439911 519.444 
-0.44451 -0.0704387 0.893 119.309 0.00347682 0.99676 0.0803539 -30.96 -0.895767 0.0388229 -0.442825 518.41 
-0.446729 -0.0656682 0.892256 121.474 0.00523496 0.997094 0.0760051 -30.8122 -0.894654 0.0386246 -0.445087 517.359 
-0.449292 -0.063905 0.891096 123.546 0.00718816 0.997147 0.0751347 -30.6834 -0.893356 0.0401628 -0.447551 516.343 
-0.451898 -0.0680589 0.88947 125.735 0.00544285 0.996857 0.079041 -30.5377 -0.892053 0.0405597 -0.450107 515.271 
-0.455063 -0.0722408 0.887524 127.936 0.00235183 0.996603 0.0823253 -30.3852 -0.890456 0.0395505 -0.453348 514.185 
-0.457295 -0.0725507 0.886351 130.148 0.00112868 0.996619 0.0821588 -30.2204 -0.889315 0.0385712 -0.455666 513.066 
-0.459913 -0.0692856 0.885257 132.389 0.000868767 0.996916 0.0784761 -30.0778 -0.887964 0.0368612 -0.458434 511.985 
-0.459227 -0.0727869 0.885332 134.638 -0.000989891 0.996679 0.0814277 -29.9242 -0.888318 0.0365174 -0.457774 510.814 
-0.459058 -0.0700438 0.885641 136.91 -0.00299009 0.997003 0.0773014 -29.7649 -0.888401 0.0328377 -0.457892 509.664 
-0.458124 -0.063668 0.886605 139.212 -0.00216305 0.997508 0.0705143 -29.6134 -0.888886 0.0303865 -0.45712 508.498 
-0.458653 -0.0688449 0.885945 141.557 -0.00132204 0.997046 0.0767939 -29.4648 -0.888615 0.0340505 -0.457389 507.305 
-0.459092 -0.0690292 0.885703 143.924 -0.00381352 0.997121 0.0757361 -29.3084 -0.88838 0.0313922 -0.458034 506.109 
-0.459084 -0.0707176 0.885574 146.314 -0.00466834 0.997005 0.0771959 -29.1552 -0.88838 0.0313053 -0.458039 504.894 
-0.45971 -0.0682588 0.885442 148.732 -0.00189183 0.997115 0.0758855 -28.9977 -0.888067 0.0332102 -0.458513 503.656 
-0.460597 -0.0671401 0.885067 151.162 -0.000697059 0.997162 0.0752808 -28.8508 -0.887609 0.0340572 -0.459336 502.397 
-0.462908 -0.0707374 0.883579 153.636 -0.00374812 0.996958 0.0778506 -28.689 -0.886398 0.0327259 -0.461765 501.168 
-0.463081 -0.0709194 0.883474 156.121 -0.0110272 0.997177 0.0742667 -28.5311 -0.886247 0.0246492 -0.462556 499.903 
-0.463708 -0.0758038 0.88274 158.609 -0.0194552 0.996964 0.0753928 -28.367 -0.885775 0.0177864 -0.463775 498.62 
-0.464213 -0.0729675 0.882713 161.109 -0.0165657 0.997142 0.0737147 -28.2106 -0.885568 0.0195966 -0.464095 497.325 
-0.464306 -0.0709164 0.882831 163.617 -0.00870234 0.997106 0.0755191 -28.0748 -0.885632 0.0273813 -0.463579 496.029 
-0.464288 -0.0730219 0.882669 166.123 -0.00822653 0.996908 0.0781455 -27.9152 -0.885646 0.0290207 -0.463453 494.727 
-0.464188 -0.0738097 0.882656 168.637 -0.00899618 0.996863 0.0786289 -27.7562 -0.885691 0.0285581 -0.463396 493.444 
