1 1.19763e-11 1.70464e-10 5.55111e-17 1.19763e-11 1 3.5625e-10 0 1.70464e-10 3.5625e-10 1 2.22045e-16 
0.99985 -0.00613003 0.0161689 0.05831 0.00611558 0.999981 0.000943178 -0.00938093 -0.0161744 -0.000844155 0.999869 0.579218 
0.999805 -0.00878973 0.0176706 0.0355457 0.00883391 0.999958 -0.00242377 -0.00739312 -0.0176486 0.0025794 0.999841 1.1816 
0.999923 -0.0123204 -0.00114212 0.0341126 0.0123134 0.999907 -0.00592653 -0.0116455 0.00121503 0.00591201 0.999982 1.82095 
0.999374 -0.00472403 -0.0350672 -0.0629929 0.0044974 0.999969 -0.00653884 -0.0172113 0.035097 0.00637704 0.999364 2.5066 
0.997263 -0.000366821 -0.0739374 -0.148626 -0.00024601 0.999966 -0.00827924 -0.0240834 0.0739379 0.00827477 0.997229 3.23621 
0.993278 -0.0031691 -0.115707 -0.223525 0.00237863 0.999973 -0.00696908 -0.027018 0.115726 0.00664702 0.993259 4.01304 
0.988949 0.000616199 -0.148255 -0.389562 -0.00141677 0.999985 -0.0052944 -0.0431471 0.14825 0.00544593 0.988935 4.8162 
0.984798 0.000849219 -0.1737 -0.559788 -0.00191175 0.99998 -0.00594983 -0.0617835 0.173692 0.00619145 0.984781 5.67017 
0.981393 -0.0026995 -0.191991 -0.736065 0.000778201 0.999949 -0.0100819 -0.0779148 0.192008 0.00974495 0.981345 6.57559 
0.97783 -0.00395658 -0.209363 -0.921436 0.000958325 0.999896 -0.0144203 -0.0941087 0.209398 0.0139 0.977732 7.53353 
0.974157 -0.0149671 -0.225374 -1.14027 0.0113133 0.999783 -0.017495 -0.115776 0.225587 0.0144931 0.974115 8.53582 
0.970346 -0.0104925 -0.241492 -1.43486 0.00483381 0.9997 -0.0240129 -0.145084 0.241672 0.0221335 0.970106 9.57798 
0.965934 -0.0102107 -0.258587 -1.75074 0.00286732 0.999582 -0.0287595 -0.178256 0.258773 0.0270383 0.96556 10.6723 
0.961484 -0.0121281 -0.274594 -2.08509 0.00314154 0.999446 -0.0331429 -0.226803 0.274844 0.0310037 0.960989 11.7951 
0.956978 -0.01166 -0.289926 -2.46145 -0.000536452 0.999119 -0.0419525 -0.27677 0.29016 0.0403032 0.956129 12.9596 
0.953959 -0.0136372 -0.299627 -2.85765 -0.00382765 0.998331 -0.0576246 -0.34364 0.299912 0.0561184 0.952315 14.1673 
0.951617 -0.0121038 -0.307048 -3.29724 -0.0115571 0.997107 -0.0751241 -0.431224 0.307069 0.075038 0.948724 15.4139 
0.948615 -0.00980153 -0.316282 -3.75226 -0.0192178 0.995891 -0.0885018 -0.551246 0.315849 0.0900324 0.944528 16.7211 
0.94532 -0.00697216 -0.326069 -4.23166 -0.0269364 0.994687 -0.0993613 -0.690133 0.325029 0.102711 0.94011 18.0295 
0.941758 -0.00326095 -0.336275 -4.74547 -0.0335579 0.994051 -0.10362 -0.843917 0.334612 0.10887 0.936046 19.4112 
0.937299 -0.00263828 -0.348518 -5.29185 -0.0348003 0.994266 -0.101118 -1.0107 0.346786 0.106906 0.931832 20.8366 
0.931676 -0.00193857 -0.363285 -5.88454 -0.0353663 0.994752 -0.096008 -1.17788 0.361565 0.102296 0.926718 22.2973 
0.925013 0.00400602 -0.379913 -6.52971 -0.0392109 0.995611 -0.0849724 -1.33649 0.377906 0.0934974 0.921111 23.7976 
0.917587 0.00848622 -0.397443 -7.19636 -0.0432994 0.995958 -0.0787006 -1.48963 0.395169 0.0894237 0.914246 25.3095 
0.910091 0.0097452 -0.414295 -7.91692 -0.045512 0.996027 -0.0765483 -1.62978 0.411903 0.0885213 0.906918 26.8407 
0.902414 0.0103177 -0.430746 -8.6552 -0.0459339 0.99632 -0.0723667 -1.76152 0.428414 0.0850906 0.899567 28.3914 
0.895036 0.0136818 -0.445784 -9.46505 -0.046309 0.996978 -0.0623796 -1.88754 0.443583 0.0764758 0.892964 29.992 
0.888114 0.0144403 -0.459396 -10.3377 -0.0451144 0.997419 -0.0558638 -2.02489 0.457404 0.0703388 0.886473 31.5966 
0.88167 0.0141818 -0.471653 -11.2208 -0.0443022 0.997621 -0.0528182 -2.13598 0.469782 0.0674635 0.880201 33.2433 
0.876124 0.0119298 -0.481938 -12.1414 -0.0418743 0.997799 -0.0514248 -2.24753 0.480264 0.0652354 0.874695 34.9277 
0.872194 0.00999808 -0.489058 -13.0771 -0.0407524 0.997801 -0.0522799 -2.36502 0.487459 0.0655285 0.870683 36.6509 
0.871357 0.0106255 -0.490534 -14.0879 -0.0401481 0.997957 -0.0497 -2.48167 0.489004 0.0630005 0.870004 38.4408 
0.870451 0.00676278 -0.492209 -15.1336 -0.035972 0.998106 -0.0499012 -2.60523 0.49094 0.0611422 0.869045 40.2545 
0.867776 0.00416761 -0.496938 -16.2039 -0.0327109 0.998275 -0.0487493 -2.71795 0.495878 0.0585587 0.866416 42.0993 
0.862741 0.00387238 -0.505632 -17.2879 -0.0284184 0.998761 -0.0408402 -2.83913 0.504847 0.0496038 0.861782 43.9401 
0.853855 0.000517993 -0.52051 -18.4053 -0.0257267 0.998819 -0.0412086 -2.94648 0.519874 0.0485772 0.852861 45.7571 
0.841531 -0.00392634 -0.540195 -19.5651 -0.0233665 0.998773 -0.0436605 -3.05997 0.539703 0.0493641 0.840407 47.5668 
0.831103 0.00500312 -0.556097 -20.7891 -0.0286502 0.999017 -0.0338306 -3.16892 0.555381 0.0440489 0.830429 49.3399 
0.827137 0.00487483 -0.56198 -21.3983 -0.0299615 0.998923 -0.0354331 -3.21906 0.561201 0.0461458 0.826392 50.2131 
0.820789 0.000848127 -0.571231 -22.6244 -0.0333074 0.998369 -0.0463763 -3.33039 0.57026 0.0570914 0.819478 51.9445 
0.814514 0.00161862 -0.580142 -23.8775 -0.0329004 0.998516 -0.0434059 -3.45806 0.57921 0.0544416 0.813358 53.6772 
0.808722 0.00678822 -0.588151 -25.1653 -0.0339613 0.998804 -0.0351698 -3.56435 0.587209 0.0484169 0.807986 55.4028 
0.802098 0.00659706 -0.597156 -26.451 -0.0360713 0.998648 -0.0374183 -3.6582 0.596102 0.0515534 0.801252 57.1238 
0.793749 0.0022667 -0.608241 -27.7615 -0.03368 0.998623 -0.0402305 -3.76531 0.607312 0.0524184 0.792732 58.8317 
0.784203 0.00166153 -0.620502 -29.09 -0.0323816 0.998743 -0.0382502 -3.8796 0.619658 0.0500888 0.783272 60.5176 
0.773703 -0.000804372 -0.633549 -30.4687 -0.0318253 0.998687 -0.0401336 -3.98271 0.632749 0.0512143 0.772661 62.1943 
0.762772 -0.00404228 -0.646655 -31.8955 -0.0300093 0.998682 -0.0416408 -4.10017 0.645971 0.0511681 0.761645 63.8528 
0.749929 -0.00799847 -0.66147 -33.339 -0.0268731 0.998733 -0.0425436 -4.21835 0.660972 0.0496804 0.748764 65.5461 
0.743573 -0.00794944 -0.668607 -34.082 -0.0258703 0.998839 -0.0406467 -4.27867 0.668154 0.0475208 0.742504 66.3501 
0.737352 -0.00747988 -0.675468 -34.8396 -0.0263497 0.998859 -0.0398248 -4.33748 0.674995 0.0471632 0.736313 67.164 
0.731186 -0.00996919 -0.682106 -35.6143 -0.0241239 0.99889 -0.0404588 -4.39467 0.681752 0.046038 0.730134 67.9653 
0.718639 -0.0110005 -0.695296 -37.1913 -0.0249862 0.998821 -0.0416277 -4.51441 0.694934 0.0472882 0.717517 69.5806 
0.708285 -0.0100742 -0.705855 -38.8073 -0.0261906 0.998835 -0.0405363 -4.63183 0.705441 0.047198 0.707195 71.1895 
0.697992 -0.0131291 -0.715985 -40.4453 -0.0265502 0.99867 -0.0441957 -4.74943 0.715613 0.0498578 0.696715 72.7924 
0.687723 -0.0166313 -0.725783 -42.1223 -0.0262601 0.998513 -0.0477639 -4.86315 0.725498 0.0519074 0.686264 74.3733 
0.677509 -0.0162939 -0.735334 -43.8362 -0.0248028 0.99868 -0.0449817 -4.99778 0.735096 0.0487139 0.67621 75.9557 
0.66778 -0.0183467 -0.744133 -45.5905 -0.0230543 0.998707 -0.0453121 -5.13497 0.744002 0.047414 0.666493 77.5082 
0.659373 -0.0198273 -0.751555 -47.3791 -0.0207772 0.99879 -0.0445786 -5.27299 0.751529 0.0450092 0.658163 79.0703 
0.651367 -0.0273967 -0.758268 -49.1873 -0.0153326 0.998669 -0.0492535 -5.4034 0.758608 0.0437084 0.65008 80.6176 
0.640367 -0.0348944 -0.767276 -51.0372 -0.00646778 0.998687 -0.0508167 -5.54613 0.768041 0.0375039 0.639301 82.156 
0.622522 -0.0402742 -0.781565 -52.9088 0.00212139 0.998758 -0.0497765 -5.69464 0.782599 0.029329 0.621834 83.6824 
0.605049 -0.0379746 -0.795282 -54.854 0.0015135 0.998915 -0.0465466 -5.84413 0.796187 0.0269593 0.60445 85.1613 
0.586014 -0.0414535 -0.80924 -56.8507 0.00134154 0.998739 -0.0501891 -5.9882 0.8103 0.0283259 0.58533 86.5918 
0.566048 -0.0438907 -0.823203 -58.8824 0.00496986 0.998745 -0.0498327 -6.13877 0.824357 0.0241165 0.565556 88.0014 
0.555184 -0.0442745 -0.830548 -59.9039 0.00712138 0.998799 -0.0484832 -6.21909 0.831697 0.0210024 0.554832 88.7054 
0.534219 -0.0459404 -0.844097 -62.0022 0.00719376 0.998733 -0.0498037 -6.36622 0.845316 0.0205338 0.533872 90.0517 
0.512779 -0.0478482 -0.857186 -64.1437 0.00609171 0.998623 -0.0520991 -6.52747 0.858499 0.0214936 0.512364 91.3626 
0.494971 -0.0453144 -0.867727 -66.3423 0.00389283 0.998745 -0.0499359 -6.68006 0.868901 0.0213389 0.494526 92.6087 
0.479589 -0.0440297 -0.876388 -68.5707 0.00457683 0.998852 -0.0476777 -6.83021 0.877481 0.0188547 0.47924 93.8231 
0.463526 -0.0512078 -0.884603 -70.7967 0.0106889 0.998579 -0.0522048 -6.98762 0.886019 0.0147428 0.463414 95.0462 
0.451402 -0.0579696 -0.890436 -73.0653 0.0151599 0.998242 -0.0573028 -7.1608 0.892192 0.0123676 0.451487 96.1917 
0.442716 -0.0564566 -0.894883 -75.3316 0.0196346 0.998387 -0.0532729 -7.33639 0.896447 0.00601411 0.44311 97.3153 
0.434473 -0.0546996 -0.899022 -77.6358 0.0261397 0.998499 -0.0481196 -7.51223 0.900306 -0.0025935 0.435251 98.4475 
0.428647 -0.0535884 -0.901882 -79.8883 0.0292676 0.998539 -0.0454214 -7.67152 0.902998 -0.00692619 0.429589 99.5337 
0.426071 -0.0523723 -0.903173 -81.0107 0.0303759 0.998588 -0.0435754 -7.75294 0.90418 -0.00886853 0.42706 100.074 
0.424306 -0.0536997 -0.903925 -82.1342 0.0331138 0.998493 -0.0437739 -7.82681 0.904913 -0.0113589 0.425444 100.585 
0.421379 -0.055299 -0.905197 -83.2346 0.0371915 0.998353 -0.043677 -7.88873 0.906122 -0.0152611 0.422742 101.092 
0.421258 -0.0540416 -0.905329 -84.3343 0.0377214 0.998403 -0.0420453 -7.94796 0.906156 -0.0164384 0.422624 101.573 
0.419738 -0.052536 -0.906124 -85.427 0.0359097 0.998503 -0.0412578 -8.00787 0.906935 -0.0152212 0.420996 102.057 
0.419353 -0.0536649 -0.906236 -86.5174 0.0374584 0.998424 -0.0417904 -8.07897 0.90705 -0.0164212 0.420702 102.524 
0.417538 -0.055769 -0.906946 -88.6422 0.0384332 0.998305 -0.0436929 -8.22547 0.907846 -0.0166134 0.418974 103.493 
0.412903 -0.0647905 -0.908467 -91.4444 0.047661 0.997637 -0.0494877 -8.39692 0.909527 -0.0228648 0.415016 105.324 
0.424685 -0.0648116 -0.903018 -93.4926 0.0445522 0.997722 -0.050656 -8.54877 0.904244 -0.0187186 0.426605 106.243 
0.432276 -0.0631987 -0.899524 -94.5111 0.0429734 0.997851 -0.0494557 -8.62356 0.900717 -0.0172771 0.434063 106.705 
0.451979 -0.0590956 -0.890069 -96.5161 0.0356996 0.998202 -0.0481468 -8.76497 0.891314 -0.0100138 0.453276 107.633 
0.461363 -0.0588927 -0.885255 -97.5 0.0352468 0.998223 -0.0480387 -8.83181 0.886511 -0.00903914 0.462619 108.14 
0.471468 -0.0596558 -0.879863 -98.4742 0.0342674 0.998195 -0.0493169 -8.90167 0.881217 -0.00689929 0.472662 108.648 
0.481647 -0.0611108 -0.874232 -99.4341 0.0323157 0.998126 -0.0519673 -8.96993 0.875769 -0.00322144 0.48272 109.174 
0.493555 -0.061351 -0.867548 -100.391 0.0292864 0.998116 -0.0539231 -9.0429 0.869222 0.0012066 0.494421 109.697 
0.505896 -0.0599126 -0.860511 -101.337 0.0268208 0.998195 -0.0537308 -9.10832 0.862178 0.00410262 0.50659 110.248 
0.519253 -0.0556556 -0.852806 -102.288 0.0226815 0.998423 -0.0513486 -9.18872 0.854319 0.00732 0.519697 110.787 
0.531313 -0.0530397 -0.845514 -103.207 0.0210643 0.998557 -0.0494036 -9.25295 0.846914 0.00843857 0.531663 111.372 
0.554158 -0.051959 -0.830788 -105.007 0.0193704 0.998585 -0.0495327 -9.39214 0.832186 0.0113562 0.55438 112.562 
0.576535 -0.0547054 -0.815239 -106.754 0.0219245 0.998433 -0.0514934 -9.53436 0.816778 0.011814 0.576831 113.762 
0.58702 -0.0541928 -0.807757 -107.601 0.0214336 0.998448 -0.05141 -9.60396 0.809289 0.0128656 0.58727 114.377 
0.597848 -0.0525526 -0.799885 -108.444 0.0215081 0.998541 -0.0495288 -9.67051 0.801321 0.0124067 0.598106 114.988 
0.61945 -0.0484349 -0.78354 -110.104 0.0203709 0.998751 -0.0456335 -9.78682 0.784772 0.0123063 0.619663 116.191 
0.641719 -0.0472621 -0.765482 -111.705 0.015936 0.998706 -0.0483023 -9.90915 0.766774 0.0187978 0.641642 117.409 
0.659291 -0.0458712 -0.750487 -113.186 0.0169854 0.998791 -0.0461266 -10.0348 0.751696 0.0176635 0.659273 118.733 
0.67615 -0.044266 -0.735433 -114.631 0.0187162 0.998903 -0.0429169 -10.1642 0.736526 0.0152538 0.676237 120.036 
0.691562 -0.0421108 -0.721089 -116.025 0.0164559 0.998959 -0.0425559 -10.2798 0.72213 0.0175639 0.691535 121.35 
0.706511 -0.0366248 -0.706754 -117.366 0.0146365 0.999203 -0.0371484 -10.387 0.707551 0.0159013 0.706484 122.649 
0.721717 -0.0339815 -0.691354 -118.639 0.0127852 0.999278 -0.0357699 -10.4877 0.69207 0.0169766 0.72163 123.93 
0.737958 -0.0286561 -0.674238 -119.826 0.0100143 0.999453 -0.0315174 -10.5826 0.674773 0.0165065 0.737841 125.222 
0.757506 -0.0225936 -0.652437 -120.982 0.0063791 0.999609 -0.0272097 -10.6721 0.652797 0.0164495 0.757354 126.533 
0.776571 -0.0225876 -0.629624 -122.026 0.00487855 0.999543 -0.0298411 -10.7494 0.63001 0.0201021 0.776327 127.849 
0.796996 -0.0199453 -0.603655 -123.065 0.00396755 0.999606 -0.0277895 -10.8246 0.603971 0.0197531 0.796761 129.173 
0.816682 -0.0167008 -0.576846 -124.043 0.0045644 0.999737 -0.0224822 -10.8992 0.57707 0.0157278 0.816543 130.535 
0.833689 -0.0143185 -0.552048 -124.98 0.00569029 0.999833 -0.0173394 -10.9672 0.552204 0.0113144 0.833632 131.929 
0.847999 -0.0136294 -0.529822 -125.885 0.00646298 0.999861 -0.0153767 -11.0292 0.529958 0.00961521 0.847969 133.334 
0.867676 -0.00964517 -0.497036 -127.181 0.0032553 0.999901 -0.0137207 -11.1121 0.497119 0.0102871 0.867622 135.496 
0.879013 -0.0107109 -0.476677 -128.003 0.00421836 0.999883 -0.0146884 -11.1631 0.476778 0.0109005 0.878956 136.983 
0.886811 -0.00949428 -0.462034 -128.805 0.00327133 0.999893 -0.0142678 -11.2152 0.46212 0.0111414 0.886747 138.509 
0.893438 -0.00366951 -0.449172 -129.627 0.000736554 0.999977 -0.00670426 -11.2541 0.449186 0.005659 0.89342 140.088 
0.900076 0.00222396 -0.435726 -130.418 -0.00335269 0.999993 -0.00182165 -11.2806 0.435719 0.00310048 0.900077 141.709 
0.909513 0.00522974 -0.415644 -131.571 -0.00354432 0.999982 0.00482635 -11.2971 0.415661 -0.00291645 0.909515 144.278 
0.916791 0.00432154 -0.399345 -132.366 -0.00220934 0.999981 0.00574932 -11.3043 0.399362 -0.00438863 0.916783 146.04 
0.924305 -0.000496821 -0.381654 -133.115 0.00214616 0.99999 0.0038959 -11.3135 0.381648 -0.00442009 0.924297 147.871 
0.934173 0.001199 -0.356819 -133.881 -0.00092504 0.999999 0.000938439 -11.3268 0.35682 -0.000546592 0.934173 149.753 
0.947041 0.0115953 -0.320904 -134.621 -0.0106114 0.999932 0.00481495 -11.3422 0.320938 -0.00115474 0.9471 151.688 
0.95976 0.014804 -0.280432 -135.268 -0.013341 0.999886 0.00712517 -11.3697 0.280505 -0.00309721 0.959848 153.705 
0.97126 0.0174581 -0.237381 -135.825 -0.0151889 0.99982 0.0113849 -11.3895 0.237537 -0.00745213 0.97135 155.804 
0.980975 0.0194261 -0.19316 -136.293 -0.0160871 0.999693 0.0188399 -11.3899 0.193467 -0.0153741 0.980986 157.957 
0.988584 0.0218304 -0.149082 -136.665 -0.0187547 0.999582 0.0220058 -11.3807 0.1495 -0.0189586 0.98858 160.195 
0.994161 0.0219462 -0.105652 -136.972 -0.0201048 0.999627 0.0184625 -11.3452 0.106018 -0.0162306 0.994232 162.488 
0.997637 0.0212702 -0.065335 -137.166 -0.0198963 0.999569 0.021608 -11.3106 0.0657664 -0.0202571 0.997629 164.86 
0.999413 0.0237117 -0.0247172 -137.278 -0.023148 0.999471 0.0228516 -11.2824 0.025246 -0.0222661 0.999433 167.285 
0.999533 0.0258936 0.0162573 -137.281 -0.0262606 0.999395 0.0227855 -11.2536 -0.0156574 -0.0232018 0.999608 169.748 
0.997982 0.0283268 0.0568241 -137.219 -0.0294405 0.999389 0.0188583 -11.2238 -0.0562552 -0.0204932 0.998206 172.244 
0.99483 0.0323929 0.0962508 -137.044 -0.0338872 0.999329 0.0139302 -11.2009 -0.095735 -0.0171198 0.99526 174.797 
0.990587 0.0329961 0.132848 -136.763 -0.0339908 0.999408 0.00522535 -11.2011 -0.132597 -0.00969176 0.991123 177.352 
0.984941 0.0376719 0.168737 -136.411 -0.0371015 0.99929 -0.00653305 -11.2377 -0.168864 0.000174262 0.985639 179.959 
0.97771 0.0437386 0.205355 -135.954 -0.0417845 0.999031 -0.0138446 -11.2957 -0.205761 0.00495538 0.97859 182.587 
0.970074 0.0399621 0.239498 -135.432 -0.0376542 0.99919 -0.0142059 -11.3809 -0.239872 0.00476268 0.970793 185.262 
0.961504 0.039924 0.271876 -134.714 -0.0346942 0.999109 -0.0240176 -11.4662 -0.272592 0.0136605 0.962033 187.926 
0.950941 0.0447777 0.306114 -133.925 -0.0390278 0.998928 -0.0248816 -11.568 -0.3069 0.011714 0.95167 190.626 
0.938486 0.050527 0.341601 -133.036 -0.0419964 0.998595 -0.0323271 -11.6768 -0.342754 0.0159925 0.939289 193.322 
0.92554 0.0513239 0.375155 -131.976 -0.0389854 0.998422 -0.0404108 -11.8063 -0.376637 0.0227763 0.926081 195.999 
0.907588 0.0581794 0.415811 -130.902 -0.0409233 0.997895 -0.0503002 -11.9743 -0.417863 0.0286355 0.908059 198.7 
0.88328 0.0666153 0.464089 -129.639 -0.0470254 0.997451 -0.0536726 -12.2108 -0.466482 0.0255839 0.884161 201.284 
0.855338 0.0744459 0.512693 -128.194 -0.0504174 0.996886 -0.0606409 -12.4231 -0.515611 0.0260198 0.856428 203.88 
0.825954 0.0773843 0.558401 -126.589 -0.0491197 0.996645 -0.0654622 -12.6656 -0.561593 0.0266403 0.826984 206.402 
0.795531 0.0811971 0.600448 -124.795 -0.0448437 0.996153 -0.075294 -12.9414 -0.604252 0.0329724 0.796111 208.809 
0.763976 0.0848466 0.639642 -122.922 -0.0418443 0.995745 -0.0821045 -13.2213 -0.643886 0.0359605 0.764276 211.194 
0.735624 0.0839621 0.672167 -120.902 -0.0358051 0.995721 -0.0851927 -13.5284 -0.676443 0.0386028 0.735482 213.397 
0.707298 0.0852542 0.701756 -118.789 -0.0295977 0.995402 -0.0910969 -13.8394 -0.706296 0.0436623 0.706569 215.583 
0.676431 0.09078 0.73089 -116.637 -0.0268661 0.994756 -0.0986891 -14.1529 -0.736016 0.0471202 0.675323 217.768 
0.644033 0.0940525 0.759194 -114.359 -0.0274526 0.994616 -0.0999293 -14.4969 -0.764505 0.043516 0.643148 219.821 
0.610118 0.0949125 0.786605 -112.01 -0.0299799 0.994854 -0.0967865 -14.8534 -0.791743 0.0354688 0.609824 221.767 
0.574958 0.0992727 0.812138 -109.618 -0.0320217 0.994582 -0.098904 -15.1997 -0.817556 0.0308595 0.575021 223.567 
0.538678 0.102074 0.836306 -107.185 -0.0321109 0.9944 -0.100687 -15.5499 -0.8419 0.0273834 0.538939 225.215 
0.497029 0.0993072 0.862033 -104.71 -0.0326229 0.994866 -0.0958001 -15.9012 -0.867121 0.0194934 0.497717 226.725 
0.455362 0.0968398 0.885024 -102.221 -0.03131 0.995194 -0.0927851 -16.2372 -0.889755 0.0145407 0.456206 228.082 
0.413752 0.0957248 0.905343 -99.7163 -0.0277357 0.99532 -0.0925628 -16.559 -0.909967 0.0131877 0.414471 229.322 
0.372509 0.0954484 0.923107 -97.2021 -0.0206456 0.995303 -0.0945821 -16.8713 -0.927799 0.0161746 0.37273 230.428 
0.331114 0.0936333 0.938934 -94.6938 -0.0173916 0.995501 -0.0931413 -17.1779 -0.94343 0.0145108 0.331253 231.401 
0.29212 0.10744 0.950328 -92.2097 -0.0184735 0.994118 -0.106712 -17.4927 -0.956203 0.0136169 0.292387 232.24 
0.253835 0.118863 0.959916 -89.7468 -0.0220686 0.992874 -0.117108 -17.8342 -0.966996 0.0085421 0.254649 232.95 
0.215062 0.120179 0.969178 -87.2912 -0.0279823 0.99275 -0.116893 -18.1871 -0.976199 -0.00198062 0.216866 233.521 
0.176818 0.119103 0.977011 -84.8596 -0.0295687 0.992846 -0.115682 -18.5166 -0.983799 -0.00843425 0.179075 234.041 
0.140554 0.119694 0.982811 -82.4433 -0.0276753 0.992753 -0.116947 -18.8467 -0.989686 -0.0107623 0.142848 234.435 
0.10298 0.124901 0.98681 -80.0653 -0.0307312 0.992011 -0.122352 -19.1732 -0.994209 -0.017726 0.105996 234.748 
0.0701873 0.117662 0.99057 -77.7198 -0.0287766 0.992845 -0.115894 -19.4962 -0.997119 -0.020371 0.0730711 234.988 
0.0563635 0.113466 0.991942 -76.5401 -0.0281159 0.993308 -0.112025 -19.6574 -0.998014 -0.0215753 0.0591765 235.063 
0.0435577 0.109949 0.992982 -75.412 -0.0258547 0.993717 -0.108897 -19.8086 -0.998716 -0.0209299 0.0461267 235.134 
0.024896 0.112669 0.993321 -73.169 -0.0254194 0.993379 -0.112039 -20.0974 -0.999367 -0.0224603 0.0275951 235.217 
0.0123027 0.118391 0.992891 -70.9717 -0.0272429 0.992637 -0.118023 -20.3937 -0.999553 -0.0255972 0.0154374 235.275 
0.0022492 0.12989 0.991526 -68.8329 -0.0285607 0.991132 -0.129774 -20.6913 -0.99959 -0.0280268 0.005939 235.304 
-0.00390967 0.111905 0.993711 -66.6982 -0.026506 0.993358 -0.111969 -20.9866 -0.999641 -0.0267771 -0.000917555 235.317 
-0.00481069 0.110437 0.993871 -64.6154 -0.0262676 0.993526 -0.110526 -21.2477 -0.999643 -0.0266383 -0.00187863 235.32 
-0.00277423 0.115906 0.993256 -62.5726 -0.0286358 0.992844 -0.115938 -21.5185 -0.999586 -0.0287643 0.000564683 235.336 
0.00188174 0.118436 0.99296 -60.5473 -0.0327126 0.992438 -0.118312 -21.7866 -0.999463 -0.0322596 0.00574186 235.369 
0.010544 0.120418 0.992667 -58.5503 -0.0366683 0.992101 -0.119959 -22.0585 -0.999272 -0.0351345 0.0148762 235.417 
0.0166092 0.119205 0.992731 -57.5516 -0.0378574 0.992231 -0.118512 -22.1956 -0.999145 -0.0356138 0.0209929 235.447 
0.0303172 0.11711 0.992656 -55.5629 -0.0355832 0.992609 -0.116018 -22.4614 -0.998907 -0.0318045 0.0342603 235.52 
0.0445005 0.117814 0.992038 -53.6013 -0.0355808 0.992579 -0.116282 -22.7235 -0.998376 -0.0301229 0.0483622 235.609 
0.0507514 0.117105 0.991822 -52.622 -0.0372559 0.992632 -0.115295 -22.8441 -0.998016 -0.0310998 0.0547403 235.68 
0.0642172 0.113418 0.99147 -50.6662 -0.0379066 0.993081 -0.111147 -23.0959 -0.997216 -0.0304457 0.0680721 235.828 
0.0775611 0.116426 0.990166 -48.7397 -0.0385368 0.992766 -0.113713 -23.3378 -0.996243 -0.0293381 0.0814867 236 
0.0899238 0.120196 0.988669 -46.8199 -0.0413666 0.992285 -0.116873 -23.5807 -0.995089 -0.0303883 0.0942021 236.21 
0.103104 0.121094 0.987272 -44.9124 -0.0444373 0.992131 -0.117049 -23.8175 -0.993677 -0.0318034 0.107674 236.434 
0.114988 0.117517 0.986391 -43.0104 -0.0464363 0.992528 -0.112835 -24.064 -0.992281 -0.0328296 0.119586 236.686 
0.129075 0.118275 0.984556 -41.124 -0.0463423 0.992496 -0.113153 -24.3057 -0.990551 -0.0310213 0.133587 236.945 
0.144524 0.120144 0.98218 -39.2534 -0.0436991 0.992408 -0.114965 -24.5508 -0.988536 -0.0263052 0.148677 237.236 
0.164458 0.12403 0.978555 -37.4043 -0.0436169 0.992007 -0.118404 -24.7881 -0.985419 -0.023209 0.168553 237.552 
0.176714 0.121319 0.976757 -35.5695 -0.0478222 0.992261 -0.114592 -25.0317 -0.9831 -0.0264605 0.181148 237.92 
0.182939 0.123751 0.975305 -33.7189 -0.0505752 0.991917 -0.116373 -25.2707 -0.981823 -0.0280372 0.187719 238.288 
0.188947 0.124624 0.974047 -31.8499 -0.0491435 0.991871 -0.117372 -25.5122 -0.980757 -0.0256911 0.193536 238.664 
0.19622 0.125054 0.972553 -29.964 -0.0462286 0.991911 -0.118216 -25.7601 -0.979469 -0.0217634 0.200414 239.05 
0.203048 0.123549 0.971343 -28.0699 -0.0455226 0.992126 -0.116676 -26.0111 -0.97811 -0.0205272 0.207074 239.484 
0.2113 0.118351 0.97023 -26.1621 -0.0418492 0.992827 -0.111993 -26.2579 -0.976525 -0.0169392 0.214737 239.912 
0.223659 0.122075 0.966992 -24.2447 -0.0396111 0.992444 -0.116127 -26.4955 -0.973862 -0.0123308 0.226805 240.351 
0.237913 0.120005 0.963845 -22.3313 -0.0383838 0.992725 -0.114126 -26.7537 -0.970528 -0.00984396 0.240788 240.824 
0.256641 0.11943 0.959099 -20.4186 -0.0355288 0.992831 -0.114124 -27.0063 -0.965853 -0.00478669 0.259045 241.304 
0.279394 0.119127 0.952758 -18.5259 -0.0318413 0.992878 -0.114806 -27.245 -0.959648 0.00173899 0.281197 241.825 
0.300225 0.116081 0.946779 -16.6587 -0.0336787 0.993239 -0.111098 -27.485 -0.953274 0.00146805 0.302104 242.433 
0.320651 0.120316 0.939525 -14.8117 -0.0389098 0.992736 -0.113851 -27.7314 -0.946398 -5.02529e-05 0.323003 243.096 
0.338808 0.121566 0.932969 -12.9937 -0.0461528 0.992571 -0.112572 -27.9674 -0.939723 -0.00491872 0.341902 243.822 
0.355841 0.119084 0.926928 -11.1622 -0.0478559 0.992869 -0.109184 -28.2133 -0.93332 -0.00550683 0.359003 244.522 
0.371415 0.116902 0.921078 -9.34438 -0.0500552 0.99312 -0.105861 -28.4515 -0.927117 -0.00678642 0.374711 245.258 
0.387945 0.118271 0.914063 -7.55143 -0.0514724 0.992965 -0.106635 -28.6868 -0.920244 -0.00568057 0.391304 246.002 
0.403594 0.119621 0.907085 -5.78913 -0.0542117 0.992801 -0.106804 -28.9144 -0.913331 -0.006069 0.407174 246.802 
0.420915 0.116031 0.899649 -4.0586 -0.0545265 0.993228 -0.10259 -29.1483 -0.90546 -0.00587319 0.424391 247.625 
0.436982 0.109977 0.892722 -2.35491 -0.0545616 0.99391 -0.0957348 -29.3604 -0.897814 -0.00687391 0.440322 248.494 
0.453448 0.110084 0.884458 -0.688513 -0.058252 0.993882 -0.0938383 -29.5633 -0.889377 -0.00897061 0.457087 249.368 
0.468337 0.108991 0.876802 0.944519 -0.0612869 0.99398 -0.0908214 -29.756 -0.881422 -0.0112014 0.472197 250.302 
0.485583 0.108849 0.867387 2.57037 -0.062263 0.994004 -0.0898824 -29.9626 -0.87197 -0.0103607 0.489449 251.212 
0.499548 0.108791 0.859428 4.14478 -0.062962 0.994019 -0.0892313 -30.1392 -0.863995 -0.00953596 0.50341 252.207 
0.515333 0.103379 0.850732 5.74923 -0.0627578 0.994585 -0.0828436 -30.3399 -0.854689 -0.010698 0.51903 253.16 
0.526917 0.0979328 0.844256 7.35665 -0.0632319 0.995103 -0.0759666 -30.5293 -0.847561 -0.0133558 0.530529 254.125 
0.532613 0.0920037 0.841344 8.94963 -0.0629365 0.995627 -0.0690331 -30.6931 -0.844016 -0.0161833 0.536074 255.163 
0.535635 0.0912847 0.839501 10.5352 -0.0634553 0.99568 -0.0677802 -30.8534 -0.842062 -0.0169654 0.539113 256.212 
0.536779 0.093386 0.838539 11.3223 -0.0642257 0.995495 -0.0697525 -30.9308 -0.841275 -0.0164141 0.540359 256.744 
0.539853 0.0922473 0.836689 12.9092 -0.0631142 0.995615 -0.0690465 -31.0841 -0.83939 -0.015532 0.543308 257.808 
0.5427 0.0863882 0.835472 14.5142 -0.0605425 0.996133 -0.0636738 -31.2403 -0.837742 -0.0160257 0.545832 258.869 
0.543178 0.0843988 0.835365 15.3102 -0.0608807 0.996275 -0.0610696 -31.3119 -0.837407 -0.017686 0.546293 259.409 
0.544461 0.0811989 0.834847 16.1178 -0.0610081 0.996501 -0.0571342 -31.3821 -0.836565 -0.0198252 0.547509 259.943 
0.545497 0.0811574 0.834174 17.7308 -0.0630089 0.996455 -0.0557421 -31.5209 -0.835741 -0.0221532 0.548677 261.013 
0.545417 0.0816498 0.834179 18.5338 -0.0645022 0.996381 -0.0553524 -31.588 -0.83568 -0.0236163 0.548709 261.56 
0.546358 0.079068 0.833811 19.352 -0.0634305 0.996581 -0.0529399 -31.6553 -0.835146 -0.0239649 0.549506 262.094 
0.546704 0.0761992 0.833851 20.1505 -0.0626912 0.99678 -0.0499853 -31.7256 -0.834975 -0.0249479 0.549721 262.667 
0.54748 0.0731258 0.833618 20.9668 -0.061279 0.997003 -0.0472131 -31.7791 -0.834572 -0.025235 0.550321 263.219 
0.548862 0.0716147 0.83284 21.7898 -0.0603268 0.997119 -0.045984 -31.8366 -0.833734 -0.0250037 0.551601 263.758 
0.550172 0.0715276 0.831983 22.6059 -0.0618762 0.997078 -0.0448039 -31.8959 -0.832756 -0.0268301 0.55299 264.307 
0.556054 0.0672961 0.828418 24.2633 -0.0607674 0.997341 -0.04023 -32.0009 -0.828922 -0.0279708 0.558664 265.361 
0.560801 0.0648648 0.825406 25.8717 -0.0599926 0.997489 -0.0376276 -32.1076 -0.825774 -0.0284167 0.563284 266.481 
0.566408 0.060087 0.821932 27.4683 -0.0586712 0.997748 -0.0325086 -32.2016 -0.822034 -0.0298106 0.568658 267.614 
0.571505 0.0554994 0.81872 28.2761 -0.0552964 0.998047 -0.0290562 -32.2516 -0.818733 -0.0286665 0.573458 268.175 
0.577903 0.0530443 0.81438 29.0687 -0.0527625 0.998226 -0.0275775 -32.2933 -0.814398 -0.0270316 0.579677 268.744 
0.583618 0.0518299 0.810373 29.8533 -0.0509853 0.998331 -0.0271326 -32.3335 -0.810426 -0.025482 0.585286 269.324 
0.589848 0.0525543 0.805803 30.6338 -0.0519942 0.998281 -0.0270479 -32.3818 -0.805839 -0.0259429 0.591566 269.901 
0.595626 0.0519375 0.801581 31.4162 -0.051513 0.998323 -0.0264078 -32.4239 -0.801608 -0.0255627 0.597303 270.501 
0.602278 0.0498342 0.79673 32.1784 -0.0524205 0.998364 -0.0228195 -32.459 -0.796564 -0.0280213 0.603905 271.086 
0.608767 0.0462539 0.791999 32.9397 -0.0508315 0.998522 -0.0192437 -32.4943 -0.791719 -0.0285436 0.610219 271.701 
0.625104 0.0451121 0.779237 34.4725 -0.0487338 0.998636 -0.0187195 -32.5558 -0.779019 -0.0262735 0.62645 272.903 
0.643166 0.0430157 0.764517 35.9701 -0.0458651 0.998792 -0.0176122 -32.6244 -0.764352 -0.0237371 0.644363 274.176 
0.660888 0.039819 0.749427 37.4463 -0.0454489 0.998882 -0.0129937 -32.687 -0.749107 -0.0254733 0.661959 275.506 
0.678864 0.0383114 0.733264 38.9194 -0.0471824 0.99885 -0.00850571 -32.7416 -0.732747 -0.028823 0.679891 276.848 
0.697086 0.0316055 0.716291 40.3735 -0.0449089 0.998991 -0.00037451 -32.7816 -0.71558 -0.0319068 0.697802 278.236 
0.714686 0.0220644 0.699097 41.8084 -0.0389633 0.999206 0.00829585 -32.8063 -0.698359 -0.033168 0.714979 279.683 
0.733689 0.0164205 0.679287 43.213 -0.0316906 0.999447 0.0100688 -32.8266 -0.678746 -0.0289143 0.733803 281.188 
0.752626 0.0105397 0.658364 44.5836 -0.0281033 0.999475 0.0161265 -32.8313 -0.657848 -0.0306394 0.752527 282.743 
0.761832 0.00741375 0.647732 45.2554 -0.0258221 0.999487 0.0189309 -32.828 -0.64726 -0.0311479 0.761633 283.541 
0.779711 0.00256945 0.626134 46.5742 -0.0216776 0.999503 0.022893 -32.8177 -0.625764 -0.031423 0.779379 285.182 
0.795796 0.00272692 0.605559 47.8457 -0.0226721 0.999423 0.025294 -32.8005 -0.60514 -0.0338582 0.795399 286.877 
0.80222 0.00539824 0.597005 48.4635 -0.025899 0.999332 0.0257654 -32.7883 -0.596467 -0.0361314 0.801824 287.746 
0.81368 0.0100111 0.581227 49.7041 -0.0309311 0.999181 0.0260915 -32.7669 -0.580489 -0.0392082 0.813323 289.494 
0.824337 0.0139739 0.565927 50.9199 -0.0359663 0.998968 0.0277224 -32.7383 -0.564956 -0.0432069 0.823989 291.285 
0.829953 0.0130545 0.557681 51.5371 -0.0372216 0.998794 0.0320137 -32.722 -0.556591 -0.0473276 0.829438 292.185 
0.834668 0.0151037 0.550546 52.1322 -0.0404545 0.998605 0.0339362 -32.7004 -0.549266 -0.0505975 0.834115 293.1 
0.83883 0.017106 0.544124 52.7232 -0.0430389 0.998462 0.0349601 -32.682 -0.542689 -0.0527441 0.838276 294.025 
0.842104 0.0202884 0.538933 53.2955 -0.0483627 0.998107 0.0379943 -32.6603 -0.537142 -0.0580595 0.841491 294.966 
0.844888 0.0219715 0.534492 53.8742 -0.0505017 0.99797 0.0388058 -32.632 -0.532554 -0.0597792 0.844282 295.907 
0.846566 0.026539 0.531621 54.4503 -0.0530365 0.997992 0.034636 -32.6097 -0.529634 -0.057517 0.846274 296.852 
0.848377 0.0368385 0.52811 55.618 -0.0585555 0.997985 0.0244512 -32.574 -0.526144 -0.0516675 0.848824 298.739 
0.848846 0.0380259 0.52727 56.1974 -0.0599686 0.997898 0.024576 -32.569 -0.525227 -0.0524809 0.849342 299.7 
0.849632 0.0358431 0.526157 56.7808 -0.0580933 0.997977 0.0258237 -32.5527 -0.524167 -0.0525068 0.849995 300.666 
0.850389 0.0343476 0.525032 57.9398 -0.0566926 0.998039 0.0265327 -32.5382 -0.523091 -0.0523286 0.850669 302.604 
0.851716 0.034354 0.522877 59.1286 -0.0553847 0.998161 0.0246351 -32.519 -0.521069 -0.0499415 0.852052 304.542 
0.854539 0.0320468 0.518398 60.3287 -0.0522909 0.998332 0.0244819 -32.4991 -0.516748 -0.0480282 0.854789 306.486 
0.860991 0.0290788 0.507788 61.5128 -0.0490777 0.998456 0.0260375 -32.4788 -0.506246 -0.0473391 0.861089 308.439 
0.870932 0.0264161 0.490693 62.6275 -0.0454824 0.998601 0.0269678 -32.4603 -0.489294 -0.045805 0.870915 310.43 
0.882839 0.0275254 0.468868 63.7006 -0.0460188 0.998547 0.0280287 -32.443 -0.467415 -0.0463216 0.882824 312.449 
0.895009 0.0281291 0.445161 64.7131 -0.0469604 0.998405 0.0313273 -32.414 -0.44357 -0.0489432 0.894902 314.485 
0.906879 0.0259351 0.420591 65.6771 -0.0444871 0.998419 0.034357 -32.3877 -0.419035 -0.0498686 0.906599 316.529 
0.917784 0.0276825 0.396114 66.5545 -0.0457047 0.998301 0.0361301 -32.3514 -0.394441 -0.0512639 0.91749 318.598 
0.927628 0.035168 0.371847 67.3556 -0.0518354 0.998045 0.0349193 -32.3028 -0.369892 -0.0516669 0.927637 320.684 
0.934881 0.0439184 0.352234 68.1273 -0.0603599 0.997534 0.0358261 -32.2682 -0.349792 -0.0547539 0.935226 322.772 
0.939319 0.0450303 0.340076 68.876 -0.0608737 0.997494 0.0360579 -32.2287 -0.3376 -0.0545716 0.939707 324.86 
0.942696 0.0416417 0.331044 69.6021 -0.0566564 0.997751 0.0358313 -32.1876 -0.328807 -0.0525338 0.942935 326.954 
0.946404 0.0379558 0.320749 70.3051 -0.0517291 0.998064 0.0345263 -32.1532 -0.318817 -0.0492678 0.946535 329.046 
0.948037 0.0377819 0.315908 70.6412 -0.0507122 0.998174 0.0328076 -32.1343 -0.314092 -0.0471232 0.948222 330.094 
0.949857 0.0389044 0.310256 70.9789 -0.0510752 0.998207 0.0311983 -32.1145 -0.308486 -0.0454803 0.950141 331.144 
0.953993 0.0401019 0.297134 71.6247 -0.0520109 0.998125 0.0322795 -32.0858 -0.295282 -0.0462486 0.95429 333.249 
0.957833 0.0412569 0.284348 72.2293 -0.0543503 0.997787 0.0383082 -32.0429 -0.282138 -0.0521472 0.957955 335.365 
0.960692 0.0392851 0.274823 72.7969 -0.0505351 0.998144 0.0339727 -32.0061 -0.272978 -0.0465255 0.960895 337.466 
0.962555 0.0352262 0.26879 73.3835 -0.045667 0.998422 0.0326887 -31.9705 -0.267214 -0.0437394 0.962644 339.548 
0.960604 0.0408325 0.274905 73.9298 -0.0525 0.998 0.0352153 -31.9408 -0.272917 -0.0482605 0.960826 341.607 
0.953262 0.0489738 0.29815 74.4659 -0.0622003 0.997449 0.0350302 -31.902 -0.295674 -0.051938 0.953876 343.61 
0.946123 0.0477133 0.320273 75.0574 -0.0623464 0.99742 0.0355859 -31.8743 -0.317749 -0.0536365 0.946657 345.535 
0.941674 0.0460407 0.333362 75.685 -0.0609814 0.997543 0.0344879 -31.8511 -0.330955 -0.0528053 0.942168 347.391 
0.940385 0.0449518 0.337127 76.2956 -0.0583776 0.99785 0.0297877 -31.8234 -0.335063 -0.0476925 0.940988 349.192 
0.944312 0.0399839 0.326614 76.9248 -0.0522962 0.99821 0.0289995 -31.8048 -0.32487 -0.0444652 0.944713 350.98 
0.951846 0.0331324 0.304781 77.5166 -0.0438416 0.998636 0.028359 -31.7857 -0.303426 -0.0403555 0.952 352.762 
0.960983 0.0288607 0.275096 78.0143 -0.0385597 0.998808 0.0299132 -31.7724 -0.273905 -0.0393537 0.960951 354.566 
0.971854 0.0224753 0.234509 78.4585 -0.0302379 0.999106 0.0295582 -31.7534 -0.233635 -0.0358173 0.971664 356.366 
0.982183 0.0225294 0.186572 78.8146 -0.0282836 0.999201 0.0282373 -31.7296 -0.185786 -0.0330111 0.982035 358.179 
0.990933 0.0218432 0.132571 79.0582 -0.0252699 0.999387 0.0242208 -31.7126 -0.131961 -0.0273513 0.990878 359.986 
0.994317 0.0246017 0.103583 79.1378 -0.0271742 0.999355 0.0234973 -31.7026 -0.102938 -0.0261785 0.994343 360.908 
0.998857 0.0222848 0.0422751 79.2297 -0.0233707 0.999405 0.0253676 -31.702 -0.0416847 -0.0263266 0.998784 362.734 
0.999552 0.0230333 -0.0190903 79.1882 -0.0225932 0.999481 0.022954 -31.6767 0.0196091 -0.0225124 0.999554 364.562 
0.996922 0.0270346 -0.0735972 79.0334 -0.0256571 0.999479 0.0195986 -31.6638 0.0740887 -0.01765 0.997095 366.41 
0.993158 0.0376381 -0.110544 78.7886 -0.0352724 0.999107 0.0232788 -31.643 0.111321 -0.0192204 0.993599 368.25 
0.990825 0.0469782 -0.126722 78.511 -0.043674 0.998633 0.0287294 -31.6178 0.127898 -0.0229314 0.991522 370.109 
0.990184 0.050925 -0.13016 78.2368 -0.049111 0.998647 0.0171108 -31.5925 0.130856 -0.0105506 0.991345 372 
0.990715 0.0527843 -0.125293 77.9666 -0.0512043 0.998563 0.0158001 -31.5826 0.125947 -0.00923785 0.991994 373.941 
0.991624 0.0501544 -0.119019 77.7043 -0.0488288 0.998709 0.0140299 -31.5758 0.119569 -0.00810081 0.992793 375.913 
0.992392 0.0449266 -0.114631 77.4602 -0.0447127 0.99899 0.00443847 -31.5847 0.114715 0.000720755 0.993398 377.926 
0.992817 0.0430425 -0.111631 77.208 -0.0429219 0.999072 0.00348492 -31.5964 0.111677 0.00133151 0.993744 379.992 
0.992769 0.0472522 -0.110345 76.9422 -0.04676 0.998881 0.00704594 -31.6084 0.110554 -0.00183527 0.993868 382.107 
0.992664 0.0488161 -0.110611 76.8176 -0.0483418 0.998807 0.006967 -31.6109 0.110819 -0.00156876 0.993839 383.18 
0.992527 0.0509802 -0.110867 76.6855 -0.0505606 0.998699 0.00659522 -31.6124 0.111059 -0.000940405 0.993813 384.262 
0.992287 0.0511731 -0.112904 76.4289 -0.0510603 0.998688 0.00389265 -31.6139 0.112955 0.00190227 0.993598 386.443 
0.992004 0.0466445 -0.117271 76.152 -0.0471315 0.998888 -0.00138106 -31.6325 0.117076 0.00689717 0.993099 388.653 
0.990972 0.0380514 -0.128552 75.8574 -0.0383105 0.999266 0.000457315 -31.6654 0.128475 0.00447171 0.991703 390.878 
0.989818 0.0337709 -0.138271 75.7109 -0.0339908 0.999422 0.00077118 -31.6825 0.138217 0.00393662 0.990394 391.989 
0.986928 0.026878 -0.158908 75.3786 -0.0275443 0.999619 -0.00199198 -31.7265 0.158794 0.00634295 0.987291 394.21 
0.983727 0.0248901 -0.177938 74.9721 -0.0257711 0.999664 -0.00264172 -31.7664 0.177812 0.00718439 0.984038 396.414 
0.980229 0.024385 -0.196359 74.5339 -0.0251482 0.999683 -0.00139393 -31.8084 0.196262 0.00630444 0.980531 398.613 
0.976659 0.0257386 -0.21325 74.0472 -0.0273419 0.999616 -0.004572 -31.8493 0.21305 0.0102959 0.976987 400.785 
0.973165 0.025519 -0.228691 73.5302 -0.0276099 0.999601 -0.00594759 -31.9003 0.228448 0.0121021 0.973481 402.932 
0.970077 0.0229717 -0.241707 72.9883 -0.0254606 0.99965 -0.00717873 -31.9526 0.241457 0.0131179 0.970323 405.063 
0.967078 0.0148486 -0.254048 72.4491 -0.0188542 0.999733 -0.0133394 -32.0096 0.253782 0.0176901 0.9671 407.181 
0.965699 0.00840254 -0.259529 72.1664 -0.0137123 0.999732 -0.0186555 -32.0349 0.259302 0.0215743 0.965555 408.237 
0.962632 0.00397011 -0.270784 71.5716 -0.0087361 0.999827 -0.0163977 -32.0955 0.270672 0.0181505 0.962501 410.353 
0.960301 0.00224436 -0.278956 70.9609 -0.00707014 0.999842 -0.0162945 -32.16 0.278875 0.0176199 0.960166 412.47 
0.958718 0.00307338 -0.284343 70.3155 -0.00724051 0.999881 -0.0136054 -32.225 0.284267 0.0151025 0.958626 414.588 
0.958094 0.00204807 -0.286447 70.0045 -0.00502818 0.999941 -0.00966853 -32.2548 0.28641 0.0107037 0.958047 415.654 
0.957932 -0.00121651 -0.286992 69.6758 -0.0010232 0.99997 -0.00765397 -32.2801 0.286993 0.00762563 0.957902 416.712 
0.957514 -0.00620977 -0.288319 69.3653 0.00404279 0.999959 -0.00811074 -32.2947 0.288358 0.00660053 0.9575 417.776 
0.957082 -0.0106335 -0.289623 69.0448 0.00904234 0.999936 -0.00683156 -32.3195 0.289677 0.00391949 0.957116 418.844 
0.956586 -0.0145967 -0.291084 68.7251 0.0128485 0.999886 -0.00791648 -32.3445 0.291166 0.00383281 0.956665 419.913 
0.956008 -0.0189823 -0.292725 68.0573 0.0173378 0.999816 -0.00821167 -32.3921 0.292827 0.0027752 0.956161 422.052 
0.955541 -0.0190023 -0.294244 67.3704 0.0182923 0.999819 -0.00516511 -32.4439 0.294289 -0.000446922 0.955716 424.19 
0.954898 -0.0147923 -0.296566 66.6945 0.0154795 0.99988 -3.10014e-05 -32.4894 0.296531 -0.00456109 0.955012 426.33 
0.954797 -0.0115854 -0.297033 66.3528 0.0128412 0.999915 0.00227679 -32.5084 0.296981 -0.00598813 0.954865 427.395 
0.955271 -0.00741161 -0.29564 65.6672 0.00917242 0.999947 0.00456952 -32.5274 0.295591 -0.00707686 0.955289 429.513 
0.956384 -0.00597301 -0.29205 64.9917 0.00891305 0.999922 0.00873736 -32.5449 0.291975 -0.0109593 0.956363 431.636 
0.957117 -0.00345145 -0.289681 64.3485 0.00761517 0.999883 0.0132476 -32.558 0.289601 -0.0148854 0.957032 433.751 
0.958112 -0.00102472 -0.286393 63.693 0.00539115 0.999881 0.0144582 -32.5611 0.286344 -0.0153965 0.958003 435.854 
0.95882 -0.00273281 -0.284002 63.0671 0.00733703 0.999858 0.0151494 -32.5594 0.283921 -0.0166093 0.958704 437.945 
0.959305 -0.00498098 -0.282328 62.4618 0.0114509 0.999708 0.021271 -32.5589 0.28214 -0.0236383 0.959082 440.032 
0.959998 -0.00700141 -0.279918 61.836 0.0139509 0.999642 0.0228423 -32.553 0.279658 -0.0258337 0.959752 442.091 
0.960403 -0.0121594 -0.278348 61.238 0.0193565 0.999545 0.0231228 -32.5435 0.277941 -0.0275951 0.960202 444.13 
0.960349 -0.0183292 -0.278198 60.6378 0.0254141 0.999437 0.0218818 -32.5325 0.27764 -0.0280843 0.960275 446.147 
0.960459 -0.019285 -0.277753 60.044 0.0272299 0.999322 0.0247748 -32.5312 0.277087 -0.0313583 0.960333 448.149 
0.960247 -0.0188516 -0.278515 59.4635 0.027793 0.999216 0.02819 -32.5164 0.277766 -0.0348101 0.960018 450.13 
0.960183 -0.0190224 -0.278723 58.8776 0.0277498 0.999239 0.0274001 -32.5018 0.277989 -0.0340436 0.959981 452.076 
0.959972 -0.0189771 -0.279453 58.2985 0.0285213 0.999139 0.0301264 -32.4848 0.278641 -0.0368909 0.959687 454.012 
0.959442 -0.0203202 -0.281173 57.7422 0.0303913 0.999041 0.0315035 -32.4689 0.280264 -0.038771 0.95914 455.925 
0.959616 -0.0167511 -0.280814 57.1619 0.0270005 0.999101 0.0326697 -32.4519 0.280014 -0.0389325 0.959206 457.815 
0.959966 -0.0133558 -0.279797 56.5854 0.0244733 0.999042 0.0362781 -32.4233 0.279045 -0.0416734 0.959373 459.687 
0.95998 -0.0111058 -0.279849 56.0371 0.0235122 0.998882 0.0410143 -32.3887 0.279081 -0.0459528 0.959167 461.544 
0.959524 -0.0103965 -0.281434 55.4835 0.0250843 0.998501 0.0486368 -32.3407 0.280507 -0.0537278 0.958347 463.388 
0.958298 -0.0114053 -0.285545 54.9304 0.0279118 0.998161 0.0538043 -32.281 0.284406 -0.0595306 0.956854 465.221 
